* Impulse Response data saved by REW V5.20 Beta 12
* IR is normalised
* IR window has been applied
* IR is not the min phase version
* Source: Microfone (E-MU 0404 | USB), no input selected, Left channel, volume: no control
* Dated: 29/06/2017 15:29:19
* Measurement: jun 29 15:29:19
* Excitation:  128k Log Swept Sine, 1 sweep at -14,0 dBFS  Using a loopback as a timing reference
* Response measured over: 1,8 to 20.000,2 Hz
0.013041876256465912 // Peak value before normalisation
6003 // Peak index
6217 // Response length
2.0833333333333333E-5 // Sample interval (seconds)
-0.125 // Start time (seconds)
* Data start
-0.0
-8.8591356E-11
-8.3284146E-10
-7.128501E-10
-1.1829319E-9
-3.556206E-9
-2.8360352E-9
-4.6069157E-9
-1.0068231E-8
-1.6253429E-8
1.8262554E-9
-2.6734388E-9
1.9103613E-8
1.3252075E-8
8.249609E-9
2.5629834E-8
5.9358147E-8
3.0257E-8
6.584565E-8
3.9135024E-8
6.281088E-8
3.5907952E-8
1.0882197E-7
7.47751E-8
-1.530628E-9
-7.306479E-8
2.765941E-8
-3.2503458E-8
2.725411E-8
-5.2362704E-8
-8.682754E-8
-1.3223637E-7
-1.252798E-7
-2.0685648E-7
-1.1839485E-7
-2.1561569E-7
-2.8854407E-8
-2.0472946E-7
-1.0653468E-7
6.7683925E-9
-4.3702165E-8
9.2634394E-8
1.0406182E-7
4.4865035E-7
6.464497E-7
7.7979564E-7
4.8995133E-7
5.72311E-7
6.9120506E-7
4.776529E-7
5.404497E-7
4.6689993E-7
5.200949E-7
2.3099892E-7
2.2726398E-7
1.8479388E-7
1.09314584E-7
6.225777E-8
3.4209774E-7
-3.764259E-8
2.966121E-7
3.114797E-8
-2.2526608E-7
-6.355296E-8
3.7114E-7
3.172738E-7
1.3775907E-7
2.0088174E-7
9.3595634E-7
6.545714E-7
1.5237749E-6
1.3914272E-6
1.2770475E-6
7.302018E-7
1.2570513E-6
9.693474E-7
7.948866E-7
1.169346E-6
9.885251E-7
2.0620956E-7
7.522273E-7
7.173188E-7
7.932671E-8
1.0005574E-6
-7.8031763E-7
2.867601E-7
-4.442816E-7
-4.131751E-7
1.0062088E-7
-1.279225E-7
-1.4341866E-7
-4.4847158E-7
3.7645603E-7
-3.080173E-8
1.5925538E-6
7.991268E-8
1.1398964E-6
-9.085744E-7
-3.25119E-8
1.2732722E-6
4.9732E-7
7.4470535E-7
1.7121428E-6
7.7856316E-7
1.474099E-6
6.792618E-7
1.1771257E-6
-5.203082E-7
-1.2580428E-7
-6.187075E-8
-7.891003E-8
5.7073055E-7
-1.7809442E-6
-5.0885654E-7
-9.986567E-7
-2.8741064E-7
-4.845447E-7
1.4692408E-6
-6.226579E-7
9.281921E-7
3.2815234E-7
1.6164349E-6
-1.0150951E-6
1.0178598E-7
-8.7488374E-8
1.4745696E-6
-5.4596603E-7
5.445705E-7
7.704915E-7
5.484256E-8
-1.425073E-6
5.800329E-7
-2.23587E-6
-1.7208431E-6
5.307009E-7
-1.6983657E-6
-2.6560149E-6
-3.8843777E-6
-1.241283E-6
-5.113953E-6
-2.5118154E-6
-3.4125028E-6
-3.9093206E-6
-1.4802696E-6
-1.4884503E-6
-2.28643E-6
-4.5267944E-7
-1.2454686E-6
1.9980032E-6
2.3879388E-6
-5.903489E-7
2.8443694E-6
1.7562827E-6
1.470471E-6
5.280204E-7
5.74202E-7
-3.0341705E-6
2.2618442E-6
-1.3276848E-6
4.0029513E-6
6.005612E-7
9.931935E-7
-6.5008106E-7
-5.4461395E-9
-1.3440509E-6
1.7558284E-6
-1.5998742E-7
7.703292E-7
2.271867E-6
1.3229384E-6
-1.4235246E-7
2.4557526E-6
-5.172569E-7
5.7496086E-6
5.847227E-6
3.9372917E-6
5.0405124E-6
3.0130304E-6
2.3172686E-6
2.6290226E-7
2.818823E-6
1.661247E-6
4.0816753E-6
2.837206E-6
5.020396E-6
3.5509875E-6
3.1721418E-6
-3.5157097E-6
-4.073375E-6
9.2138464E-7
-2.8766613E-6
-1.8992037E-6
-5.3001245E-6
-2.83856E-6
-4.8347665E-6
1.1750147E-6
-2.2785548E-6
9.950231E-8
-3.3180827E-6
4.608717E-6
3.77039E-7
4.8376246E-6
5.916388E-6
5.9473923E-6
5.435375E-6
4.231842E-6
9.531492E-6
9.656476E-6
2.3347034E-6
7.442033E-6
5.022788E-6
6.0981292E-6
4.4965223E-6
2.1972626E-6
1.78168E-6
8.811723E-7
-3.221553E-7
-1.8812459E-7
-2.621216E-6
-6.8185113E-6
-8.879935E-6
-4.3599857E-6
-1.58579E-6
-4.5257013E-7
-5.119489E-6
1.9458234E-6
6.11672E-6
7.990691E-6
2.663487E-6
9.540134E-6
3.4588404E-6
6.1032265E-6
3.3488664E-6
1.0303039E-5
3.1914492E-6
4.394645E-6
1.6962714E-6
1.088765E-5
4.973996E-6
1.1516007E-5
4.863859E-6
3.2198266E-6
1.0076926E-5
2.1875533E-6
-1.5972428E-6
9.914514E-6
5.3553913E-6
1.2645747E-5
1.3756997E-5
8.5642205E-6
8.798179E-6
1.0876854E-5
6.875494E-6
6.3845723E-6
1.6192664E-5
8.918908E-6
1.8225608E-5
7.949233E-6
8.883884E-6
1.0871005E-5
8.175183E-6
-2.2498336E-6
7.0762408E-6
7.62838E-6
-5.5982156E-7
4.1117382E-6
-2.7662895E-6
4.2450134E-7
6.309997E-6
-9.804995E-7
-2.2770193E-6
-1.0444245E-6
5.1207603E-6
5.5851515E-6
-1.5881257E-6
7.465759E-6
-8.116704E-7
3.4553989E-6
1.2225327E-6
1.2922669E-5
5.104223E-6
1.8325349E-5
1.1278348E-5
2.2011107E-5
6.653338E-6
1.7941464E-5
1.6190725E-5
1.6871621E-5
6.600118E-6
1.38249725E-5
1.3141866E-5
-1.2060265E-7
1.3524029E-5
-2.9942482E-6
-2.310778E-6
-7.062093E-6
-1.03076445E-5
-2.4675184E-5
-4.474902E-6
-6.0914313E-6
-1.3186801E-5
-1.6593573E-5
-9.645733E-6
-8.281419E-6
-8.813925E-6
-3.88153E-6
-1.3284002E-5
-3.7222396E-6
-6.827953E-6
8.660327E-6
2.9033909E-6
-1.2582391E-6
-8.491075E-6
1.1263642E-5
-7.703646E-6
1.7604216E-5
-3.2110197E-6
1.0913342E-5
-5.968521E-6
8.323557E-6
-3.0369474E-6
1.7159273E-5
5.2722394E-6
9.228493E-6
3.842808E-6
5.440566E-6
-7.4861136E-6
-9.376304E-6
-7.4284194E-6
8.732459E-6
-6.046377E-6
-2.4375115E-6
-6.182897E-6
4.634119E-6
-6.7045967E-6
4.343552E-6
-1.1769073E-6
-6.3830444E-6
-1.4882368E-5
6.326848E-6
1.7164464E-5
-8.888166E-7
8.380335E-6
5.8930327E-6
7.1584323E-6
1.9545376E-5
1.1350632E-5
9.5035275E-6
-4.1785978E-7
1.4181206E-5
-4.7237263E-6
9.300981E-6
2.9342568E-6
2.1123847E-6
-5.730988E-6
7.718372E-6
-1.6894297E-5
5.486309E-6
-1.5449974E-5
7.0237975E-6
-1.7969125E-5
1.967411E-5
-1.1212954E-5
4.486731E-6
-1.6759409E-6
1.1549269E-5
-3.0153114E-6
5.4698744E-6
1.1627363E-6
1.2545331E-5
3.0993965E-6
2.81547E-6
4.918047E-6
4.641343E-6
-1.5329239E-5
-6.0011894E-7
-5.5192736E-6
-2.3020311E-6
-8.703917E-7
-2.6602907E-5
-2.620641E-5
-6.9986174E-7
-1.779301E-5
-1.9720048E-5
-2.1021471E-5
-8.546595E-6
-1.3639183E-5
-1.1314832E-5
-2.141205E-5
1.5233476E-6
-1.08206805E-5
-1.5333811E-5
-1.013312E-5
2.089417E-5
-3.6518513E-6
7.786525E-6
-1.3378413E-5
1.0053339E-5
-1.648414E-5
-9.442113E-6
-1.4626064E-5
1.2535992E-5
-2.390283E-5
2.5568543E-6
-1.0785159E-5
7.114863E-7
-2.997783E-5
-2.8584933E-5
-1.0327741E-5
-5.0854815E-6
-1.892821E-5
-7.645395E-6
-1.7462415E-5
-7.054887E-6
-2.7146409E-5
-2.1181262E-5
-8.704964E-6
-1.5386973E-5
6.319501E-6
-1.1842927E-5
7.716645E-6
-9.303547E-7
2.4794343E-5
4.946062E-6
4.254375E-6
2.379185E-5
1.750512E-5
2.1110378E-5
1.18869175E-5
1.7000368E-5
1.6191234E-5
2.5259153E-5
1.750602E-5
2.5175888E-5
-4.780098E-6
3.3091717E-5
2.5226938E-5
3.502862E-5
1.0243519E-5
3.927648E-5
2.5937687E-5
2.5502777E-5
-3.4244206E-7
7.934518E-6
2.0799605E-5
1.5390611E-5
1.19919305E-5
2.2143064E-5
1.2166547E-5
2.9903133E-5
1.7772578E-5
6.440285E-6
-4.027082E-6
1.0329525E-5
1.26818895E-5
-6.9914736E-6
1.059491E-5
-6.0808648E-6
-1.4619976E-5
1.306291E-5
-1.9944368E-6
8.96338E-6
2.7665653E-6
-3.18587E-6
4.5555647E-5
2.8130176E-5
2.3260534E-5
2.882471E-5
1.7650644E-5
1.5254902E-5
3.6805344E-5
2.8812527E-5
3.0562256E-5
4.1461073E-5
3.696328E-5
5.7081215E-5
1.9683863E-5
2.5350377E-5
2.8114797E-5
1.2346027E-5
1.2886054E-5
8.007559E-6
-3.3304466E-6
6.2142794E-6
-2.383921E-5
-2.4317462E-5
-2.5028457E-5
1.0706261E-5
6.9454234E-7
1.5255114E-5
-8.4140165E-6
-1.413865E-5
4.9293076E-6
-2.1393094E-5
-3.1254503E-6
-2.4684587E-6
-6.434405E-7
-3.2459575E-6
2.2082404E-5
9.342657E-6
1.8890558E-5
-1.2423578E-6
9.228647E-6
1.3030605E-6
-2.1358986E-5
-8.124523E-6
1.50123515E-5
1.7279293E-5
-7.600512E-6
-2.324574E-5
-9.077924E-6
-1.6859625E-6
-1.0827511E-5
-9.1561415E-6
-2.3744256E-5
-2.8039382E-5
8.373479E-6
5.0609674E-6
-7.937558E-6
-7.065582E-6
-3.448382E-5
9.97019E-7
-1.1195703E-5
4.2230247E-5
-7.540181E-6
1.3698754E-5
-1.7733562E-5
-2.0448182E-5
2.5360147E-5
1.3787039E-5
-1.2503926E-5
-1.6026874E-5
-3.594156E-6
-1.6288755E-5
-5.179332E-6
1.0379938E-6
1.3107501E-5
1.40514785E-5
2.7899458E-5
2.076135E-5
2.3622392E-6
-1.4525122E-5
1.2582076E-5
-2.4209428E-5
1.3035527E-5
9.093211E-6
-2.0040105E-5
1.2614164E-5
2.9926116E-5
2.0359803E-5
-1.5769041E-5
-1.689884E-5
1.2840381E-6
2.1991917E-5
4.6343143E-7
-1.5159867E-6
2.7225567E-5
9.632066E-6
-2.0059688E-5
1.4164457E-5
-6.9102925E-6
2.095172E-5
-6.9245016E-6
3.3427743E-5
2.2593911E-5
2.4616089E-5
-1.7060793E-5
4.9047E-6
-2.4687546E-5
-2.3859859E-5
2.1613105E-5
1.8888533E-6
2.8125198E-5
3.616247E-5
-2.7428525E-6
1.997864E-5
-4.9096975E-6
-2.0959766E-5
1.5902659E-5
2.0321813E-5
1.8967226E-5
-4.0946034E-6
1.4173056E-5
2.4619254E-5
3.8900967E-7
8.35327E-6
-2.9912756E-6
2.5418549E-6
3.5213295E-6
2.0491201E-5
1.7107168E-5
6.9769326E-6
-1.7476319E-5
7.0306683E-6
-2.9606057E-5
-7.22444E-7
-2.4658766E-5
4.541755E-6
1.6508153E-5
5.2875994E-6
-2.8124407E-5
-9.00083E-6
9.973599E-6
-2.4404656E-6
-1.4244125E-5
4.393781E-6
1.2044666E-6
1.4114923E-5
-7.125918E-6
-1.364873E-5
-8.264408E-6
-1.7728831E-5
-1.600697E-5
2.438951E-6
-2.9571818E-5
-3.5579207E-5
-5.652148E-5
-2.0129602E-5
8.908234E-6
2.8022638E-5
-2.1314967E-5
-3.968774E-5
-2.4435047E-5
-1.5076419E-5
-1.7052173E-6
3.4453533E-5
2.775046E-5
3.0377634E-5
-3.609792E-5
2.8982457E-5
1.4374343E-5
4.0615647E-5
2.5528473E-7
1.2530584E-5
6.276899E-6
6.016817E-5
6.1936764E-5
5.603018E-5
-3.2136577E-5
2.9733515E-5
-3.291671E-5
5.0396234E-6
2.1875715E-6
1.5593645E-5
-2.2197519E-5
1.206578E-5
-4.2648415E-5
5.8021207E-5
-3.216512E-5
-6.889596E-6
2.8370987E-6
2.649266E-5
1.4942567E-5
4.1581047E-6
-5.7101E-6
-2.3035527E-5
2.0564508E-5
8.565034E-5
5.911555E-6
4.4602963E-5
2.7286173E-5
5.8247384E-5
2.2870658E-5
2.1443559E-5
3.3872155E-5
7.1480677E-6
3.53039E-5
6.025794E-5
-4.687821E-5
-3.035395E-6
-4.108575E-5
2.216484E-5
-4.967308E-6
1.6211656E-5
2.6142098E-8
5.039152E-5
-1.7648814E-5
4.4442793E-5
-5.84175E-6
3.6410074E-5
-6.449423E-6
1.0704382E-4
2.0609541E-5
4.6159836E-5
-3.0142759E-5
4.3992062E-5
3.4728877E-5
5.350864E-6
-1.17887175E-5
5.958497E-5
5.1293006E-5
1.00425905E-5
8.990196E-6
4.601299E-5
3.4622E-5
-2.9099434E-5
2.3068278E-6
1.8101713E-5
-1.0381182E-5
4.454946E-5
-3.022559E-5
-7.728075E-5
-2.4299161E-5
-3.9013932E-5
-1.8279308E-5
-9.197996E-5
-7.452199E-5
-8.295911E-5
-3.358374E-5
-8.747812E-6
1.4371546E-5
-4.2328822E-5
3.913293E-5
-7.1463095E-5
4.987888E-5
-4.1061805E-5
6.731657E-5
-4.005886E-5
8.8821595E-5
-5.587046E-5
1.01086815E-4
-9.455391E-5
1.8772914E-4
-1.472193E-4
4.7870356E-4
4.064461E-5
-0.0024092009
0.003308987
-2.0106949E-4
-8.1406906E-4
-0.0012560117
5.4744113E-4
-1.506418E-4
2.647338E-4
-1.8846036E-4
6.3801877E-4
8.3041284E-4
4.17442E-4
-5.2107405E-4
-0.0016450814
-0.001480651
-8.135051E-4
-8.70211E-5
0.001214938
0.0018826238
0.0013445042
4.7340553E-4
-1.1147156E-4
-5.708277E-4
-0.0011344643
-0.0010094822
-5.22658E-4
5.1390092E-5
-2.0923214E-4
-2.5779568E-4
-5.4680003E-4
1.8219136E-4
-2.2116191E-4
0.0012414886
-0.001421516
7.1177864E-4
0.002549171
-0.0010101584
-7.9285244E-5
-2.2572749E-4
4.8464542E-5
8.0199994E-4
8.8089256E-4
1.169175E-4
2.1132773E-4
-2.3817785E-5
-5.664485E-4
-0.0011595786
-0.0013727952
-6.761808E-4
-1.3197255E-6
6.1139656E-4
6.090387E-4
8.56209E-4
1.3849056E-4
-2.553736E-4
-5.2778696E-4
-5.9953635E-4
-9.433435E-4
-2.269525E-4
-2.105611E-4
1.2950931E-4
-1.4089755E-4
2.2918037E-4
1.4180764E-4
6.293972E-4
4.4970837E-4
6.7487825E-4
5.525229E-4
5.8134866E-4
1.3630587E-4
5.2940816E-4
2.9806036E-4
7.2696805E-4
2.0372016E-4
3.0550844E-4
-2.7386614E-4
-4.636165E-5
-6.182147E-4
-3.9209594E-4
-6.8965723E-4
-2.4699705E-4
-6.0534274E-4
-3.0914896E-5
-4.3460834E-4
-1.7383009E-4
-5.766022E-4
-1.500854E-4
-7.529737E-4
-7.5991105E-5
-4.7432716E-4
2.0001813E-4
-1.9500738E-4
3.291588E-4
-1.3865865E-4
5.0779805E-4
-1.7172606E-5
5.71966E-4
7.381498E-6
5.5667496E-4
1.18888465E-5
7.02066E-4
-5.1375237E-6
5.261457E-4
-3.746978E-5
4.026535E-4
-2.0207858E-4
4.9322564E-4
4.3841483E-6
5.673146E-4
-1.2269958E-4
3.343361E-4
-3.6514338E-4
9.420807E-5
-5.560785E-4
6.0602353E-5
-4.8133705E-4
2.770444E-4
-3.2559098E-4
2.5963027E-4
-4.520455E-4
1.1758264E-4
-5.1325106E-4
1.6851405E-4
-4.34973E-4
3.0147983E-4
-2.7751367E-4
3.8297175E-4
-3.629348E-4
2.5578498E-4
-2.9402963E-4
3.581724E-4
-2.0976494E-4
4.924031E-4
-1.9150056E-4
4.0778E-4
-3.6329607E-4
2.4047577E-4
-3.207952E-4
4.4621387E-4
-1.9956195E-4
5.660232E-4
-6.9206755E-5
4.508957E-4
-2.877914E-4
2.631324E-4
-2.2005971E-4
3.6879975E-4
-1.9073163E-4
3.52226E-4
-1.2319422E-4
2.919159E-4
-2.5783095E-4
2.220381E-4
-1.5920227E-4
2.8785484E-4
-9.944318E-5
2.383643E-4
-1.6502163E-4
1.01589554E-4
-2.7943877E-4
8.21605E-5
-1.2417033E-4
3.2938572E-4
7.7406374E-5
2.884069E-4
-1.2179901E-4
6.7982146E-5
-2.739097E-4
-1.8593539E-5
-1.5335131E-4
1.4260995E-4
-3.4691184E-5
2.0244067E-4
-1.9441708E-4
-8.129408E-5
-3.3131955E-4
-9.458637E-5
-1.9987908E-4
1.14635666E-4
3.090568E-5
2.2657038E-4
5.6036597E-6
3.9284037E-5
-1.7195145E-4
-1.2721714E-4
-8.133E-5
2.4604466E-5
3.8540235E-5
1.3184558E-4
4.4044136E-5
-1.6710246E-6
-1.439441E-4
-1.8438096E-4
-1.2306258E-4
-1.2713608E-4
-2.6423362E-5
2.056461E-5
1.4683775E-5
3.787395E-5
3.5593257E-5
-8.259033E-5
-1.4465343E-5
-4.734089E-5
1.3274883E-4
1.3582555E-4
2.0306898E-4
1.0749855E-4
1.04340215E-4
-1.32453915E-5
-8.932537E-5
-1.1881532E-5
2.4523752E-5
3.6018828E-5
8.304564E-5
9.395071E-5
5.617421E-5
1.4865503E-5
-5.8186717E-5
6.921888E-5
-1.04848914E-4
8.113694E-6
-2.3207176E-5
1.20717414E-4
1.1536167E-4
1.8048835E-4
1.1733684E-5
2.4148879E-4
7.704155E-5
1.6857263E-4
3.8044738E-5
1.6444597E-4
3.6602203E-5
1.4550202E-4
1.3501863E-6
6.3265295E-5
2.1408217E-5
8.6467895E-5
-8.7372915E-5
1.5684639E-4
7.086266E-5
2.0911447E-4
6.857598E-5
2.843861E-4
7.044687E-5
2.2281938E-4
6.4242886E-5
2.7617684E-4
6.496616E-5
2.2724675E-4
1.1613076E-4
2.2010406E-4
2.6222378E-6
1.1649506E-4
-1.0063022E-4
1.1859824E-4
-1.031739E-4
1.0752815E-4
-1.1105923E-4
2.3223745E-4
-1.8055092E-5
1.9735123E-4
-7.2689996E-5
5.5911474E-5
-1.5290118E-4
2.813614E-4
-4.7160563E-4
-1.0035586E-4
4.960165E-4
-9.1376336E-5
-3.4285462E-4
-3.4257956E-4
-9.346578E-5
-9.4009374E-5
2.9266172E-5
-2.0428591E-4
-1.20548E-4
-1.0842902E-4
-1.6563443E-5
-8.0469166E-5
-1.803138E-4
-1.7452108E-4
-5.8023037E-5
-4.1951702E-5
-1.8790876E-4
4.860393E-5
1.7759841E-4
1.5732624E-4
-8.0452985E-5
9.773782E-5
-1.0328038E-4
8.985069E-6
-9.5286465E-4
-2.2820813E-4
4.9558276E-4
3.88461E-4
-5.2875266E-6
-2.916947E-4
3.298324E-4
2.1825811E-4
2.1538325E-4
3.4703095E-5
-1.5795713E-4
-2.376761E-4
-2.588227E-4
-1.6640368E-4
-3.1246574E-4
-3.2262222E-4
-4.029022E-4
-3.7013477E-4
-3.2547268E-4
-1.1142872E-4
2.1200102E-4
2.711482E-4
1.08628046E-4
1.462318E-4
1.4114857E-5
-4.7823167E-4
-3.8184543E-4
-5.3629756E-4
-4.8256357E-4
1.10806715E-4
-4.0135077E-5
-3.165716E-5
-1.9032061E-4
-1.7948542E-4
-3.294858E-4
-1.127585E-4
-1.91392E-4
-6.569778E-5
-6.122334E-5
-1.867177E-4
-1.4848895E-4
-1.1363242E-4
-6.146189E-5
3.9505627E-5
3.6021022E-4
5.4198183E-4
5.7664583E-4
7.27951E-4
6.3296926E-4
6.483328E-4
5.439419E-4
4.971427E-4
5.0071935E-4
4.5482043E-4
5.223174E-4
3.9087638E-4
2.5424207E-4
1.1246223E-4
1.3230574E-4
-2.339738E-5
1.0588194E-5
-3.1690706E-5
1.1856052E-4
-6.739687E-5
-4.6367142E-5
-1.8147704E-4
-1.3467361E-4
-1.3097287E-4
-9.1503636E-5
-2.6020982E-5
4.52283E-6
3.8123377E-5
-1.6649372E-5
6.696211E-5
-7.220859E-5
-4.2334577E-5
-1.3159378E-4
-8.065984E-6
1.00270336E-4
2.6790268E-4
2.461813E-4
2.6767066E-4
2.5635236E-4
1.5501272E-4
9.2647206E-5
1.663103E-4
4.1801126E-5
1.9348307E-4
1.538015E-4
3.005207E-4
1.5007763E-4
2.2134354E-4
3.299597E-5
1.38552305E-5
2.4945024E-5
-2.4810619E-5
9.267862E-5
-3.0453111E-5
5.8704358E-5
-2.3218232E-5
-6.526105E-5
-1.3404533E-4
-1.3448729E-4
-1.6999048E-4
-9.982582E-5
-4.5557594E-5
-1.6138637E-4
-2.801788E-4
-2.631761E-4
-2.9692004E-4
-2.5416043E-4
-1.9294822E-4
-2.0605257E-4
-1.8964733E-4
-1.749426E-4
-1.734235E-4
-2.4740002E-4
-1.4257237E-4
-1.7061863E-4
-4.7037123E-5
-1.5783444E-4
3.9319766E-5
-6.762509E-5
4.4322896E-5
-6.3632E-5
-9.406887E-7
-3.1948024E-5
1.0305705E-4
1.6805284E-4
1.8339549E-4
1.5409873E-4
8.790784E-5
1.8022484E-4
2.3623943E-4
9.122153E-5
8.02971E-5
1.0018261E-4
7.4979886E-5
1.3648978E-4
1.3298674E-4
2.4057346E-4
2.091031E-5
7.331887E-5
1.2208027E-5
-8.815439E-7
-8.820989E-5
-6.0875238E-5
-1.16089584E-4
-1.558728E-4
-2.4892457E-4
-2.6371883E-4
-3.580996E-4
-3.479707E-4
-5.172166E-4
-3.83282E-4
-4.0872904E-4
-3.4011353E-4
-4.5306954E-4
-5.1269785E-4
-3.8334244E-4
-4.233748E-4
-2.8389844E-4
-3.4295055E-4
-3.616148E-4
-3.229735E-4
-1.3838157E-4
-2.0016081E-4
-5.719389E-5
-1.7406972E-4
-9.082685E-5
-1.7039696E-4
-5.7551047E-6
-9.2865375E-5
-1.1231061E-4
-3.555817E-5
9.2997434E-5
1.3703393E-4
1.6091045E-4
1.21806865E-4
1.3889198E-4
1.5823243E-4
2.520306E-4
2.8886247E-4
2.87507E-4
4.0300825E-4
3.058085E-4
2.5161498E-4
2.0999764E-4
2.5076917E-4
1.7417507E-4
2.8654418E-5
4.6395726E-5
4.4632943E-5
5.11673E-5
-1.1634396E-5
-3.097055E-5
-5.2905532E-5
-8.629759E-5
-2.5065432E-5
6.544827E-5
-4.0579213E-5
-9.451508E-5
-5.5812954E-5
4.8950253E-5
4.332795E-5
6.859127E-5
4.2557458E-5
4.6818852E-5
8.3510946E-5
1.4295843E-5
1.5239694E-4
1.18182164E-4
-3.3469136E-5
1.5776228E-4
1.8526579E-4
1.7532174E-4
2.653065E-4
1.7670114E-4
1.852107E-4
2.0636462E-5
1.0456949E-4
1.3931651E-4
1.5178852E-4
4.8840313E-5
1.041317E-4
1.16022966E-4
-2.545128E-5
6.847957E-5
8.686804E-5
-3.5976274E-5
5.7778965E-5
5.487335E-6
-2.6664033E-5
-6.8448106E-5
-9.627938E-5
-7.461821E-5
-7.738611E-5
3.4939647E-5
-8.685702E-5
6.216865E-5
-5.396893E-5
9.182491E-5
-5.319728E-5
1.8978346E-4
1.8366172E-4
2.7892704E-4
2.0826484E-4
2.952408E-4
3.5358506E-4
3.5181709E-4
3.4371315E-4
3.6312363E-4
2.669733E-4
4.157245E-4
2.9207038E-4
3.509422E-4
2.7000648E-4
4.7382648E-4
3.6688003E-4
3.8379172E-4
3.6581326E-4
2.8256665E-4
3.185211E-4
3.21638E-4
2.7350482E-4
2.3880013E-4
1.6197636E-4
9.3462004E-5
1.5262351E-4
1.0643439E-4
-1.6252372E-4
-6.789104E-5
-5.5927158E-5
-1.19596356E-4
-2.086718E-4
-1.8847176E-4
-3.10538E-4
-3.674323E-4
-4.0135477E-4
-3.0405025E-4
-3.8836853E-4
-2.9252213E-4
-3.6380475E-4
-2.9239932E-4
-4.6755065E-4
-3.3562724E-4
-3.8967247E-4
-2.394086E-4
-2.9688838E-4
-1.2865865E-4
-2.2677447E-4
-1.03100305E-4
-1.8483188E-4
-4.0376242E-5
-9.937546E-5
-4.876833E-5
-1.6724704E-4
-3.0616393E-6
5.5172648E-5
-4.2484156E-5
3.78007E-5
2.9256413E-5
-5.046482E-5
1.31693605E-5
-3.077404E-5
2.0351888E-5
9.3563074E-5
1.5063443E-5
1.8245097E-4
2.502674E-4
1.7062573E-4
9.195891E-5
-1.0634446E-4
8.857372E-5
5.371984E-5
-9.572208E-7
-2.2681208E-5
-7.977086E-5
-5.3106378E-5
2.7975428E-5
-1.6989307E-4
-1.4514365E-4
-1.4659435E-4
7.9460944E-5
-2.9548834E-4
-1.9051008E-4
-3.8281907E-4
-1.2815846E-4
-2.063396E-4
-9.641308E-5
-1.2695022E-4
-9.324532E-5
-2.3727053E-4
-2.4230656E-4
-1.7856905E-4
-1.851782E-4
-2.2178264E-4
-5.3328844E-5
-2.3374539E-4
-2.3670356E-4
-2.3716514E-4
-1.597038E-4
-1.4681608E-4
-1.4537387E-4
-1.4138057E-4
-1.7170426E-4
-2.4470486E-4
-1.8786389E-4
-2.7049144E-4
-2.5475255E-4
-4.8948E-4
-3.4895792E-4
-2.949781E-4
-4.4547737E-4
-3.5367976E-4
-3.5170224E-4
-3.9094873E-4
-5.5516657E-4
-3.4054735E-4
-3.9976137E-4
-5.023837E-4
-6.6521455E-4
-4.3167666E-4
-3.7189038E-4
-3.7195795E-4
-2.9249355E-4
-4.0239302E-4
-2.960512E-4
-4.927348E-4
-1.633012E-4
-3.1404552E-4
-1.9035234E-4
-2.623311E-4
-1.898703E-4
-1.4479333E-4
-6.2522886E-5
-1.0133954E-4
-1.20522214E-4
-5.1355844E-5
1.86402E-4
3.1634998E-5
1.165268E-4
1.1922768E-4
2.3711708E-4
2.5243903E-4
7.8161764E-5
8.8801426E-5
3.8874877E-4
4.209034E-4
4.2378972E-4
1.2891552E-4
2.8945875E-5
3.1975028E-4
2.2609551E-4
4.140637E-5
-8.48158E-5
-2.15512E-5
2.370896E-4
9.9809404E-5
1.2336459E-4
-7.955929E-5
9.4090545E-5
-1.2730155E-4
3.629276E-5
1.148464E-5
-1.9162847E-4
-1.6772845E-4
-3.7500735E-7
-1.8798622E-4
-3.218809E-4
-3.53487E-4
-3.4800585E-4
-4.2515868E-4
-4.0068982E-5
-1.5966466E-4
-1.717664E-4
-4.310104E-4
-2.4567626E-4
-2.232571E-4
-1.93736E-4
-2.2528801E-4
-2.3421895E-4
-1.5235548E-4
-1.7692402E-4
-4.2052096E-5
-1.069537E-4
-1.07221436E-4
-1.0441262E-4
-4.275757E-5
1.644151E-5
-3.123991E-5
7.113793E-5
2.2787182E-5
9.766783E-6
6.320359E-5
2.1533441E-4
1.4229164E-4
3.0605908E-4
2.53191E-4
4.1798424E-4
2.6362934E-4
3.9546617E-4
3.366371E-4
4.0494418E-4
2.6126142E-4
5.42495E-4
3.7919355E-4
4.7025908E-4
3.0431367E-4
5.0121185E-4
3.5606473E-4
5.083282E-4
1.65525E-4
3.5905093E-4
1.5047728E-4
3.420031E-4
1.5861455E-4
2.2442623E-4
1.5885444E-4
1.9002569E-4
-5.7416873E-5
1.4948951E-4
8.294726E-5
1.8243387E-4
1.18361124E-4
8.2004284E-5
-1.0506851E-5
-3.16835E-5
-4.614513E-5
-3.25989E-5
4.3475893E-6
-2.244027E-5
1.12951515E-4
1.18404925E-4
4.7736845E-5
6.870991E-5
-1.6851138E-6
1.6264207E-4
-6.0535345E-5
9.2362265E-5
2.0233604E-4
3.0261095E-4
1.14822644E-4
2.385412E-4
1.2546201E-4
3.073578E-4
2.1120773E-4
4.743399E-4
1.7856069E-4
5.897604E-4
3.8807333E-4
3.5082203E-4
2.9016184E-4
3.3294165E-4
4.1482872E-5
1.7521856E-4
2.9406408E-4
4.6499487E-4
4.0222573E-4
4.28363E-4
2.7304326E-4
1.8922193E-4
1.1693578E-4
7.869281E-5
2.6411968E-4
3.0156595E-4
2.2817416E-4
7.667704E-5
2.3351163E-4
1.1017559E-4
2.1567925E-4
2.3337589E-4
2.2840287E-4
4.5858137E-4
3.4460137E-4
3.382951E-4
2.1907681E-4
1.819843E-4
1.4328604E-4
2.918783E-4
3.300186E-4
5.176647E-4
3.45521E-4
3.98965E-4
2.9621055E-4
3.2993226E-4
1.6259687E-4
3.41027E-4
8.9102185E-5
3.088409E-4
2.617338E-4
2.6835717E-4
7.61639E-5
2.2181965E-4
1.9333687E-5
2.9252868E-4
1.4709194E-4
4.608392E-5
4.330269E-5
-3.068994E-5
-1.4688906E-4
-7.900105E-5
3.623125E-5
-4.8804017E-5
-2.3766006E-4
-2.784863E-4
-3.644326E-4
-5.6104764E-4
-4.8711378E-4
-5.216495E-4
-3.928134E-4
-4.3536015E-4
-5.1663077E-4
-5.995844E-4
-4.8341093E-4
-4.3651552E-4
-4.257542E-4
-4.4070938E-4
-6.208909E-4
-3.0169534E-4
-3.3608376E-4
-2.776983E-4
-3.2083146E-4
-1.8847767E-4
-2.1423219E-4
-2.8248407E-5
-7.845905E-5
-1.3007218E-4
-2.983924E-5
5.6807872E-5
1.19167555E-4
2.7038713E-4
2.2262377E-4
2.9909995E-4
2.6984475E-4
2.738315E-4
6.395591E-5
2.232924E-4
8.157421E-5
7.514129E-5
1.4758436E-4
2.6288594E-4
3.5943036E-4
2.2194441E-4
2.733261E-4
-3.518769E-5
-2.330377E-4
-2.5304343E-4
-1.02966456E-4
-2.4000752E-4
-1.9841002E-4
-3.0504915E-4
-3.2624998E-4
-4.4538762E-4
-3.3567537E-4
-3.0290528E-4
-4.1823534E-4
-4.86889E-4
-6.008578E-4
-4.150816E-4
-6.331303E-4
-5.9677084E-4
-5.960932E-4
-4.8873515E-4
-5.2542175E-4
-5.00657E-4
-4.5295106E-4
-4.1234615E-4
-4.4706836E-4
-4.371921E-4
-5.5746717E-4
-4.1610384E-4
-4.1359416E-4
-4.8199805E-4
-4.167889E-4
-3.594067E-4
-4.2168298E-4
-2.4981383E-4
-1.7553945E-4
-1.2572772E-4
-1.2126859E-4
-9.797354E-5
-2.6398922E-5
-1.14605486E-4
-4.4151246E-5
-1.3442391E-4
-1.5440377E-4
5.852194E-5
-2.8832934E-5
-1.0933868E-4
-4.9365768E-5
-3.876677E-5
-2.0817159E-5
-1.1226368E-4
-2.3824738E-4
-1.2332023E-4
-1.0663877E-4
-1.7968845E-4
-4.0313713E-5
-1.271998E-4
-1.9455484E-4
-1.6706702E-4
-2.1998418E-4
-2.2467588E-4
-2.798123E-4
-2.5633353E-4
-3.2475812E-4
-2.3132589E-4
-3.0745534E-4
-2.3998534E-4
-1.9678882E-4
-2.4746387E-4
-2.78458E-4
-1.966224E-4
-3.387643E-4
-1.8425647E-4
-2.0796362E-4
-1.900783E-4
-1.04160295E-4
-4.1974662E-4
-2.8412626E-4
-3.8647532E-4
-3.4244763E-4
-2.386556E-4
-3.99929E-4
-3.315358E-4
-2.8315294E-4
-3.4523127E-4
-4.6731535E-4
-4.788778E-4
-5.670445E-4
-4.3801178E-4
-4.1075857E-4
-5.6297967E-4
-4.46355E-4
-6.0934765E-4
-5.4726744E-4
-5.353537E-4
-4.3803168E-4
-4.3134805E-4
-3.4142716E-4
-3.1451607E-4
-3.1323763E-4
-2.5452735E-4
-2.8132956E-4
-1.2395976E-4
-1.8842447E-4
7.282787E-6
-1.8934192E-4
3.8632068E-5
1.2508869E-5
6.237185E-5
-2.8919196E-5
1.402344E-4
1.2536423E-4
2.2209158E-4
1.696703E-4
2.48794E-4
2.4657778E-4
3.6913468E-4
4.1232342E-4
3.9391802E-4
4.5753745E-4
3.9979492E-4
3.5617597E-4
3.6442146E-4
3.185626E-4
4.0657842E-4
4.235997E-4
1.3634303E-4
2.2256121E-4
2.4286807E-4
3.030037E-4
1.8352245E-4
2.1269232E-4
9.6934935E-5
1.4333962E-4
8.80488E-5
8.619461E-5
1.5690784E-4
1.9217942E-4
7.278483E-5
2.544646E-5
8.808424E-5
2.3146875E-5
-9.718012E-5
1.6703407E-5
-6.5961935E-6
-3.793725E-5
-3.8069655E-5
-8.006077E-5
-6.659827E-5
-1.4354524E-4
-4.5969424E-5
1.0603085E-4
1.5455448E-4
1.3582148E-4
5.4851156E-5
9.831386E-5
1.2672333E-4
1.4765045E-4
7.172549E-5
1.3851847E-4
2.1200551E-4
1.5618709E-4
1.6139979E-4
2.3311174E-4
2.2802505E-4
2.3687656E-4
1.941533E-4
2.7366972E-4
2.8210925E-4
3.3115514E-4
3.0769923E-4
3.6662043E-4
3.6850382E-4
3.4045512E-4
4.1084594E-4
5.1230186E-4
4.3586554E-4
5.644041E-4
5.0824706E-4
5.3632114E-4
4.623436E-4
4.5544485E-4
4.4433496E-4
4.2328413E-4
3.8472435E-4
4.0655263E-4
4.4458415E-4
4.2649504E-4
3.053479E-4
4.372271E-4
4.3075325E-4
3.1896928E-4
1.830817E-4
3.237028E-4
2.4557274E-4
3.1388574E-4
1.8066917E-4
3.3135468E-4
2.377516E-4
2.7049825E-4
1.1036801E-4
2.6756583E-4
7.285532E-5
1.5879209E-4
-9.003775E-5
-2.1179345E-5
1.7440458E-5
1.0930793E-4
2.0472382E-5
1.08295004E-4
-2.1741049E-5
1.4028636E-4
-1.8792116E-5
2.1038785E-4
3.516916E-5
2.5733401E-5
-8.6774045E-5
4.543478E-5
-4.437581E-5
5.080709E-5
3.325393E-5
1.3794449E-4
-2.1286585E-5
9.659115E-5
1.3692235E-4
2.2725754E-4
1.4349767E-4
1.5471317E-4
2.2362857E-4
2.7628345E-4
1.8530428E-4
3.1823327E-4
4.4846575E-4
4.485797E-4
2.7154214E-4
3.5565277E-4
3.39331E-4
3.9953142E-4
3.7253136E-4
4.3535413E-4
1.554652E-4
4.7007983E-4
2.3954075E-4
4.0079866E-4
3.441698E-5
3.1828164E-4
1.3604495E-4
3.105496E-4
1.5846212E-4
3.3894638E-4
1.4472511E-4
2.2961105E-4
4.00252E-5
7.143733E-5
-3.1152602E-5
6.851558E-5
-2.1395102E-4
3.8369235E-5
-1.106909E-4
-1.326027E-4
-2.484357E-4
-1.9785695E-4
-1.1822026E-4
-3.0810657E-4
-3.2099037E-4
-2.3326087E-4
-3.1695756E-4
-2.5717827E-4
-4.0046507E-4
-3.1955648E-4
-3.4032908E-4
-3.1557554E-4
-3.9003423E-4
-3.0668735E-4
-5.029859E-4
-3.8753712E-4
-5.83499E-4
-3.1391444E-4
-4.5281227E-4
-2.1928884E-4
-4.6690568E-4
-2.9348198E-4
-4.6366418E-4
-2.0558714E-4
-3.4064456E-4
-2.2965138E-4
-2.5370932E-4
-1.3889982E-4
-3.8267593E-4
-1.0974575E-4
-1.9400292E-4
-4.8484235E-5
-1.4844295E-4
-1.6345028E-5
-1.4252032E-4
5.159309E-6
-2.352949E-4
-1.19921926E-4
-1.4484611E-4
1.7413634E-4
4.4258173E-5
6.4272455E-5
-1.0366085E-5
2.8104398E-5
-8.416937E-5
2.4500934E-5
6.838333E-5
2.229271E-5
3.1239328E-5
1.5608354E-4
-5.7405436E-5
5.8879552E-5
3.964509E-5
1.8706407E-4
1.2572813E-4
1.812044E-4
1.8368186E-4
2.5542756E-4
-2.578174E-5
1.6060352E-4
1.5378544E-5
2.3288646E-4
4.0224037E-5
2.3030475E-4
3.9647715E-5
2.6582228E-4
-7.794495E-5
1.6873363E-4
-6.3307154E-5
5.2090898E-5
-1.17271804E-4
6.0159793E-5
-9.7798336E-5
-4.2352356E-5
-8.969707E-5
-2.6478563E-4
-1.8841862E-4
-2.7689454E-4
-2.677877E-4
-3.810581E-4
-3.0138882E-4
-3.3503838E-4
-2.8164222E-4
-3.269293E-4
-3.1129055E-4
-3.134055E-4
-3.5033404E-4
-2.7301905E-4
-2.3792552E-4
-3.57998E-4
-3.150491E-4
-3.374114E-4
-2.8918558E-4
-3.303741E-4
-2.2045309E-4
-2.567498E-4
-3.0273478E-4
-1.521301E-4
-1.8418877E-4
-1.4756061E-4
-1.805039E-4
-6.479479E-5
-1.5999666E-4
-1.06679276E-4
-1.04844876E-4
1.6464991E-4
6.5117456E-5
1.5179081E-4
1.4232149E-4
1.845718E-4
1.19587894E-4
3.7319842E-4
1.4778897E-4
2.760515E-4
1.6644815E-4
1.952082E-4
1.6185346E-4
1.2247046E-4
1.229008E-4
1.6987845E-4
1.0297078E-4
-1.8667293E-5
5.6950084E-5
-2.4760151E-5
2.7917422E-5
-1.07391665E-4
-1.92878E-4
-2.6829954E-4
-1.7172695E-4
-3.6357436E-4
-3.1689412E-4
-3.9413891E-4
-4.499525E-4
-4.2131045E-4
-4.4788214E-4
-5.2244397E-4
-4.2993153E-4
-5.6251115E-4
-4.7016988E-4
-4.376444E-4
-5.309554E-4
-4.121658E-4
-5.691092E-4
-3.4395405E-4
-4.21918E-4
-2.7139025E-4
-3.9307747E-4
-2.8729928E-4
-3.4598564E-4
-2.2047327E-4
-1.8199057E-4
-1.6574663E-4
-2.3170511E-4
-2.5083232E-4
-1.2314285E-4
-1.231178E-5
7.540013E-5
-2.3350633E-5
-5.982573E-5
-8.2491526E-5
-6.6022976E-6
-4.2461943E-5
6.425251E-5
3.527252E-5
9.789154E-5
-7.5335543E-6
1.8239711E-4
-2.169128E-5
4.06271E-5
-2.3793987E-6
1.0455495E-4
-5.3174488E-5
-2.0705704E-5
-9.0323985E-5
-7.6267E-5
-8.001274E-5
-8.649749E-5
-1.6276796E-4
-2.2970025E-4
-4.1662548E-5
-1.4244046E-4
-1.6926511E-4
-2.48956E-4
-2.532874E-4
-2.3267852E-4
-2.4480172E-4
-1.712192E-4
-1.7910496E-4
-2.5013462E-4
-2.2255327E-4
-2.0783844E-4
-1.7783503E-4
-1.6653941E-4
-2.0106109E-4
-1.3070775E-4
-2.6569766E-4
-8.7461136E-5
-1.4496589E-4
-2.4376436E-4
-1.8054797E-4
-1.7136622E-4
-2.0765528E-4
-1.0807179E-4
-2.80153E-4
-9.894017E-5
-2.8014046E-4
-2.7417752E-4
-2.9552617E-4
-2.9391548E-4
-1.9930075E-4
-4.7397018E-5
-1.9355025E-4
-1.2559781E-4
-2.3298306E-4
-1.6363092E-4
-1.7892593E-4
-1.4035935E-4
-1.5197396E-4
-2.8054134E-4
-1.7185933E-4
-1.6511384E-4
-6.926607E-5
-1.2309941E-4
-3.8365084E-5
-9.2678405E-5
-8.13421E-5
-7.7354845E-5
-5.9623715E-5
-6.513557E-5
-2.5851376E-5
1.172993E-4
8.791658E-5
-3.677516E-5
6.4326035E-5
2.0926303E-4
2.2744316E-4
2.1239585E-4
8.420793E-5
1.0690008E-4
4.353301E-5
1.3618403E-4
8.7884815E-5
4.2284137E-5
-4.8785056E-5
1.4822138E-4
4.2686104E-5
1.4238528E-4
-1.6304199E-4
3.8102648E-5
7.660388E-5
4.306418E-5
9.379033E-5
6.4300795E-5
9.713049E-5
6.025103E-5
9.718561E-6
-3.541228E-5
-4.523955E-5
-8.765826E-5
3.0098101E-5
-2.3217282E-5
-9.062061E-5
8.999153E-6
3.8593203E-5
1.2201681E-4
1.3866865E-5
-3.2745305E-5
1.0028617E-5
1.1001115E-6
-1.1288006E-5
6.607959E-5
1.5678079E-4
2.8661383E-5
1.5704779E-4
6.7554836E-5
9.660091E-5
1.472242E-4
8.839196E-5
8.794774E-5
8.461883E-5
1.5114377E-4
1.5776804E-4
1.7061924E-4
1.05226936E-4
2.275454E-4
1.7189705E-4
2.4562018E-4
1.4047809E-4
2.671697E-4
2.6119707E-4
3.6712148E-4
2.4141741E-4
3.5769658E-4
1.9799302E-4
3.1048298E-4
2.949792E-4
2.1220233E-4
2.0245711E-4
3.284892E-4
1.7860995E-4
7.4981263E-6
2.4974457E-4
1.6278376E-4
2.146205E-4
2.0857953E-4
1.3223762E-4
5.736283E-5
9.756134E-5
6.4018626E-5
1.0723365E-4
1.7090173E-5
2.2262619E-5
7.111902E-5
1.2672674E-4
2.392125E-4
2.0297716E-4
1.4276759E-4
7.084861E-5
6.982841E-5
5.8855916E-5
2.6460284E-5
5.617219E-5
4.9897397E-5
3.94958E-5
1.5319003E-4
7.412388E-5
1.2425499E-4
5.8231275E-5
6.7041874E-5
-5.3400796E-5
2.7436761E-5
4.713362E-5
1.3989862E-4
1.6324919E-4
1.51859E-4
-4.00002E-6
-1.1210602E-4
-6.994961E-5
3.731085E-5
-1.4229961E-4
-2.20053E-4
-6.291999E-5
-1.7458799E-4
5.6253863E-5
-1.1611222E-4
-1.0575129E-4
-2.7003253E-4
-3.7071117E-5
-1.632415E-4
-1.4257831E-4
-1.6823679E-4
-1.5094872E-4
-7.7976554E-5
-1.379836E-4
-1.3350046E-4
5.1394316E-5
-1.0270213E-4
-1.2446109E-4
-1.7296732E-4
-9.82307E-5
-4.085971E-5
-2.4356164E-5
1.6160278E-5
-1.2992491E-4
-4.2597905E-5
-1.18240976E-4
-5.861082E-5
-9.871241E-5
-4.592237E-5
-4.4413526E-5
-1.4106704E-4
-2.8401535E-4
-1.0095587E-5
-1.2399114E-4
-1.8072699E-4
-2.2977196E-4
-2.2793545E-4
-1.4373216E-4
-2.568756E-4
-1.9714897E-4
-3.114805E-4
-2.1560267E-4
-3.7536933E-4
-4.2779237E-4
-4.616215E-4
-3.0682207E-4
-3.9257595E-4
-4.4191128E-4
-4.6104786E-4
-3.448996E-4
-3.4115592E-4
-3.2861234E-4
-3.473403E-4
-3.451875E-4
-3.8746183E-4
-3.610592E-4
-3.6372035E-4
-3.1766028E-4
-2.4778178E-4
-3.689774E-4
-3.4959533E-4
-2.363843E-4
-2.4332605E-4
-3.97843E-4
-2.414201E-4
-2.950426E-4
-1.1998787E-4
-1.6200653E-4
-2.3779631E-4
-2.3196885E-4
-7.479724E-5
-3.056493E-4
-9.600536E-5
-6.199599E-5
-1.0670251E-4
-5.9147307E-5
-3.5923567E-5
-6.402647E-5
-2.4838682E-5
1.4447769E-4
-1.4142116E-4
-1.7357114E-6
-2.4236995E-5
-3.537242E-5
-1.3229922E-4
-9.0573965E-5
-1.11861445E-4
-7.810529E-6
-1.3278923E-5
-3.715363E-5
-2.718728E-4
6.816872E-5
-3.4476005E-4
-1.17353775E-4
-1.7810847E-4
-1.2219485E-4
-1.279498E-4
-2.4431545E-4
-7.480216E-5
-2.5130666E-4
-2.4204445E-4
-2.2510669E-4
-1.6898618E-4
-1.14905575E-4
-7.925017E-5
-1.5908777E-4
-2.826102E-4
-1.5151502E-4
-1.3945997E-4
-1.2579438E-4
-8.489785E-5
-3.127331E-5
-2.118842E-4
-1.1260608E-4
-1.0101284E-4
-1.4283031E-4
-4.016115E-5
7.684441E-5
-8.1098166E-5
-9.388146E-5
-1.0930543E-4
-3.4125234E-5
-2.2031344E-4
5.7352852E-5
-6.943501E-5
1.5948422E-4
-2.1016462E-5
2.499247E-4
1.2427894E-4
1.7540253E-4
1.2883518E-4
6.85836E-5
7.594291E-5
8.742364E-5
1.3661211E-4
1.8545183E-4
1.2638785E-4
1.3711298E-4
1.5988391E-5
5.4900127E-5
9.106662E-5
1.3544144E-4
1.5134961E-4
7.058321E-5
3.2412735E-4
7.205873E-5
1.2409005E-4
1.819407E-4
2.9672848E-4
1.5891502E-4
3.304101E-4
1.8650849E-4
1.9263523E-4
2.627396E-4
4.6769885E-5
1.9839524E-4
2.470017E-4
1.9186725E-4
1.2336583E-4
3.0603292E-4
1.9532778E-4
1.9726309E-4
1.12674184E-4
2.676566E-4
7.556164E-5
3.1353842E-4
1.9052831E-4
1.8678697E-4
1.4093422E-4
1.5433291E-4
8.4609725E-5
2.0543694E-4
1.5254147E-4
1.5684622E-4
1.2683618E-4
1.6372462E-4
-3.8929502E-5
-2.4545452E-5
-1.2966058E-4
1.8191035E-5
1.0783634E-4
1.14044815E-4
1.3045255E-4
3.0207944E-5
5.046118E-6
-3.9101593E-5
-1.5953998E-5
-8.9482484E-5
6.4367046E-6
-5.618436E-5
1.0308946E-5
-3.2908007E-5
-1.2958493E-5
1.2386941E-4
4.8680336E-6
5.7802758E-5
-2.5220765E-5
9.139327E-5
4.134134E-5
4.1168183E-5
3.6449565E-5
1.5157482E-4
1.783059E-4
1.3905871E-4
1.8316846E-4
2.0320476E-4
2.4642593E-5
1.629975E-4
5.2363794E-5
2.2183779E-4
-2.0024647E-5
1.0934975E-4
-6.653172E-5
4.6303885E-5
-8.207849E-5
1.3392956E-4
4.230662E-5
2.5057949E-5
-4.09128E-5
-2.719401E-5
-2.3815392E-5
-5.757662E-5
4.14686E-5
-1.4361662E-5
-4.0214894E-5
1.0052984E-5
-7.0409136E-5
-3.0066447E-5
3.5732373E-6
-1.994048E-4
-1.0807952E-4
-1.1085708E-4
-7.5310316E-5
-9.796766E-6
-9.1265356E-5
1.9302786E-5
-3.571244E-5
-1.5029253E-4
-1.378885E-4
5.588315E-5
-1.5608621E-4
7.526607E-5
-1.1566779E-4
5.9793485E-5
-7.791826E-5
-1.6763735E-5
-3.1138414E-5
1.3766089E-4
4.439905E-5
1.4819652E-4
1.3031202E-4
1.0943456E-4
-1.21930854E-4
-2.7711815E-6
-1.3101114E-4
2.026111E-5
-1.6005373E-5
2.9974106E-5
3.7742837E-5
6.683074E-5
-9.165131E-6
-2.4610246E-5
8.001878E-5
-4.197792E-5
9.514255E-6
-6.328593E-5
-1.0638517E-4
-5.0515977E-5
-5.94503E-5
-2.2538478E-4
-9.361945E-5
-2.2609577E-4
-1.9362522E-4
-1.571055E-4
-9.6597505E-5
-1.2563818E-4
-1.4344459E-4
-1.4318796E-4
-2.7027781E-4
-1.4623755E-4
-3.8291622E-5
-7.1153186E-6
-1.4945214E-4
2.540543E-6
-2.106351E-4
-1.5623368E-4
-2.1000452E-4
-8.979936E-5
-5.3487718E-5
2.3052176E-5
-6.1654224E-5
-3.9809005E-5
-4.7503032E-5
-9.8258475E-5
-6.633722E-5
-3.9982213E-5
-5.3045424E-5
-5.5954817E-5
8.616722E-5
1.03267805E-4
4.957923E-5
-4.8096654E-6
6.48338E-5
-3.203065E-5
3.6259175E-5
1.730629E-5
1.56187E-4
-1.048426E-4
3.4254077E-5
-7.064924E-5
7.923131E-5
1.0711577E-4
5.8415786E-5
-4.99141E-5
9.367988E-5
1.3504771E-4
2.0788391E-5
1.03401835E-4
2.1356442E-5
3.0991885E-6
1.3413046E-4
5.243875E-5
3.8725066E-5
1.2098098E-4
5.509869E-5
1.4411594E-4
5.628128E-5
9.629606E-5
-6.9139496E-5
1.0630237E-5
1.7646333E-5
2.8180963E-5
-2.2636847E-8
3.2342658E-5
5.8476104E-5
-6.665159E-6
5.450245E-6
1.5864065E-5
-7.556065E-5
-1.423252E-4
-4.847299E-5
-1.8240896E-4
-1.1733239E-4
-9.020452E-6
8.337791E-5
-4.903326E-5
4.0898743E-5
-1.3283642E-4
1.0129069E-5
5.9720137E-6
1.6486825E-5
-1.5118457E-5
3.0751056E-5
-3.2084063E-5
2.1352695E-5
1.8578869E-5
1.360318E-4
7.620366E-5
5.146122E-6
5.7689496E-5
2.6432173E-5
6.321519E-5
3.959402E-5
1.1995598E-4
1.415017E-5
5.1665906E-5
1.8754012E-4
1.7236604E-4
1.4258543E-4
1.3689832E-4
9.593521E-5
2.3224836E-4
1.5365053E-4
1.19324846E-4
1.2850594E-4
2.2369344E-4
4.373878E-5
1.9091873E-4
1.0568216E-4
1.8149574E-4
2.2293023E-4
1.3311945E-4
1.2063473E-4
6.429741E-5
4.1300656E-5
3.9556737E-5
2.6625668E-5
6.7114896E-5
5.6066277E-5
-3.0593124E-5
-6.743981E-5
-8.4797495E-5
-1.5086665E-4
-5.1377392E-5
-1.2555465E-4
-1.6918794E-4
-1.1635117E-4
-2.639232E-4
-2.0418408E-4
-2.2792445E-4
-2.1073385E-4
-8.600333E-5
-1.6641813E-4
-1.8701717E-4
-2.3388684E-4
-6.2621875E-5
-2.4007815E-4
-1.8825452E-4
-2.8813278E-4
-1.4632918E-4
-1.16447256E-4
-1.5608709E-4
-2.1942379E-4
-2.2043186E-4
-2.6577298E-4
-1.0514561E-4
-1.480287E-4
-1.9264624E-4
-2.5279637E-4
-2.670138E-4
-1.0175684E-4
-1.4629037E-4
-5.5802317E-5
-1.858664E-4
-1.3016269E-4
-1.414034E-5
-2.1179864E-4
-1.21171804E-4
-9.773302E-5
-7.64146E-5
-3.4153756E-5
-1.1828724E-4
-2.6315622E-4
-2.560583E-4
-1.9811283E-4
-1.9547586E-4
-2.42976E-4
-2.6845955E-4
-2.2031047E-4
-2.9028437E-4
-2.342447E-4
-2.0043843E-4
-3.8302614E-4
-3.8570378E-4
-2.799962E-4
-2.1111307E-4
-3.6314013E-4
-2.547317E-4
-3.4118415E-4
-3.1298108E-4
-4.4107242E-4
-3.2471627E-4
-2.866564E-4
-2.8453485E-4
-2.4029752E-4
-3.517347E-4
-3.1587144E-4
-3.614212E-4
-2.887848E-4
-4.7989833E-4
-3.389811E-4
-4.4619362E-4
-2.216352E-4
-4.110808E-4
-2.0984544E-4
-5.9705204E-4
-4.5322275E-5
-6.332929E-4
-4.0893505E-5
-7.3018926E-4
1.4670432E-4
-0.0012249623
7.393181E-4
3.8073157E-4
-0.0037432264
0.0010913264
0.0021830364
0.0011297244
-0.0049051917
8.865506E-4
1.5989467E-4
-5.0993596E-4
-9.913302E-4
7.421414E-4
-0.0012312571
-0.0010836177
-9.922734E-5
0.0015501803
6.078745E-7
6.992817E-4
4.9867574E-4
-7.3956826E-4
0.001183494
-6.219724E-4
-6.175143E-4
8.330463E-4
0.0016586055
5.2262604E-4
-5.2865304E-4
-1.8819225E-4
-1.8112411E-4
-9.591487E-4
-0.0012441403
-0.0016625271
-0.0010184452
-9.1729546E-4
3.920484E-4
-7.5934635E-4
2.5834504E-4
0.0014508221
8.187923E-4
0.0010280535
0.0012332634
4.9647863E-4
-3.0267876E-4
3.9516552E-4
0.0011464431
6.4896354E-5
2.9620714E-4
0.0012795406
0.001208449
6.288253E-4
6.6038343E-4
8.35012E-4
4.6895517E-4
-2.7586595E-4
-3.9090452E-4
-1.6899769E-4
-3.0251028E-6
-4.133904E-4
-6.023679E-4
-8.9893054E-4
-7.479132E-4
-8.579673E-4
-6.521837E-4
-0.0010227922
-7.8825286E-4
-0.0011534531
-6.8404776E-4
-9.268977E-4
-2.3548843E-4
-1.009891E-4
3.3957677E-4
-9.2446164E-5
4.81416E-4
3.9695454E-4
7.494043E-4
3.053539E-4
6.720702E-4
3.7071615E-4
9.996833E-4
5.1619974E-4
8.5853814E-4
4.2182958E-4
6.2832684E-4
1.2455735E-4
8.5700274E-4
4.2798358E-4
0.0010209355
6.751659E-4
0.0010804791
4.8667364E-4
6.402501E-4
2.6182545E-4
5.474601E-4
-6.2044404E-5
3.318174E-4
2.721067E-7
5.207018E-4
3.620106E-4
8.4709335E-4
4.688682E-4
6.9790654E-4
-1.4960444E-5
3.5758276E-4
-9.695089E-5
2.6234754E-4
-4.1931093E-4
-2.9193085E-5
-5.9819734E-4
-4.0239407E-5
-4.716079E-4
-8.057904E-6
-3.13149E-4
2.3258897E-4
-4.730976E-4
-3.8826056E-5
-7.461926E-4
-1.7879599E-4
-7.41618E-4
-3.2200487E-4
-8.819514E-4
-2.0807749E-4
-5.04886E-4
1.3113135E-4
-3.8202133E-4
2.9206063E-4
-1.6585844E-4
2.614275E-4
-3.5911362E-4
2.6566008E-4
-3.5791378E-5
4.1532595E-4
-8.4002386E-5
4.825726E-4
-2.9338853E-4
3.714758E-4
-8.300712E-5
1.3883949E-4
-4.5102218E-4
2.7084167E-4
-2.2857792E-4
1.1748145E-4
-4.0983845E-4
3.7705464E-5
-5.6723744E-4
1.4994957E-4
-1.4222047E-4
-5.919063E-4
-5.1059146E-6
1.8908811E-4
-4.3945038E-4
-6.4700766E-4
-5.1469076E-4
2.381041E-4
-4.6771872E-4
-3.6626254E-4
-5.4232526E-4
1.1042275E-4
-1.1517454E-4
2.9371903E-4
-2.4054402E-4
4.4077312E-4
1.6874181E-4
5.9024116E-4
-4.4656018E-4
5.808534E-4
1.2248449E-4
-1.4682651E-4
-6.128987E-4
-1.8213758E-4
-3.9524396E-4
-3.8420595E-4
-6.8957295E-4
-1.9409825E-4
-2.976263E-4
-4.84735E-5
1.9696346E-5
1.2736065E-4
5.17348E-5
1.4586103E-4
-2.2561225E-4
-5.3981337E-5
-1.2978789E-4
-1.5646734E-4
-2.25521E-4
2.3611461E-5
-1.1626724E-5
4.9896713E-5
-1.1526593E-4
3.0558347E-4
1.8139376E-4
4.779347E-4
1.8532792E-4
3.8761576E-4
2.5794446E-4
5.2317756E-4
2.550284E-4
3.7005066E-4
5.177466E-5
1.5245545E-4
-5.004452E-5
4.2478943E-5
-1.150298E-4
1.8108456E-4
-3.6031517E-5
2.1023461E-5
-1.8953136E-4
-6.999306E-5
-1.04105944E-4
1.1382608E-4
-8.8121466E-5
4.8408394E-5
-1.2237958E-4
6.1939405E-5
2.3987945E-5
8.592679E-5
8.5340595E-5
2.5046014E-4
2.3394584E-4
4.045381E-4
4.14759E-4
5.922784E-4
4.3623502E-4
5.719991E-4
2.873589E-4
4.634639E-4
2.3755287E-4
4.4146198E-4
2.1466633E-4
2.756771E-4
3.968745E-5
1.1778541E-4
-6.4825865E-5
2.3886083E-5
-4.0588874E-4
-6.7412884E-6
-2.991005E-4
-7.122788E-5
-4.284267E-4
-2.1229121E-4
-4.1260736E-4
-2.5742094E-4
-5.305822E-4
-3.665715E-4
-4.4889748E-4
-2.3929571E-4
-4.5792933E-4
-2.7099642E-4
-3.8139036E-4
-1.5412843E-4
-3.2219233E-4
-3.117331E-4
-2.081046E-4
-2.6054424E-4
-2.3666574E-4
-1.5562138E-4
-2.4249633E-4
-1.6877388E-4
-1.7681866E-4
-2.1525452E-4
-1.3889556E-4
-2.6257138E-4
-1.1765681E-4
-1.362101E-4
-1.03358645E-4
-2.647219E-4
-3.122002E-4
-1.8404267E-4
2.694983E-4
-9.988099E-4
-2.2915872E-4
0.0012170549
-9.198946E-6
-5.071573E-4
-7.2844507E-4
1.3375714E-5
1.8907762E-4
5.429541E-4
4.280977E-5
8.6933425E-5
-1.6103705E-4
4.766989E-5
-2.1982512E-5
1.259897E-4
1.0559899E-4
2.6070976E-4
4.7432073E-5
5.7702895E-5
1.6184522E-4
1.3112868E-4
-4.1314226E-5
-1.4213362E-4
5.4134558E-5
3.4257016E-4
2.7912998E-4
7.531375E-5
4.994649E-4
6.0757104E-4
2.1259986E-4
-3.1225797E-4
-2.9893304E-4
2.8484358E-4
3.7244588E-4
3.781751E-4
2.2645234E-5
-6.5549524E-5
-3.186465E-4
-1.4700489E-4
-2.9149363E-4
-2.2196409E-4
-2.0400835E-4
-7.5243195E-5
-2.9503726E-4
-1.19776225E-4
-8.2197395E-5
2.8109265E-4
1.5424287E-4
2.8991082E-4
4.7244283E-4
7.52303E-4
7.4827136E-4
6.4252166E-4
6.0658914E-4
6.9245085E-4
4.33555E-4
3.7172987E-4
3.0572078E-4
4.7144454E-4
3.592037E-4
2.7367167E-4
1.2160014E-4
2.9830768E-4
-1.3951516E-5
-2.3653793E-4
-3.2056266E-4
-2.4192089E-4
-4.421916E-4
-5.9927575E-4
-2.4239553E-4
-2.624188E-4
-4.0448962E-5
-2.4154158E-5
1.3125078E-4
3.30523E-4
9.1461676E-5
1.5032307E-4
1.6726396E-4
-6.093323E-5
-7.178351E-5
3.79312E-6
-7.5925786E-6
1.5922108E-4
-1.2323517E-5
1.7844778E-4
2.3246724E-4
3.5601066E-4
1.1570641E-4
3.510952E-5
-2.426674E-5
6.527864E-5
-1.166039E-4
-1.5923503E-4
-3.2641104E-4
-1.05864914E-4
-1.5466829E-4
-6.8360736E-5
-1.2742748E-4
4.5012173E-5
1.611369E-4
2.2061988E-5
-1.2386168E-4
-1.4005974E-4
-1.5646579E-4
-3.58508E-4
-1.17920725E-4
-2.6703038E-4
-1.8496031E-4
-1.680787E-4
1.7440111E-4
1.9656893E-4
1.5240618E-4
1.5119772E-4
2.6867347E-4
-1.4640568E-5
-1.18899385E-4
7.799816E-5
1.0317981E-4
-1.4321203E-4
-1.2285975E-4
-2.3239498E-5
7.769392E-5
3.071987E-5
2.1654482E-4
2.7425532E-4
6.309402E-5
7.7208235E-5
7.191534E-5
-5.1258E-5
-2.0305834E-4
-1.9145962E-4
-1.3629207E-4
-8.528336E-5
-3.1018845E-4
-2.773042E-5
1.446808E-6
-4.643738E-6
-2.0549986E-4
1.4292458E-5
7.523384E-5
-5.941058E-6
-7.942173E-6
-1.652395E-4
-1.5653232E-4
-3.3796226E-5
-2.0664262E-4
-3.2077884E-4
-1.5665038E-4
-2.1495439E-4
-2.5876495E-4
-3.9197807E-4
-3.572228E-4
-4.19236E-4
-6.1911147E-4
-5.837044E-4
-5.1956344E-4
-7.0257235E-4
-5.7615055E-4
-4.2948945E-4
-4.5260688E-4
-4.4919888E-4
-4.7030716E-4
-3.275256E-4
-4.6696753E-4
-4.250987E-4
-4.0932113E-4
-3.4235747E-4
-4.1405245E-4
-4.1739913E-4
-5.4908334E-4
-2.6103706E-4
-4.3410776E-4
-3.3879644E-4
-3.8995192E-4
-3.6258192E-4
-2.0620655E-4
-7.685693E-5
-1.8360934E-4
-2.763575E-4
-3.8728616E-4
-4.0504732E-4
-3.704459E-4
-2.8701013E-4
-2.3769356E-4
-2.6643754E-4
-3.0376742E-4
-2.8804064E-4
-2.7266893E-4
-1.4157915E-4
-1.21287725E-4
-2.8000099E-5
-1.2690994E-4
-2.0566814E-4
-1.20079305E-4
-1.3254886E-4
-8.3991465E-5
-1.6605566E-4
-9.488457E-5
-3.8731676E-5
-5.5703134E-5
1.3114945E-6
-1.2343215E-4
-1.7216832E-4
-1.7809251E-4
-1.0916777E-4
-9.4925614E-5
-4.3119817E-5
-3.895419E-5
2.8177998E-5
1.168863E-5
3.701536E-5
-2.513079E-5
7.079486E-5
2.5145282E-4
3.0026888E-4
1.2851256E-4
1.4075798E-4
2.0041857E-4
2.4713058E-4
2.511915E-4
2.2255864E-4
2.7673767E-4
3.777776E-4
4.9137726E-4
4.1648833E-4
4.1034893E-4
4.1622898E-4
3.3616793E-4
3.54322E-4
4.421308E-4
3.8262486E-4
4.324667E-4
4.855205E-4
4.2588808E-4
3.0266354E-4
3.8878625E-4
3.1352518E-4
2.2527139E-4
2.980707E-4
2.6964585E-4
2.45897E-4
2.3517926E-4
2.628143E-4
2.7973822E-4
2.8677494E-4
1.52379E-4
1.3512268E-4
1.546897E-4
2.4532044E-4
2.2088265E-4
3.196267E-4
2.1408219E-4
2.7399044E-4
2.66405E-4
2.2331506E-4
1.2429006E-4
3.306058E-4
2.9470105E-4
1.1780879E-4
1.5351328E-4
1.2581125E-4
1.936301E-4
7.952085E-5
1.5347872E-4
7.640108E-5
9.271797E-5
3.2665354E-5
2.1929531E-4
3.2065545E-5
1.395752E-4
1.5257642E-4
1.2143971E-4
2.5056017E-4
1.0537026E-4
6.2946616E-5
6.252024E-5
6.5521206E-5
8.993781E-5
1.1760247E-4
1.6334995E-4
2.5244073E-5
1.0626499E-4
1.9591556E-4
1.7663442E-4
3.0574673E-5
1.0790192E-4
2.9844794E-4
1.6155014E-4
2.7964424E-4
1.9807328E-4
2.862556E-4
1.422945E-4
3.7271605E-4
2.5141344E-4
2.0987334E-4
2.0235521E-4
2.312963E-4
1.513656E-4
2.7960163E-4
2.599251E-4
2.1297838E-4
3.8922526E-4
2.5178326E-4
2.0364305E-4
1.6003902E-4
9.707025E-5
2.2564572E-4
3.0258068E-4
1.9610679E-4
2.9742034E-5
4.47304E-5
1.095075E-4
9.266545E-5
3.2136717E-4
2.9412797E-4
2.5104362E-4
3.1705806E-4
2.0772027E-4
1.8852128E-4
1.1608763E-4
3.6406357E-4
3.5910693E-4
3.4843193E-4
2.5741133E-4
3.2198257E-4
1.942465E-4
3.6419948E-4
2.976702E-4
2.790001E-4
2.4490466E-4
3.6812059E-4
2.1919106E-4
4.3607503E-4
2.0386455E-4
2.6941075E-4
2.5132505E-4
3.4841872E-4
2.2760789E-4
1.5583078E-4
2.2725578E-4
2.4423498E-4
1.7244348E-4
2.3589356E-4
1.6796844E-4
1.5888228E-4
5.6459256E-5
-4.809155E-5
-1.4145093E-4
2.981832E-5
9.320864E-5
-9.679822E-6
-1.7314422E-6
-1.3682779E-4
-2.4569446E-5
8.901003E-5
8.850026E-5
2.0257937E-6
-3.2367014E-5
1.1786511E-4
-2.2493905E-5
1.9292261E-4
1.1082773E-5
9.403336E-5
-7.7914665E-5
4.4564764E-5
-8.344383E-5
-2.814344E-5
-1.7711904E-4
-2.7940188E-5
-3.6592808E-4
-2.9959716E-4
-2.613625E-4
-1.7308434E-4
-2.3188401E-4
-1.9248006E-4
-2.6758594E-4
-7.964022E-5
-5.9022786E-5
-7.344809E-5
-2.2628E-4
-1.7009853E-4
-2.4309664E-4
-6.0119044E-5
-1.8993148E-4
3.2332762E-5
8.841044E-6
-2.6068723E-5
-2.0404471E-4
-1.7971348E-5
3.49431E-6
1.8275356E-5
-7.89156E-5
-1.0831563E-5
-3.8319657E-4
-1.4778314E-4
1.5028614E-4
-1.0587131E-4
-3.372883E-4
-4.115104E-4
-3.4071002E-4
-1.3230022E-4
-2.5109353E-4
-2.3518968E-4
-3.2257268E-4
-2.8400056E-4
-3.349318E-4
-3.9019878E-4
-5.5832515E-4
-3.4723198E-4
-4.5499532E-4
-4.087033E-4
-4.5800314E-4
-2.7933985E-4
-3.2729743E-4
-2.5994747E-4
-7.3773967E-4
-7.0500764E-4
-5.464263E-4
-4.0741617E-4
-3.0673266E-4
-3.885621E-4
-4.4147827E-4
-5.4550247E-4
-5.681217E-4
-3.7697647E-4
-3.617839E-4
-3.6708123E-4
-3.9371167E-4
-4.3677038E-4
-4.3373037E-4
-4.8718633E-4
-4.4471622E-4
-3.500602E-4
-3.1712902E-4
-2.7990923E-4
-2.7217003E-4
-2.9221247E-4
-3.2656075E-4
-1.5305882E-4
-3.2510888E-4
-4.1634502E-4
-3.034616E-4
-3.1448476E-4
-2.815182E-4
-1.2884723E-4
-1.5447511E-4
-1.08028435E-4
-1.5898737E-4
-8.12119E-5
-1.7132787E-5
1.3372468E-5
-2.5233426E-4
-2.2472818E-4
-3.709547E-4
-3.311717E-4
-2.1481012E-4
-2.2501932E-4
-1.1019974E-4
-5.086658E-6
-4.175288E-5
-2.4613833E-5
-8.754024E-5
-3.0128756E-5
-8.630095E-5
-1.9971137E-4
-2.322748E-4
-2.4661832E-4
-3.118544E-4
-2.0161165E-4
-1.390914E-4
-1.5135534E-4
-1.2341217E-4
1.3913388E-5
-8.046286E-6
1.4754442E-4
1.4911091E-4
1.2356747E-4
-6.297487E-5
-7.840923E-5
-2.8373165E-6
-8.81129E-5
-3.197019E-5
-1.0959343E-4
-3.064401E-6
1.3748131E-4
9.456051E-5
1.3980264E-4
1.1990026E-4
2.2646046E-4
2.664932E-4
1.9260331E-4
1.5025522E-4
2.9291364E-4
1.4247706E-4
3.196842E-4
2.596648E-4
1.8760245E-4
2.9140306E-4
4.193395E-4
3.1157784E-4
2.7950807E-4
2.3567617E-4
2.1756551E-4
2.6027655E-4
-3.2728665E-5
1.7448515E-4
9.157244E-5
2.1889556E-4
3.1420484E-4
4.188187E-4
2.7532515E-4
4.029943E-4
3.7798873E-4
4.558916E-4
3.1764893E-4
3.4201753E-4
2.5873302E-4
4.466315E-4
3.2064127E-4
3.5553312E-4
3.078746E-4
3.7801554E-4
4.3277786E-4
4.0759225E-4
2.7680624E-4
3.5598752E-4
3.561212E-4
4.6413371E-4
3.683743E-4
3.0744774E-4
2.938467E-4
2.3853926E-4
4.8391323E-4
3.2685322E-4
4.307088E-4
3.301042E-4
2.944096E-4
2.714631E-4
2.833975E-4
4.243216E-4
2.8907525E-4
2.8046838E-4
3.8890855E-4
3.9776776E-4
3.953947E-4
4.2322231E-4
3.9612112E-4
4.4564798E-4
4.337646E-4
3.6338452E-4
3.314723E-4
6.2787253E-4
3.9719362E-4
4.3339198E-4
3.9763868E-4
3.9846348E-4
2.4985796E-4
3.8732938E-4
3.6240288E-4
4.341057E-4
4.772032E-4
4.6387286E-4
5.749985E-4
5.055284E-4
5.7523645E-4
3.5304044E-4
4.3322984E-4
4.388784E-4
3.5736716E-4
3.0165788E-4
3.6202144E-4
3.1455242E-4
5.348486E-4
4.154602E-4
5.811077E-4
5.48247E-4
4.4920205E-4
4.5062392E-4
4.4674773E-4
3.3398074E-4
4.0608546E-4
1.6554867E-4
2.9588887E-4
2.2414482E-4
1.9994096E-4
1.3415833E-4
2.1209453E-4
1.3335103E-4
3.065116E-5
-9.651453E-5
8.6403845E-5
-3.4381246E-5
4.1641924E-5
2.8219365E-5
-1.0606254E-4
-1.4935632E-4
-3.0064152E-4
-2.7739565E-4
-1.8049535E-4
-3.0501757E-4
-1.5358173E-4
-2.645142E-4
-1.9911098E-5
-2.2142951E-4
-2.1031211E-4
-3.562727E-4
-2.0595087E-4
-3.2419994E-4
-3.308245E-4
-5.232658E-4
-1.9938995E-4
-5.0541345E-4
-2.844129E-4
-3.883435E-4
-4.139865E-4
-6.362787E-4
-3.861342E-4
-4.4697104E-4
-3.8564336E-4
-3.5493422E-4
-3.241899E-4
-2.6174763E-4
-1.18677075E-4
-2.2914489E-4
-2.8979419E-5
-9.436566E-5
-1.6382536E-4
-9.6763244E-5
-7.599416E-5
-1.5787441E-4
-1.46091E-4
-1.12726884E-4
3.3585184E-5
-2.5722152E-4
-1.4784571E-4
-5.3514395E-5
-2.8603337E-5
-7.704289E-5
-1.245228E-4
-6.491187E-5
-8.120192E-6
-3.8230882E-4
-4.6734418E-5
-2.5469964E-4
1.1134421E-4
-9.21325E-5
2.4766325E-5
-3.6230605E-5
-5.8460228E-5
-1.4683917E-4
-4.4153843E-5
-1.8976867E-4
-1.0799292E-4
-2.0518366E-4
-1.18294236E-4
-1.1881679E-4
6.2060295E-5
-1.173196E-4
1.575433E-4
2.0353778E-5
-3.5338776E-6
4.2047627E-6
1.6625472E-5
2.0984883E-6
6.62632E-5
-1.2402484E-5
1.5051814E-5
1.4737849E-5
1.527923E-4
3.895786E-5
5.1827556E-7
5.1397772E-5
4.629666E-5
1.231338E-4
4.2943197E-5
-1.7960418E-5
1.320298E-4
1.2896987E-4
1.3462611E-4
5.1040915E-5
1.248825E-4
1.9339193E-4
1.12522066E-4
1.0005184E-4
2.4817107E-4
1.5693509E-4
2.6922097E-4
1.1417312E-4
2.9054307E-4
1.9718007E-4
2.2469655E-4
1.5228658E-4
1.919483E-4
6.965201E-5
2.9480705E-4
2.004721E-4
1.2301203E-4
1.3110046E-4
3.0813814E-4
1.0099739E-4
1.6402364E-4
-1.4798442E-5
1.8798366E-4
2.6959488E-6
9.024307E-5
1.6740068E-4
4.9161117E-5
-9.6266165E-5
-6.914513E-5
5.4020595E-5
7.099951E-5
1.0692044E-5
-1.0155354E-5
2.427818E-5
-5.183299E-5
-4.9516326E-5
-6.696797E-5
-9.941303E-5
-8.5824E-5
-8.692975E-5
-9.114575E-5
3.892406E-5
-4.7447887E-5
-2.0879939E-4
-1.4974577E-4
-1.5519105E-4
-1.9149564E-5
-1.0742546E-4
-1.687636E-4
-2.1906843E-4
-1.463421E-4
-1.34765E-4
-1.5845883E-4
-2.6267706E-4
-1.4034625E-4
-3.3088916E-4
-2.014868E-5
-4.9041482E-5
-7.930303E-5
-3.8304734E-6
1.897493E-5
-7.8610756E-5
-5.917251E-5
-9.398022E-5
-5.5856963E-5
-9.07892E-5
4.630148E-5
1.8567784E-4
2.997379E-4
1.5624419E-4
1.0873785E-4
1.631504E-4
1.3328098E-4
1.2158392E-4
3.20685E-4
3.1109646E-4
3.1223093E-4
2.5325594E-4
1.5561336E-4
3.289877E-4
3.2158665E-4
1.6595906E-4
3.656774E-4
2.8148334E-4
2.561501E-4
4.1309744E-4
4.6629392E-4
3.8209473E-4
3.846735E-4
3.3587273E-4
3.308738E-4
1.980833E-4
1.1785242E-4
1.8298654E-4
4.1874926E-4
2.7754484E-4
2.1098659E-4
1.6502159E-4
1.697383E-4
4.456338E-6
1.192704E-4
9.154265E-5
3.6517955E-5
1.1815443E-5
1.1167019E-4
3.1549713E-5
1.6290596E-5
2.4961462E-5
1.12652015E-4
9.9192854E-5
-4.5002562E-5
-1.2004488E-4
-2.141228E-4
-9.2550865E-5
-1.648419E-4
-1.1370389E-4
-3.322236E-4
-2.3042223E-4
-2.885288E-4
-1.8133892E-4
-2.1222643E-4
-2.9711935E-4
-2.0821253E-5
-1.0328135E-4
-1.118007E-4
-2.2692449E-4
-1.1396603E-4
-1.8485612E-4
-3.093555E-4
-2.0191698E-4
-2.0228988E-4
-3.2419342E-4
-2.7659963E-4
-3.4230735E-4
-1.5236216E-4
-2.5731872E-4
-1.993308E-4
-4.4005664E-4
-3.95489E-4
-4.7493857E-4
-3.5559654E-4
-3.2521595E-4
-1.876138E-4
-3.1139076E-4
-2.6708143E-4
-3.7626832E-4
-2.0855595E-4
-2.2528392E-4
-2.5439713E-4
-3.1472728E-4
-3.6192007E-4
-3.391581E-4
-4.1447967E-4
-4.967007E-4
-4.445455E-4
-3.6405813E-4
-3.473659E-4
-3.347207E-4
-2.91289E-4
-3.2985333E-4
-1.4746643E-4
-3.027959E-4
-1.4193906E-4
-2.2528695E-4
-2.1544547E-4
-1.7941196E-4
-9.721051E-5
-1.2133682E-4
8.081125E-5
-8.0663456E-5
8.22738E-6
-3.0238405E-5
3.3599023E-5
-6.310911E-5
6.787939E-5
-8.525597E-5
8.935456E-5
3.2490265E-5
8.646048E-5
1.9916115E-4
2.7054123E-4
2.4285844E-4
2.3888519E-4
3.3160287E-4
3.7901915E-4
4.2626582E-4
3.5750406E-4
3.5624878E-4
3.1615337E-4
4.3330205E-4
5.128245E-4
5.0767185E-4
4.3904965E-4
4.7754316E-4
5.7748536E-4
4.0203633E-4
4.1364797E-4
4.081957E-4
4.8078195E-4
6.293348E-4
4.8323607E-4
5.3758593E-4
5.843463E-4
3.611916E-4
5.9861864E-4
5.4939196E-4
5.3545606E-4
4.5416298E-4
3.9912682E-4
4.920106E-4
5.0579046E-4
4.3749312E-4
3.967878E-4
3.8826605E-4
3.1461552E-4
4.1884466E-4
3.2382802E-4
1.5793939E-4
2.8110162E-4
2.0902786E-4
1.6034686E-4
1.274054E-4
2.0542365E-4
2.1181491E-4
2.594923E-4
1.6632379E-4
7.718598E-5
1.8804304E-4
8.576617E-5
1.8328521E-4
6.759427E-5
1.1672915E-4
7.94033E-5
4.038964E-5
5.9267702E-5
8.266524E-6
-9.15462E-5
-3.3275692E-6
1.2028975E-4
1.112359E-4
1.1603678E-5
5.4339096E-5
-2.0941929E-5
9.3932824E-5
9.80071E-5
7.3939824E-5
1.483869E-4
1.4982001E-4
1.4433268E-4
1.2769357E-4
2.5221595E-4
2.607216E-4
2.9125338E-4
2.0992516E-4
2.1992742E-4
3.7757494E-4
3.8290964E-4
2.9826837E-4
2.8178075E-4
2.4514657E-4
3.0386954E-4
3.0569575E-4
3.0610187E-4
3.297103E-4
3.3223242E-4
2.89296E-4
2.6002468E-4
2.978056E-4
3.4606078E-4
2.411901E-4
1.6845296E-4
3.5110224E-4
2.7498443E-4
2.569769E-4
2.5212378E-4
2.82999E-4
2.8659674E-4
1.5166432E-4
2.1952238E-4
2.2190454E-4
2.1265155E-4
2.9901994E-4
2.6705614E-4
2.9046624E-4
1.2528998E-4
1.191831E-4
1.0540946E-4
1.0656789E-4
1.7253419E-4
8.64017E-5
1.5369424E-4
3.4536464E-5
5.9265778E-5
6.603115E-5
4.209403E-5
2.5376494E-5
3.4255456E-5
2.5294532E-5
-8.925015E-5
-8.292866E-5
-4.8363392E-5
-5.4664728E-5
-1.355037E-4
-5.438991E-5
-1.9389165E-4
-8.809277E-5
-2.076432E-4
-2.5146702E-4
-2.500386E-4
-9.470345E-5
-3.5235344E-4
-3.6542318E-4
-3.5647853E-4
-2.7894124E-4
-4.4286353E-4
-3.0072412E-4
-4.1161088E-4
-2.6559038E-4
-4.287947E-4
-3.2736963E-4
-3.9291897E-4
-3.7962807E-4
-5.130612E-4
-3.9531052E-4
-5.104858E-4
-4.5894904E-4
-4.2370637E-4
-5.4510735E-4
-5.4594816E-4
-4.508002E-4
-4.4961434E-4
-4.3039437E-4
-4.163711E-4
-2.6754526E-4
-3.833148E-4
-4.927965E-4
-4.5205487E-4
-2.8675454E-4
-2.3940713E-4
-3.085419E-4
-3.976531E-4
-2.640336E-4
-3.5815363E-4
-4.0171505E-4
-4.4303117E-4
-4.10807E-4
-3.4057946E-4
-3.2694679E-4
-4.2093263E-4
-3.2556948E-4
-4.8511417E-4
-3.6596233E-4
-4.824995E-4
-3.8215995E-4
-3.4818833E-4
-3.469163E-4
-3.5335045E-4
-3.189121E-4
-3.7838123E-4
-3.2605507E-4
-3.2851685E-4
-3.18036E-4
-3.3029832E-4
-3.9273142E-4
-2.014436E-4
-2.6918238E-4
-2.7407188E-4
-3.955166E-4
-2.599086E-4
-2.7490623E-4
-1.3982014E-4
-1.00944235E-4
-2.216472E-4
-8.374561E-5
-5.6197005E-5
-7.137692E-5
7.815223E-5
-1.9987423E-5
-4.8855993E-5
1.2982434E-4
1.4411678E-4
1.4597528E-4
2.5699296E-4
1.3778124E-4
2.5105753E-4
2.5733706E-4
1.9693493E-4
2.4623328E-4
3.446585E-4
3.01918E-4
3.0997267E-4
3.355541E-4
2.9733463E-4
3.7394196E-4
4.194725E-4
5.0810154E-4
3.6203337E-4
4.0054432E-4
3.9140062E-4
2.485746E-4
2.1806735E-4
4.1554842E-4
2.857441E-4
1.0786591E-4
2.9234914E-4
2.5543175E-4
2.3648978E-4
1.7338117E-4
2.7967716E-4
1.4345192E-4
1.7314116E-4
4.8050515E-5
1.8351915E-4
8.423252E-5
1.633266E-4
8.492744E-5
7.0757254E-5
6.7186666E-5
1.5914335E-4
1.2760892E-4
1.8727481E-4
1.8444109E-4
1.9872194E-4
1.4995554E-4
1.894311E-4
6.0524748E-5
1.456958E-4
1.0114301E-4
1.7914841E-4
9.4671756E-5
2.2205406E-4
2.1621627E-4
2.1058193E-4
2.0819483E-4
2.2488249E-4
2.2573762E-4
1.870235E-4
2.5184284E-4
1.8051281E-4
3.0745167E-4
2.0294604E-4
1.8881408E-4
2.7786326E-4
1.9660224E-4
3.016713E-4
2.287331E-4
3.375373E-4
3.1435236E-4
3.755515E-4
3.102262E-4
3.869746E-4
2.44579E-4
3.790137E-4
2.8294805E-4
4.512893E-4
3.2909162E-4
4.4673486E-4
4.5487817E-4
5.3601287E-4
3.7536724E-4
6.12871E-4
5.1084295E-4
6.0755725E-4
4.7927938E-4
6.0307444E-4
5.9417373E-4
4.5650644E-4
5.285128E-4
6.2222325E-4
4.6407644E-4
5.745332E-4
4.7791435E-4
4.3734073E-4
5.055654E-4
5.035767E-4
5.1715353E-4
4.256909E-4
3.870285E-4
4.372817E-4
2.9013416E-4
4.896128E-4
3.6539527E-4
3.4418015E-4
2.9521875E-4
2.733843E-4
1.8528254E-4
3.4124433E-4
1.7037873E-4
1.6015783E-4
9.1884605E-5
1.5468303E-4
9.578997E-5
1.09400426E-4
-9.015507E-6
6.5865985E-5
-4.8996735E-5
3.7776415E-5
-9.113049E-5
-1.4117346E-5
-1.2826068E-4
1.6982445E-5
-1.1253246E-4
-1.2948965E-4
-2.2131111E-5
-1.1889423E-4
-6.783917E-5
-7.967033E-5
-2.1111692E-4
4.9552605E-6
-1.15015515E-4
-1.06476575E-4
-1.6546073E-4
-9.36612E-5
-1.4855848E-4
-9.691499E-5
-8.8152345E-5
-1.1008664E-4
-1.6788267E-4
-1.288926E-4
-1.7660632E-4
-2.5097962E-4
-2.179442E-4
-1.3083695E-4
-3.1680468E-4
-2.4762918E-4
-2.640918E-4
-2.3482382E-4
-2.1987669E-4
-2.8631667E-4
-3.6236813E-4
-3.5116565E-4
-2.9835376E-4
-2.1940307E-4
-3.3015443E-4
-2.8695838E-4
-3.4838956E-4
-2.0295936E-4
-2.874866E-4
-3.092173E-4
-3.3110694E-4
-4.0919488E-4
-4.173401E-4
-3.441826E-4
-4.2106124E-4
-2.7733462E-4
-3.8784582E-4
-3.4522006E-4
-2.5805878E-4
-3.1646003E-4
-3.904302E-4
-3.0824708E-4
-1.9044851E-4
-2.6071336E-4
-2.1105062E-4
-3.107713E-4
-2.3693571E-4
-3.0410688E-4
-1.300459E-4
-2.7484004E-4
-3.2947463E-4
-2.9119485E-4
-3.1556908E-4
-1.665581E-4
-2.8825822E-4
-2.036492E-4
-2.0468984E-4
-1.9883945E-4
-2.2279906E-4
-2.5696246E-4
-2.9087948E-4
-1.551567E-4
-1.7924218E-4
-2.4918498E-5
-8.119911E-5
-4.2206855E-5
4.3510227E-5
4.117254E-5
-1.3507144E-4
3.9953244E-5
-1.5691188E-4
-9.7172866E-5
6.862175E-6
6.872933E-5
-1.8864084E-5
-5.203667E-5
-1.7614008E-4
-2.2595246E-5
1.1866068E-4
8.8192304E-5
1.7537168E-5
1.9121628E-5
5.77806E-5
5.634218E-5
1.2935369E-4
1.0106087E-4
9.231756E-5
1.8673013E-4
1.7329231E-4
1.15824E-4
2.1220397E-4
2.9472017E-4
2.351894E-4
1.8106395E-4
2.872349E-4
2.651269E-4
2.7336573E-4
4.4283137E-4
2.8325757E-4
3.102339E-4
2.2774943E-4
4.640803E-4
3.5037973E-4
3.207315E-4
3.7753064E-4
2.9934268E-4
3.4817736E-4
4.525348E-4
3.3028077E-4
3.0658446E-4
3.0558804E-4
3.931445E-4
3.6774023E-4
3.4719534E-4
3.838516E-4
3.8030208E-4
3.684179E-4
2.9679743E-4
3.9020443E-4
3.176608E-4
4.8229052E-4
3.891135E-4
3.9759354E-4
4.599567E-4
4.1519414E-4
3.9675133E-4
1.6247976E-4
4.5384097E-4
3.842052E-4
3.4197062E-4
4.362991E-4
3.6406706E-4
3.1956626E-4
2.9675968E-4
2.5683068E-4
2.9085224E-4
3.6238943E-4
2.8116544E-4
3.7008873E-4
3.3976237E-4
1.9823831E-4
2.5785374E-4
2.4521467E-4
3.7183138E-4
1.7831824E-4
2.9825093E-4
2.245854E-4
4.092675E-4
2.6545173E-4
3.8282367E-4
2.6507516E-4
3.6330638E-4
2.8363545E-4
4.3463445E-4
3.7370666E-4
4.5510102E-4
3.2727316E-4
2.4139085E-4
2.9817727E-4
3.3073922E-4
3.9314514E-4
4.515607E-4
3.4421598E-4
3.0863215E-4
4.0504689E-4
2.3596059E-4
3.3300603E-4
3.1218503E-4
2.805837E-4
2.5556848E-4
3.0869394E-4
1.03712395E-4
1.5320297E-4
1.7918456E-4
1.6791382E-4
2.43147E-4
6.657795E-5
1.647946E-4
1.4425645E-4
9.680915E-5
2.8271863E-6
1.932955E-4
1.6692815E-4
5.7808622E-5
-1.7963544E-5
1.9512187E-5
-6.191134E-5
-1.0502425E-4
-1.3898627E-4
-2.5099606E-4
-2.3419008E-4
-1.6107335E-4
-2.1436541E-4
-2.921514E-4
-3.5731672E-4
-4.370706E-4
-3.8364282E-4
-3.224493E-4
-3.3975218E-4
-4.517249E-4
-4.1618606E-4
-5.3456245E-4
-4.3698086E-4
-4.5775788E-4
-4.897698E-4
-6.993267E-4
-5.587526E-4
-6.142719E-4
-4.996276E-4
-6.3613686E-4
-6.9088873E-4
-6.3190516E-4
-6.351256E-4
-7.125515E-4
-6.466817E-4
-7.152353E-4
-7.0863456E-4
-6.847377E-4
-6.5275823E-4
-6.941822E-4
-5.5028003E-4
-5.593471E-4
-5.1725085E-4
-5.781384E-4
-5.5637857E-4
-5.7041965E-4
-4.4503322E-4
-4.3923102E-4
-5.2190357E-4
-4.264546E-4
-3.272364E-4
-3.6571568E-4
-3.3084062E-4
-3.363171E-4
-3.1873843E-4
-3.7693678E-4
-2.786245E-4
-3.3027577E-4
-2.22062E-4
-3.070634E-4
-1.3329655E-4
-2.8575116E-4
-1.4952343E-4
-2.4074352E-4
-9.758292E-5
-2.2787081E-4
4.4541175E-5
-1.10790774E-4
-7.7200035E-5
-2.1601272E-4
-4.285829E-6
-1.7040134E-4
-6.568997E-5
-1.8272335E-4
-1.3307804E-4
-1.3756411E-4
-4.869682E-5
-3.9542003E-5
4.1711664E-5
-2.6532312E-5
-4.0423343E-5
2.3154711E-5
2.7466436E-5
-1.6471406E-5
-1.3720036E-5
-9.749871E-5
-4.599774E-5
-1.15595896E-4
-2.6549196E-7
-3.8630395E-5
-3.7565213E-5
-9.644427E-5
3.3133925E-5
-9.608035E-5
-8.337372E-5
-1.4514015E-4
-9.899537E-5
-1.943422E-4
-4.4426255E-5
-6.108556E-5
7.052123E-5
-1.8999321E-4
-5.1166677E-5
-8.427848E-5
-5.739389E-5
-1.6424114E-4
-5.048677E-5
-1.9562751E-4
-7.80077E-6
-2.1937511E-4
-8.451982E-5
-1.1535846E-4
-2.2494229E-5
-1.3634854E-4
2.6092786E-5
-1.8113671E-4
-2.6425589E-5
-1.0506815E-4
-8.735469E-6
4.131084E-6
7.257124E-5
-1.8049695E-6
-2.4615245E-5
3.7476705E-6
1.9461116E-4
1.1327377E-4
1.2373533E-4
1.4896778E-4
1.8283237E-4
2.2021236E-4
2.350621E-4
1.4999499E-4
3.06361E-4
2.1138822E-4
2.7170795E-4
2.5790394E-4
4.213114E-4
3.5955047E-4
4.3268624E-4
3.2526674E-4
4.6097315E-4
3.1634636E-4
5.282469E-4
4.3694107E-4
4.8114086E-4
3.9478185E-4
4.6030953E-4
3.8618082E-4
5.200398E-4
5.3457485E-4
5.053035E-4
4.040487E-4
4.5128327E-4
4.9889105E-4
4.413679E-4
4.1582162E-4
4.2617467E-4
3.623475E-4
4.136528E-4
4.6433258E-4
4.944165E-4
3.9652272E-4
3.882571E-4
4.4868427E-4
3.9045417E-4
4.1870418E-4
3.330824E-4
4.736225E-4
3.9214452E-4
2.4301704E-4
2.3478256E-4
3.959695E-4
2.9227938E-4
3.501784E-4
3.9711056E-4
3.6757303E-4
1.964967E-4
2.78253E-4
3.3450272E-4
1.4913203E-4
1.4813102E-4
1.6714139E-4
1.5339405E-4
6.520543E-5
1.1329395E-4
-8.702385E-6
1.0859439E-4
1.3862853E-4
1.2547613E-4
1.403589E-4
2.5774829E-5
-9.734694E-6
4.700089E-6
1.5379075E-5
2.098166E-5
1.027537E-5
-9.90093E-5
1.2653036E-5
-1.7403223E-4
5.8925456E-5
-6.3564075E-5
-5.4129432E-5
-1.53032E-4
3.612631E-5
-1.0360414E-4
9.803421E-6
-1.344684E-4
-5.9014867E-5
-9.038289E-5
-1.0031664E-4
-2.0136821E-4
-2.0973136E-4
-2.5409905E-4
-1.3411451E-4
-1.4946237E-4
-2.2539546E-4
-3.155953E-4
-2.0842007E-4
-2.2118742E-4
-1.751612E-4
-2.3343471E-4
-2.1113869E-4
-2.0814624E-4
-3.7118915E-4
-2.2956576E-4
-2.3981932E-4
-3.2067692E-4
-2.9876927E-4
-2.2199703E-4
-2.3011085E-4
-2.0744077E-4
-3.4393303E-4
-3.2187634E-4
-4.2820058E-4
-3.8382405E-4
-3.6501567E-4
-3.7625368E-4
-3.5339964E-4
-3.0672617E-4
-3.720233E-4
-3.6131707E-4
-3.5874368E-4
-4.980243E-4
-4.682452E-4
-4.1086157E-4
-3.7802034E-4
-3.2575126E-4
-3.7012587E-4
-2.7867177E-4
-4.2640994E-4
-2.9650427E-4
-3.2434287E-4
-3.4631928E-4
-3.9131567E-4
-2.9191753E-4
-2.9704988E-4
-2.7541624E-4
-1.3047195E-4
-3.0936848E-4
-2.6743324E-4
-1.7080201E-4
-3.481227E-4
-2.6289327E-4
-3.4040396E-4
-2.3104085E-4
-2.140468E-4
-8.634371E-5
-1.99144E-4
-6.88032E-5
-8.896611E-5
-1.9546665E-5
-9.043992E-5
-3.51044E-5
-4.037302E-5
1.3023762E-4
2.5399018E-5
1.475426E-6
2.2450216E-5
1.2302611E-4
-2.5054653E-5
7.646891E-5
3.016087E-5
-1.6577596E-6
2.2158673E-4
7.9639816E-5
1.3582887E-4
8.079324E-5
1.9985714E-4
1.9125608E-4
1.3934323E-4
1.5834585E-4
1.74307E-4
1.6435554E-4
2.2906123E-4
2.1833353E-4
1.7167577E-4
2.3525394E-4
1.7033705E-4
9.634162E-5
4.0159528E-5
1.1951142E-4
7.3952266E-5
1.0663746E-4
4.8671776E-5
1.9855417E-4
2.0005496E-4
4.3985457E-4
2.2479282E-4
3.3670745E-4
2.3280233E-4
1.6932747E-4
1.7983674E-4
2.2447364E-4
2.3929225E-4
2.9946913E-4
2.4609745E-4
3.0182552E-4
1.9247862E-4
3.154647E-4
2.4177268E-4
3.8653545E-4
2.2995201E-4
2.081335E-4
2.0757377E-4
2.2213049E-4
2.2706577E-4
1.8139201E-4
2.142754E-4
1.7137101E-4
7.7069555E-5
1.9198674E-4
2.8415697E-4
1.3197669E-4
1.4363581E-4
1.9120911E-4
1.4669985E-4
2.2390876E-4
8.054953E-5
1.05894134E-4
1.1988553E-4
2.874338E-4
1.05629406E-4
2.6255794E-4
9.422322E-5
8.795345E-5
1.3422132E-4
1.057372E-4
1.1756828E-4
1.0857299E-4
5.8849822E-5
-3.2162066E-6
3.6852736E-5
-3.3909186E-5
7.4033094E-5
-1.4435382E-4
8.354875E-5
1.895504E-5
-6.9641014E-6
5.4420052E-5
-2.1751057E-5
5.667844E-5
1.27250105E-5
-1.8716242E-5
-8.97544E-5
2.8912138E-5
-2.6288639E-5
-1.4287762E-5
7.4577154E-5
-7.403958E-5
5.8246733E-6
-3.4400655E-5
-1.1628518E-5
5.103895E-5
4.4121618E-5
-4.647667E-5
-1.0791892E-4
-1.3099483E-4
-1.3095507E-4
-1.6648213E-5
7.0414844E-6
-9.70182E-5
-1.6156734E-4
-9.0918125E-5
-1.391302E-4
-2.0836951E-4
-2.3519885E-4
-2.500345E-4
-3.0423814E-4
-3.382872E-4
-1.5364878E-4
-2.2200662E-4
-2.5061693E-4
-2.89822E-4
-2.993097E-4
-3.2426455E-4
-3.4581852E-4
-4.2948665E-4
-4.6750146E-4
-3.0440313E-4
-3.1769747E-4
-3.7579524E-4
-2.880664E-4
-5.008117E-4
-4.6293635E-4
-3.3821474E-4
-3.7206477E-4
-4.2534308E-4
-4.5252894E-4
-4.2593593E-4
-3.52321E-4
-4.0623805E-4
-3.4065256E-4
-4.4927068E-4
-3.9273553E-4
-4.9848726E-4
-4.3815366E-4
-3.0253173E-4
-1.925003E-4
-3.7778247E-4
-3.4374988E-4
-2.5780144E-4
-2.0375015E-4
-4.0753858E-4
-2.472941E-4
-1.9480354E-4
-1.5244263E-4
-2.0077977E-4
-2.1766884E-4
-1.1323411E-4
-6.821074E-5
-9.129042E-5
3.203541E-5
6.633141E-5
4.782196E-5
4.090326E-5
1.6539833E-4
4.7144058E-5
1.7560172E-4
2.0913905E-4
1.0424122E-4
8.710711E-5
1.04698964E-4
-1.6939537E-5
2.2030929E-4
1.158158E-4
1.2637937E-4
-6.6258144E-6
1.4441242E-4
4.9205293E-5
1.9747652E-4
-2.8630384E-5
1.8628736E-4
7.4771706E-5
1.0730405E-4
2.8578334E-5
3.9017104E-5
7.251627E-5
1.5296627E-4
-3.8522274E-5
1.0195148E-4
3.2752734E-5
1.4675548E-4
1.8030414E-5
8.317031E-5
9.283888E-5
7.603004E-5
2.962824E-6
9.8045086E-5
-8.0067985E-5
6.6117E-5
-1.5698679E-4
-4.3995627E-5
9.5850655E-6
1.1330999E-5
-3.2643035E-5
9.8412376E-5
-7.878425E-5
-6.0718216E-6
3.1409472E-5
7.421399E-5
-6.635497E-5
5.3006565E-6
-1.1079295E-4
6.030284E-5
-1.1925169E-4
7.324857E-5
-3.0222613E-5
1.3777959E-4
3.4473953E-5
3.830847E-5
-6.930314E-5
2.882419E-5
-2.486374E-5
1.0583395E-4
-2.773244E-5
8.567672E-5
-3.720038E-5
6.077668E-5
4.490853E-5
-2.1482432E-5
-1.2067742E-4
-1.2711389E-5
1.013081E-5
-3.524723E-5
-3.079042E-6
3.7190166E-5
8.626081E-6
2.1022337E-5
5.3722575E-5
1.0633494E-4
1.249547E-4
1.9286938E-4
1.4393423E-4
1.7494097E-4
1.3226314E-4
1.8589896E-4
1.2539132E-4
2.1852394E-4
1.8784216E-4
2.685006E-4
1.7524425E-4
1.4375566E-4
2.1095309E-4
1.6157368E-4
1.46004E-4
3.066587E-4
2.2083239E-4
3.2012307E-4
3.162559E-4
2.1423704E-4
2.0494201E-4
2.2857693E-4
2.0911434E-4
3.805272E-4
2.882706E-4
3.396213E-4
1.8763222E-4
2.922715E-4
1.764468E-4
2.2302524E-4
1.7228522E-4
2.0602875E-4
2.1178099E-4
1.9178586E-4
1.4108414E-4
1.4369139E-4
1.8304132E-4
7.700485E-5
9.291167E-5
1.8128556E-5
1.3594383E-4
2.9968725E-5
4.107366E-5
1.6807916E-4
2.0406807E-4
2.8892339E-6
1.0170518E-5
9.094647E-6
2.3438917E-5
-7.567094E-5
9.846158E-5
1.226283E-4
-3.3327246E-6
5.0395365E-6
-5.1636885E-5
1.8834911E-5
1.7973668E-6
2.1115264E-5
-7.5879776E-5
-1.107743E-4
7.722483E-5
3.5873407E-5
-6.145618E-5
-1.7015327E-5
1.7677967E-5
-8.048981E-5
-3.3174427E-5
-9.904022E-5
-2.7110233E-5
-4.662522E-5
5.0973038E-5
1.5821444E-5
8.471706E-8
1.1740389E-5
-1.3190987E-4
1.0745819E-4
1.0035448E-5
-6.889729E-5
-7.899223E-5
2.9757325E-6
-9.907639E-5
-2.0867816E-4
-1.2131395E-4
2.2276618E-5
-5.265426E-5
-7.157328E-5
-1.0811016E-4
-1.3785693E-4
-4.702205E-5
-8.137869E-5
-1.0577966E-4
-3.122545E-5
-3.959103E-5
-4.281035E-5
-1.302323E-4
-8.865445E-5
-1.663822E-4
-8.3912455E-5
-1.1921972E-4
-1.0680364E-4
-1.8079828E-4
-1.9586438E-4
-2.1639692E-4
-1.8075608E-4
-3.4770777E-4
-1.6250207E-4
-1.7192186E-4
-3.3882106E-4
-2.7832264E-4
-1.0366929E-4
-1.2986448E-4
-2.4622228E-4
-1.3391557E-4
-1.2414379E-4
-2.1450546E-4
-1.6107547E-4
-2.0723153E-4
-1.6150116E-4
-1.865525E-4
-1.9357611E-4
-2.761593E-4
-6.814227E-5
-1.1626286E-4
-6.488302E-5
-1.3725701E-4
-7.6295335E-5
-8.211008E-5
-5.4049935E-5
-5.8550275E-5
-1.4635472E-4
-3.1297794E-5
2.5975216E-5
-1.044812E-4
-9.521161E-6
-6.0723854E-5
-2.3365821E-5
-9.986321E-5
-1.1488016E-4
1.2009882E-5
-3.893087E-5
-5.5224064E-5
5.1086547E-5
-8.555546E-6
1.6011526E-4
-4.1040817E-5
1.0979613E-4
1.2163993E-4
6.4093336E-5
9.465046E-5
7.442917E-5
1.7173839E-4
1.2203311E-5
9.675425E-5
1.5171849E-4
7.772785E-5
9.61181E-5
1.2463078E-4
6.8835114E-5
1.6597658E-4
7.7118755E-5
1.18944794E-4
1.1038069E-4
7.393351E-5
5.6393383E-6
1.3357648E-4
3.457789E-5
1.8271405E-4
1.03917126E-4
1.2581123E-4
6.93521E-5
1.1482647E-4
1.140233E-4
1.7695632E-4
2.5497917E-5
1.2703078E-4
4.4171997E-5
1.5526167E-4
-3.3684032E-6
6.429333E-5
2.0988407E-6
9.839895E-6
4.816144E-5
5.4097072E-5
2.1723903E-5
4.2738833E-5
8.70469E-5
5.598654E-5
8.97023E-5
1.2906997E-4
8.226591E-5
4.945367E-5
-4.193159E-5
7.960408E-5
-5.8805667E-6
3.1735137E-5
8.661918E-5
1.6669178E-4
4.5472483E-5
2.0151345E-4
1.0521368E-5
4.450005E-5
1.0882666E-5
9.04977E-5
6.22758E-5
7.073764E-5
4.1927793E-5
9.004287E-5
-2.2077687E-5
1.3543601E-4
1.06034975E-4
5.242863E-5
7.108311E-5
1.3441565E-4
5.3973155E-5
2.176016E-4
1.7969574E-4
1.4931987E-4
1.5838427E-4
1.4930565E-4
1.4995177E-4
1.2052497E-4
1.5521179E-4
2.1791215E-4
1.15116905E-4
2.1803325E-4
6.4091655E-5
1.20714445E-4
1.9580305E-4
1.1667582E-4
1.02481674E-4
1.7634877E-4
1.09077155E-5
2.100902E-4
7.777995E-8
5.006716E-5
-5.221924E-5
-1.2382188E-4
3.3724173E-6
-2.7080116E-5
-2.7098835E-5
6.0181846E-6
3.2118747E-5
3.3606913E-5
-1.4476966E-4
-1.6438476E-4
-7.16032E-5
-2.4817746E-5
-1.2320923E-4
-9.883617E-5
-5.9946116E-5
-1.0168161E-4
-2.2196006E-4
-1.756639E-4
-7.098312E-5
-1.7520378E-4
-1.4652738E-4
-1.4229331E-4
-6.8466856E-5
-9.3137656E-5
-2.6390018E-4
-2.194441E-4
-1.2862512E-4
-2.5882403E-4
-2.4584378E-4
-1.511305E-4
-1.9964318E-4
-2.4191148E-4
-2.2431511E-4
-1.3446706E-4
-2.0572964E-4
-1.529802E-4
-2.494249E-4
-1.5559321E-4
-2.034901E-4
-1.356693E-4
-2.1355077E-4
-3.0536248E-4
-2.656102E-4
-3.1544355E-4
-2.4387191E-4
-3.039775E-4
-2.41341E-4
-2.3666046E-4
-1.501852E-4
-2.4992492E-4
-2.4975115E-4
-3.5442875E-4
-2.7674076E-4
-2.6558648E-4
-2.2884923E-4
-2.586138E-4
-1.5936205E-4
-3.162961E-4
-1.7334812E-4
-2.7053774E-4
-2.3210203E-4
-2.84555E-4
-9.7383025E-5
-2.291962E-4
-1.8962867E-4
-2.1698872E-4
-5.5214703E-5
-1.6614221E-4
-7.7512545E-5
-1.6288388E-4
-1.9356889E-4
-2.4117221E-4
-3.3130265E-5
-5.6151257E-5
-1.3508754E-4
-9.108741E-5
-1.6690671E-4
-6.785053E-5
-3.3624005E-5
-1.10789064E-4
-8.201418E-5
-5.743751E-5
3.0316396E-5
1.00639945E-5
-8.6009066E-5
-1.4823103E-4
2.8085446E-5
-1.2816835E-4
7.8455254E-5
-9.098856E-5
-6.1710693E-6
-4.210111E-5
1.972726E-6
-3.327173E-5
2.6704845E-5
-1.775718E-6
-9.227184E-6
-1.5567582E-4
8.904603E-5
-1.4869512E-4
7.372986E-5
-5.5774915E-5
-2.429432E-5
-2.8301138E-5
-2.5937492E-5
-1.0018615E-5
-5.043246E-6
1.19580385E-4
5.6038934E-5
7.933074E-5
8.0559446E-5
1.3098506E-4
1.1363798E-4
1.17562246E-4
1.7832787E-4
4.991005E-5
5.0702176E-5
7.069058E-5
3.615094E-5
5.697258E-5
1.2762884E-4
2.4765131E-5
1.02862905E-4
-3.994202E-6
3.3242068E-5
-9.7148724E-5
5.6627878E-6
3.4780198E-5
-4.0106283E-5
-1.8306522E-4
-9.674818E-5
-5.900988E-7
-1.3365311E-4
-9.3264476E-5
1.3964993E-5
-1.0710421E-4
-6.383987E-5
-1.4722535E-4
-1.1735257E-4
-8.841746E-5
-1.3783581E-4
-1.5921032E-4
-1.4352058E-4
-1.7996923E-4
-6.4027045E-5
-1.4711202E-4
-9.697435E-5
-2.9436409E-5
-9.595307E-5
-1.5052423E-4
-2.1265574E-5
-1.9181256E-4
-4.746002E-5
-1.4115499E-4
-9.365268E-5
-1.14724215E-4
-1.889486E-4
-8.111984E-5
2.7777409E-5
-6.606038E-5
-1.0313902E-4
-6.834071E-5
-6.62715E-5
-7.470336E-5
-9.6660806E-5
1.2481781E-5
-1.4232309E-4
-5.7385E-5
-7.963835E-5
4.3624237E-5
1.8975115E-5
-2.4883766E-5
-9.26839E-6
8.5594686E-5
-2.6932328E-5
3.0151097E-5
-3.0135123E-5
7.004967E-5
8.970461E-5
4.1999458E-5
1.4427732E-4
1.09743836E-4
2.7527754E-5
7.067612E-5
9.59747E-5
7.4312E-5
9.365313E-5
3.074629E-5
1.2787979E-4
1.2284728E-4
1.3728158E-4
1.305329E-4
1.5311953E-4
6.1512284E-5
1.6588633E-4
2.1610947E-4
1.7912875E-4
9.686723E-5
1.454878E-4
1.5090173E-4
2.2747282E-4
1.2189718E-4
1.8592799E-4
2.2772209E-4
1.5362237E-4
2.01897E-4
2.7336125E-4
2.0046633E-4
5.6737197E-5
1.765309E-5
3.863451E-5
3.7141082E-5
7.359772E-5
1.2526213E-4
-1.1998009E-5
5.9069593E-5
1.4530019E-4
-4.2730044E-5
-1.2060142E-4
-7.033609E-6
-1.644204E-5
-3.264331E-5
-3.5967627E-5
-3.036004E-5
-3.552414E-5
-1.002366E-4
-1.03571205E-4
-1.5113881E-4
-1.472909E-5
-4.0148287E-5
-9.843966E-5
-1.511476E-4
-1.364831E-4
-2.1922882E-4
-2.1088346E-4
-1.9566128E-4
-2.6091142E-4
-2.4652158E-4
-2.0420534E-4
-2.4190395E-4
-2.5053354E-4
-2.2800926E-4
-2.6797532E-4
-2.9729187E-4
-3.4669717E-4
-2.1925854E-4
-2.383815E-4
-3.5635478E-4
-2.4307141E-4
-2.5878882E-4
-2.2870398E-4
-3.0272792E-4
-2.3607502E-4
-3.1309924E-4
-2.3770246E-4
-2.1025789E-4
-4.928041E-5
-1.0636491E-4
-2.9310575E-4
-2.3003704E-4
-1.4089912E-4
-2.0912114E-4
-1.6066793E-4
-2.4179395E-4
-2.1468024E-4
-1.9715134E-4
-3.4819186E-5
-1.05401545E-4
-7.845706E-6
-1.0482093E-4
-1.5406696E-6
-7.588788E-5
-3.558529E-5
1.4615695E-5
2.598889E-5
4.1161617E-5
9.459193E-5
-1.6656038E-5
-5.105076E-5
2.4012481E-5
9.832989E-5
1.4844448E-4
1.7227474E-4
1.6515802E-5
1.10843175E-4
-1.9178094E-6
9.345092E-5
1.267729E-5
9.78082E-5
2.0515547E-5
1.2539471E-4
2.1162137E-4
1.7611262E-4
3.4853256E-5
2.474165E-4
1.7170687E-4
1.9902205E-4
6.742295E-5
1.2682601E-4
1.0519113E-4
3.2280048E-4
1.1025795E-4
2.8234228E-4
1.2839273E-4
3.3737352E-4
9.312539E-5
2.2529445E-4
2.7763986E-4
3.3131483E-4
2.2321516E-4
2.6714322E-4
2.2093006E-4
3.345987E-4
2.7492404E-4
3.9390512E-4
2.1880105E-4
2.761864E-4
2.7635295E-4
2.2992461E-4
1.7096511E-4
1.7073075E-4
1.7685053E-4
2.9817558E-4
1.7387082E-4
2.4196207E-4
1.2484763E-4
3.152007E-4
1.8880067E-4
2.3649311E-4
1.0598278E-4
1.7503329E-4
9.075246E-5
2.2518807E-4
2.4567637E-5
1.0947326E-4
4.0145773E-7
1.869771E-4
1.5262844E-5
6.892828E-5
5.5151617E-5
1.5735014E-4
1.0382742E-4
1.6601883E-4
-4.0973987E-6
1.0761696E-4
-4.364626E-5
4.8086906E-5
-2.424193E-5
9.467817E-6
-1.4295934E-4
2.6419759E-5
-6.9605594E-5
-7.954425E-5
-6.195172E-5
-4.6166242E-5
-1.7906836E-4
-1.1780289E-4
-1.563075E-4
-1.1661865E-4
-1.9153979E-4
-1.1946901E-4
-2.4538056E-4
-2.655864E-4
-3.992063E-4
-2.7259885E-4
-1.9038895E-4
-3.114155E-4
-2.445222E-4
-2.3038923E-4
-3.4583753E-4
-1.524904E-4
-3.3082825E-4
-1.2916737E-4
-2.7845084E-4
-1.962809E-4
-2.8680745E-4
-1.2246268E-4
-2.5709602E-4
-2.5618094E-4
-2.8263035E-4
-5.1376846E-5
-3.256945E-4
-2.3803485E-4
-2.8557496E-4
-2.6163936E-4
-2.7262472E-4
-7.364299E-5
-2.4061352E-4
-1.1691685E-4
-1.3274618E-4
-2.9659934E-5
-2.184269E-4
-9.7684926E-5
-1.0319228E-4
-1.5264117E-4
-2.1303365E-4
-1.1019289E-4
-1.13193746E-4
-9.966867E-5
-2.1811313E-4
-1.8120787E-4
-2.1014728E-4
2.8976077E-5
-2.1767648E-4
-1.2775009E-4
-1.0062884E-4
2.048717E-5
-2.5222063E-5
1.5156252E-5
-1.7560586E-4
-1.2853138E-4
-1.309813E-4
-4.0248673E-5
7.796296E-7
5.164378E-5
-1.320048E-4
-1.0077061E-4
-4.9510625E-5
-2.7633581E-5
-7.8599995E-5
6.8797715E-7
-1.356724E-5
-2.8436407E-5
-7.867109E-5
5.1489278E-5
-1.0422862E-4
1.9754369E-5
1.2151685E-5
4.975812E-5
-4.3609034E-5
-5.3979193E-6
5.064638E-5
7.2006296E-5
-6.4832006E-5
-4.7779242E-5
-1.0726609E-4
1.8800756E-7
-9.738715E-5
5.366143E-5
-5.2481173E-5
2.3794442E-5
-3.3503093E-5
9.9357036E-5
1.4513598E-5
3.6247646E-5
-9.165053E-5
1.0398047E-6
3.2955144E-5
1.3704599E-5
-3.1239426E-5
-7.3393203E-6
-7.405373E-5
-3.049405E-5
-4.787141E-5
-9.9938625E-5
-7.788989E-5
-4.5529705E-5
-6.9008514E-5
-3.3947166E-5
-1.4711301E-4
-1.1912691E-4
-7.51859E-5
-6.648216E-5
-2.7199948E-4
-1.6638046E-4
-3.4230144E-4
-1.9148934E-4
-2.1561694E-4
-5.8899495E-5
-2.060772E-4
-1.5830746E-4
-2.4176053E-4
-5.727263E-5
-1.91526E-4
-1.7868538E-4
-1.6330453E-4
-3.0471008E-5
-2.4325805E-4
-1.58733E-5
-2.491313E-4
-8.683407E-5
-1.01614256E-4
-5.005086E-5
-1.1915729E-4
-7.354733E-5
-1.0366161E-4
-1.4838919E-5
-2.405309E-5
5.403078E-5
2.3822256E-5
8.577151E-5
-7.698318E-6
1.4912334E-4
-4.250579E-5
-2.1586737E-5
-2.6515603E-5
1.8821988E-4
2.0091298E-4
2.4154145E-4
1.7115513E-4
2.4838813E-4
1.9055635E-4
2.3762797E-4
1.6198414E-4
3.2116953E-4
1.8437806E-4
2.968044E-4
4.602948E-5
2.4419074E-4
2.5582177E-4
2.9987516E-4
2.647819E-4
2.6812518E-4
1.737384E-4
2.998704E-4
2.7955143E-4
4.1526748E-4
1.7932862E-4
2.754773E-4
1.7342583E-4
2.9150973E-4
1.946863E-4
3.3148928E-4
2.8052024E-4
2.066475E-4
1.2879237E-4
2.2982847E-4
1.3530669E-4
2.6120813E-4
3.8681505E-5
1.6306667E-4
2.5546875E-5
4.6610246E-5
7.382875E-5
7.423148E-5
-9.1767964E-5
1.03863014E-4
-6.414797E-6
1.0738742E-5
-1.2204586E-5
2.187022E-5
-8.9521476E-5
-1.969764E-5
1.8448843E-6
4.451873E-5
-1.2607087E-4
-2.2838904E-5
-5.3780554E-5
8.2300816E-5
-1.6687559E-4
-6.357499E-6
-1.09619425E-4
-1.4568388E-4
-2.3816215E-4
-1.0705082E-4
-7.818733E-5
-1.0204777E-4
-1.9509553E-4
-1.7863471E-4
-2.6214003E-4
-9.167154E-5
-2.353981E-4
1.2614603E-5
-1.639842E-4
-1.364114E-4
-2.6099457E-4
-2.2978951E-4
-1.0787093E-4
-1.791702E-4
-2.4043275E-4
-8.0914855E-5
-2.7473443E-4
-1.5897973E-4
-2.1828072E-4
-8.1145234E-5
-2.9500175E-4
-6.457961E-5
-1.5355764E-4
-7.1262344E-5
-1.6785772E-4
6.7458655E-5
-1.2840838E-4
-1.353035E-4
-1.8212471E-4
-4.5029377E-5
-6.90861E-5
-2.744952E-6
-1.5069616E-4
-1.8511848E-5
-1.7000757E-4
-1.4832002E-6
-1.0436105E-4
-1.1578328E-4
-2.356671E-4
-1.14772985E-4
-2.083402E-4
-1.2403369E-4
-2.5613967E-4
-9.702103E-5
-2.086983E-4
-3.4114884E-5
-3.0805095E-4
-1.635986E-4
-2.1137552E-4
-1.7494673E-4
-2.5941632E-4
-8.195575E-5
-1.9659057E-4
-1.685928E-4
-1.2423705E-4
-7.682165E-5
-1.8450608E-4
-1.03245635E-4
-2.0934867E-4
-2.3906103E-4
-3.5582468E-4
-2.3958023E-4
-3.406575E-4
-9.5057265E-5
-1.780206E-4
-7.0458336E-5
-2.1189623E-4
-1.641966E-4
-1.8657974E-4
-1.4730188E-4
-2.6808793E-4
-1.9281275E-4
-3.1287663E-4
-1.5189353E-4
-2.6435257E-4
-2.7769073E-4
-4.3736884E-4
-1.9912352E-4
-3.0348764E-4
-1.295522E-4
-3.752258E-4
-2.5487455E-4
-3.913882E-4
-3.1988515E-4
-2.98126E-4
-1.9246014E-4
-2.9249943E-4
-1.8708459E-4
-2.7794487E-4
-1.7790784E-4
-3.0439912E-4
-2.853898E-4
-2.32269E-4
-1.884426E-4
-2.8527397E-4
-1.08649714E-4
-1.4868936E-4
-1.4516154E-4
-2.6622426E-4
-1.2821307E-4
-2.0159406E-4
-1.3526253E-4
-1.8367644E-4
-2.3950903E-5
-7.32297E-5
-4.9062197E-5
-1.2696875E-4
7.604999E-5
-9.539275E-5
1.0272715E-5
-5.0495768E-5
2.7200937E-5
-1.7582288E-4
-5.086458E-5
-1.913817E-4
3.2673563E-6
-8.171654E-5
1.2704525E-4
-9.5604286E-5
-1.3405487E-5
-3.5548797E-5
4.447047E-5
-8.920384E-6
7.472096E-5
-1.1996711E-4
1.7407874E-5
5.660642E-5
1.201716E-4
1.1493267E-4
1.9368589E-4
1.8338076E-4
2.5201656E-4
1.3226274E-4
2.2514242E-4
9.4364594E-5
2.811433E-4
2.3931834E-4
3.3995707E-4
3.1928235E-4
3.901178E-4
2.949442E-4
3.636961E-4
3.8219587E-4
4.9202464E-4
3.4799846E-4
3.6153226E-4
3.6008368E-4
3.4300366E-4
3.0927378E-4
4.1242005E-4
3.2913688E-4
5.1702606E-4
4.6233655E-4
3.365278E-4
2.6450888E-4
3.4616407E-4
1.4347846E-4
3.5263557E-4
1.4490551E-4
2.475718E-4
1.4190511E-4
1.8947694E-4
1.5069025E-4
2.3808432E-4
6.4907545E-5
2.1561558E-4
1.940284E-4
2.3937074E-4
-4.8211555E-6
1.579297E-4
1.0092136E-4
2.3256966E-4
-1.1603675E-5
8.867517E-5
-3.5656947E-6
6.5416E-5
6.266992E-5
1.0344412E-4
-7.87333E-5
4.748457E-5
-4.7418744E-5
-9.264922E-5
-5.205856E-5
3.9693492E-5
-2.7293045E-5
-9.536148E-5
-1.6245991E-4
-1.160408E-4
-1.0334907E-4
-7.0038484E-5
-1.8802568E-4
-1.8054574E-5
-2.488701E-4
-2.7416525E-5
-2.7250196E-4
-1.5965698E-4
-3.252027E-4
-9.952971E-5
-3.5257993E-4
-1.4405655E-4
-3.4054916E-4
-1.6135818E-4
-3.0671174E-4
-1.5278865E-4
-1.7407475E-4
-2.3823231E-4
-3.6915395E-4
-1.1638247E-4
-1.9124687E-4
-7.91164E-5
-1.666395E-4
-3.1229247E-5
-8.570431E-5
-4.1191564E-5
-7.614066E-5
-4.9334347E-5
-2.0360701E-4
-3.1773503E-5
-8.888253E-5
-7.6422206E-5
-1.0403769E-4
-2.9603088E-5
1.7561786E-5
-7.1364375E-5
-6.500121E-5
1.9970988E-5
-4.9780436E-5
5.6759254E-5
-5.671021E-5
-2.1255539E-5
-1.5136057E-4
8.98037E-5
-4.2839392E-4
5.257692E-4
-6.703859E-4
5.11466E-4
-7.580658E-4
-4.1041232E-4
7.241592E-4
-2.7627588E-5
-3.72548E-4
-1.5477954E-4
-1.3113591E-4
-1.6372571E-4
-7.994895E-5
-1.3518445E-4
-1.3365758E-4
-6.469678E-5
-1.2063979E-4
-9.871021E-5
-2.0103545E-4
-8.7054344E-5
-1.3399945E-4
5.316014E-6
-1.7739186E-4
1.4407982E-4
-2.3460005E-4
3.995693E-4
-4.5398623E-4
2.8061963E-4
-3.318431E-4
-5.1140547E-4
4.6102155E-4
4.6562116E-5
-2.9135653E-4
-1.7069625E-4
-7.6281234E-5
-8.432317E-5
-2.318385E-4
-1.6299805E-4
-2.1172385E-4
-5.6774083E-5
-1.5700051E-4
-1.5629952E-4
-4.2497207E-4
-1.15639E-4
-3.7789714E-4
-5.105676E-5
-3.275875E-4
-5.58232E-7
-1.7724966E-4
6.777077E-5
-1.8640982E-4
1.5938927E-5
-3.4835495E-4
-2.2853391E-4
-1.8788822E-4
7.210608E-5
-1.8836815E-4
-7.830804E-5
-2.8657785E-4
-7.251081E-5
-2.919837E-4
-1.3216397E-4
-2.397742E-4
1.1536542E-5
-1.5840873E-4
1.258522E-4
-2.057765E-4
-9.9777775E-5
-2.712686E-4
3.504951E-5
-2.3777467E-4
1.6106354E-4
6.7471215E-6
2.6122588E-4
-1.3909931E-4
4.9851722E-5
-2.703634E-4
1.50100295E-5
-1.53084E-4
1.1945764E-4
-1.0167954E-4
2.0770718E-4
-2.2650103E-4
-1.003109E-5
-2.3636859E-4
7.256072E-5
-1.9631343E-4
3.3531687E-5
-1.1250524E-4
9.2533E-5
-3.6576658E-4
-5.5637498E-5
-4.289174E-4
-8.103204E-5
-4.1430513E-4
1.16519375E-4
-1.3992877E-4
1.9073217E-4
-1.4967553E-4
9.872154E-5
-2.1888764E-4
1.0619278E-4
-1.7821681E-4
2.020685E-4
-7.0670416E-5
2.910232E-4
-5.490702E-5
3.10855E-4
-1.4489837E-5
3.218973E-4
3.7838985E-5
4.3126618E-4
2.0747582E-4
5.768899E-4
2.9531002E-4
4.8348497E-4
2.2327149E-4
3.501742E-4
5.0540955E-5
3.5559497E-4
2.3083408E-4
4.3887808E-4
4.4497203E-5
3.7734146E-4
-2.0750183E-4
3.2526633E-4
-5.067309E-4
4.8770467E-4
-0.0011467889
0.0010166625
-0.0018268522
0.0019325129
-0.0031327023
0.0033749377
-0.004983869
0.0053436677
-0.0072642574
0.007994278
-0.009948113
0.011609113
-0.013106436
0.015323221
-0.016559875
0.018627478
-0.02026516
0.02170605
-0.022963755
0.024457458
-0.024879891
0.02718731
-0.024952557
0.009461245
0.041970618
-0.11391883
0.22982514
-0.26489192
0.36960664
-0.38738045
-0.4707826
0.89013624
0.5681004
-0.603422
-1.0
-0.57715493
-0.23295568
0.39814195
0.6366276
0.69086456
0.39744496
0.18744689
0.01104842
-0.06926557
0.051449485
0.24553744
0.24778356
0.15291116
0.06559279
-0.048604965
-0.19110787
-0.15501772
-0.10529996
-0.089806885
-0.18937184
-0.12735774
-0.21156426
-0.06308744
-0.30453315
-0.12977365
-0.15175787
-0.15671219
0.059146333
-0.8827253
-0.057329077
0.6960328
-0.18607329
-0.7460687
-0.55835164
-0.28871614
0.1671332
0.46706975
0.39671236
0.2866894
0.19331749
0.15807416
0.11711359
0.14001106
0.21123281
0.24594165
0.204838
0.097301476
0.014697777
-0.07003693
-0.07269144
0.012502717
-0.024081618
-0.13629285
-0.14126368
-0.089814365
-0.06970519
-0.11099833
-0.1197653
-0.06934367
-0.018967234
-0.07569961
-0.10170007
-0.082954556
-0.08701545
-0.0809669
-0.052540842
0.011997106
0.08796581
0.1078186
0.07577227
0.03148654
0.012252696
0.02985531
0.044435937
0.05544345
0.079271816
0.09392766
0.09727581
0.09575498
0.061306123
0.025856152
0.035654414
0.046605546
0.04827573
0.059888385
0.07215231
0.057813056
0.0398912
0.026005544
0.028722124
0.038014784
0.057290547
0.06470474
0.06786898
0.0756161
0.080255546
0.06546114
0.03951906
0.035205007
0.05186832
0.06846369
0.08539374
0.094605476
0.08315275
0.04819427
0.017892988
0.0035113832
-0.0013644893
0.01826596
0.036666095
0.040113136
0.045388665
0.046990935
0.015760789
-0.024330549
-0.031897057
-0.019397033
0.0016082322
0.012987556
0.026334161
0.022687003
0.01718768
-0.0027843756
-0.018892735
-0.017742004
-0.010662052
0.0024512983
0.014072224
0.016824298
0.0064048143
-0.001955853
-0.011073063
-0.014236399
-0.017383311
-0.02326774
-0.016228018
-0.01359801
-0.012340457
-0.01964645
-0.018353919
-0.02460945
-0.033434812
-0.03169976
-0.025663046
-0.027145429
-0.029608298
-0.027714107
-0.021352302
-0.015236446
-0.015013666
-0.023500986
-0.023883386
-0.014442325
-0.016779589
-0.021318635
-0.02056991
-0.018087164
-0.018752862
-0.020539554
-0.028320769
-0.037660293
-0.03935856
-0.03817684
-0.04246781
-0.0416705
-0.03272756
-0.025433851
-0.03011264
-0.045206763
-0.054107375
-0.05619025
-0.04731356
-0.040247656
-0.028146457
-0.021243935
-0.02142399
-0.026561782
-0.03337937
-0.031834103
-0.02911952
-0.02356126
-0.012947624
-0.008557524
-0.00718365
-0.0082798805
-0.011629903
-0.015045677
-0.016964525
-0.015830016
-0.011946357
-0.007462835
-0.004719931
-0.004481439
-0.005755242
-0.007343242
-0.0077686575
-0.006891812
-0.0048522586
-0.0030309502
-0.0017014244
-0.0011559956
-0.0012630069
-0.0016485633
-0.001809946
-0.0017540453
-0.0012989873
-7.782793E-4
-3.427366E-4
-1.2481556E-4
-4.2363416E-5
-3.0779018E-5
-1.2902527E-5
-0.0
