* Impulse Response data saved by REW V5.20 Beta 12
* IR is normalised
* IR window has been applied
* IR is not the min phase version
* Source: Microfone (E-MU 0404 | USB), no input selected, Left channel, volume: no control
* Dated: 29/06/2017 15:45:39
* Measurement: jun 29 15:45:39
* Excitation:  128k Log Swept Sine, 1 sweep at -14,0 dBFS  Using a loopback as a timing reference
* Response measured over: 1,8 to 20.000,2 Hz
0.015557306818664074 // Peak value before normalisation
5996 // Peak index
6193 // Response length
2.0833333333333333E-5 // Sample interval (seconds)
-0.125 // Start time (seconds)
* Data start
0.0
1.0008674E-11
7.110567E-10
7.794393E-11
2.1464022E-9
7.783795E-10
5.420449E-9
6.8012875E-9
1.5725005E-8
1.615906E-8
2.0458097E-8
1.4917681E-8
1.7062293E-8
3.0373922E-8
3.7129265E-8
2.6947376E-8
2.8630284E-8
-1.1478831E-9
1.08552936E-8
3.1963335E-8
3.0041303E-8
4.7794448E-8
6.279023E-8
8.2142364E-8
-1.3329793E-8
5.079822E-8
1.8586556E-8
-3.5347245E-8
3.9668425E-8
1.3128724E-7
4.9842754E-8
9.099574E-8
1.1841913E-7
1.1820739E-7
1.5262928E-7
1.379806E-7
6.313503E-8
1.329845E-7
2.4882138E-7
6.843279E-8
9.579354E-8
6.581272E-8
1.601723E-7
2.1099505E-7
1.543434E-7
1.9820174E-8
1.1706336E-8
-9.63046E-8
1.7290841E-7
-3.6032958E-7
-2.5475778E-8
-1.6386097E-7
-4.3851E-8
-4.9803003E-7
8.899971E-8
-2.6952756E-7
3.310646E-7
3.8920697E-7
2.6995588E-7
-7.91652E-9
-9.1417206E-8
3.1383803E-7
1.2580828E-7
1.14025504E-7
1.4336939E-7
3.6402927E-8
-4.648091E-7
2.8262008E-7
-3.5864153E-7
1.6670537E-8
1.0648122E-8
-9.0524445E-8
1.7352895E-7
1.719853E-7
-1.041524E-8
5.389537E-7
-6.0948923E-7
-5.284077E-8
8.538522E-8
3.4846883E-7
-1.8325818E-7
1.4137689E-7
9.773236E-8
-6.988247E-7
-7.390309E-8
-8.133059E-7
-5.7493665E-8
-1.1026005E-7
-8.415435E-7
-8.762628E-7
-4.659716E-7
-1.2988343E-6
-1.5648716E-6
-9.704567E-7
-6.588059E-7
-8.3695863E-7
-7.172575E-7
-8.5383226E-7
-9.508627E-7
-1.1306539E-6
-6.212274E-7
-1.098551E-6
-1.9610759E-7
-7.283715E-7
-4.809143E-7
-1.1810115E-6
-5.751459E-7
5.526834E-7
-5.601106E-7
4.1047355E-7
-5.8749347E-8
1.5142504E-6
-2.065925E-7
1.9973343E-6
4.796652E-7
8.7296775E-7
9.377793E-7
8.4358146E-7
-5.3817746E-7
-1.4580182E-7
-5.259322E-8
-6.534408E-7
-2.130595E-6
-1.811878E-6
-1.6884162E-6
-1.0280205E-6
-1.5539074E-6
-4.5952993E-7
-1.5086586E-6
-1.6869101E-6
-1.5653787E-6
-1.621295E-6
8.234013E-7
-3.1687878E-7
4.859638E-7
-4.258255E-7
1.1831446E-6
-1.3649618E-7
2.62616E-6
4.4743356E-7
1.4160391E-6
5.2089985E-7
9.5173476E-7
5.303551E-7
2.0463278E-6
-6.0208055E-7
2.4898814E-6
1.1714922E-6
2.9249898E-7
1.8310067E-6
7.0495076E-7
-3.190325E-6
-1.3645448E-6
-8.4490904E-7
-9.1907815E-8
4.6564418E-7
-1.7939988E-6
7.7593387E-7
-3.2433388E-6
1.2287235E-7
-8.946846E-7
1.6300299E-6
7.6288154E-7
1.4497305E-6
-1.11018906E-7
1.8534868E-6
2.0474674E-6
2.1871672E-6
2.704763E-6
1.8927136E-6
4.7696667E-6
1.7138598E-6
4.076467E-6
2.2185785E-7
4.326155E-6
1.6561919E-6
4.326919E-6
4.779792E-7
4.5151612E-7
-6.9266093E-7
3.1392294E-6
1.9830436E-7
3.8029884E-7
-8.278049E-7
-1.1916608E-6
-2.805803E-6
2.9425394E-6
-9.422118E-8
1.8321731E-6
1.8923552E-6
2.5712184E-6
2.5353584E-6
2.2995841E-6
2.0151845E-6
3.6172028E-6
4.951091E-6
5.900534E-6
5.3489152E-6
1.0619219E-5
1.1647376E-5
3.9151423E-6
4.7763947E-6
9.207247E-6
6.424653E-6
7.281425E-6
8.00054E-6
4.610078E-6
9.736345E-6
9.231669E-6
2.5729769E-6
7.0517895E-6
4.279041E-7
8.8270635E-6
1.87551E-6
5.956958E-6
3.965438E-6
4.633874E-6
5.333957E-6
8.504593E-6
-6.56313E-7
7.79591E-6
5.5770215E-7
-2.9997275E-7
1.2487708E-6
6.1850524E-6
-3.865083E-7
5.3652316E-6
8.415088E-7
3.8826547E-6
1.6672715E-6
2.1665094E-6
-1.2813695E-6
2.1416802E-6
-9.3847984E-7
-6.5739243E-7
-3.925115E-6
1.1639717E-6
4.0529735E-6
1.9734348E-6
7.86527E-6
1.3418337E-6
1.1264044E-6
8.327159E-6
2.7060755E-6
4.597557E-6
-3.995312E-7
6.549361E-6
-1.825506E-7
7.053511E-6
3.6322942E-6
6.7859037E-6
-1.9793847E-6
4.182785E-6
-1.7198261E-6
-4.5707566E-6
-1.3139202E-6
2.3412279E-6
-6.031442E-6
1.0372682E-6
-6.748443E-6
-4.897835E-6
-1.370331E-5
-3.749477E-6
-9.213339E-6
-1.4095637E-6
2.1695837E-6
5.6837766E-6
-4.881641E-6
4.4605517E-6
-8.538334E-6
2.2868417E-6
-1.856841E-6
5.0139543E-6
2.0940518E-6
6.5762997E-6
5.0701656E-6
9.275129E-6
6.6021976E-6
1.3811697E-5
9.890577E-6
1.1930961E-5
2.0624093E-5
1.098838E-5
-1.2224485E-6
3.259925E-6
8.15423E-6
4.552701E-6
5.980649E-6
3.7135649E-6
-1.7377016E-6
4.443117E-6
3.064281E-6
-7.3397423E-6
-9.275858E-6
-2.0653351E-6
-3.174061E-6
2.4395122E-8
-2.8379711E-6
5.8241217E-6
-6.924737E-6
5.514261E-6
8.400749E-6
2.957263E-6
2.178632E-6
1.405123E-5
-6.1984774E-6
1.5237408E-5
1.9340476E-5
2.0143849E-5
1.0128897E-5
1.4494453E-5
-2.0107082E-6
1.30551725E-5
9.350414E-6
1.5271151E-5
5.5565347E-6
1.4072956E-5
9.910198E-6
8.579073E-6
6.8828444E-6
2.372339E-6
3.6830647E-6
2.4365368E-6
5.6362196E-6
1.540121E-6
4.382799E-6
-1.4432978E-5
1.356812E-5
-3.2279763E-6
-7.985694E-7
1.2013689E-7
7.665625E-6
2.8963568E-6
1.695352E-6
-4.9492346E-6
7.378871E-6
-1.5652893E-7
1.4321193E-5
6.078127E-6
8.3120636E-7
3.583446E-6
2.2095119E-6
1.8554152E-6
-7.377099E-6
-2.2861352E-7
-8.607033E-6
-1.0661622E-5
-8.229938E-6
2.7975273E-6
-9.850868E-6
-1.8719176E-7
-2.4023355E-5
-1.1809432E-5
-1.4557962E-5
-1.1898803E-5
-9.330628E-6
-8.395284E-6
-8.633214E-6
-2.7371102E-6
-5.197178E-6
-1.519522E-5
-4.579317E-6
-4.402833E-6
1.0648039E-5
1.8801526E-6
2.892929E-6
-1.6163296E-5
-8.914076E-6
-1.3875083E-5
-8.949175E-6
-2.1972053E-5
-8.742043E-6
-1.784129E-5
5.345165E-6
-3.4746606E-6
6.425809E-6
-1.3544727E-5
1.479315E-6
9.924497E-6
6.3550137E-6
2.408001E-6
1.7159196E-6
1.1521744E-5
1.5946767E-5
2.5339881E-5
-1.7825145E-6
1.3425282E-5
1.0936796E-5
7.362182E-6
2.4713872E-5
1.8595005E-5
5.23097E-6
1.345394E-5
-3.0906806E-6
3.5261703E-5
1.9051913E-5
1.8858154E-5
1.8393095E-5
7.0001734E-6
-1.4219356E-6
1.2068939E-5
1.9428713E-5
2.5300204E-5
-1.0531861E-5
-3.7269926E-6
2.7309557E-5
6.3187827E-6
2.7695633E-5
7.739454E-6
1.7434684E-5
5.0361587E-6
6.9372613E-6
-1.8923996E-6
2.9798816E-6
1.0010373E-5
9.915718E-6
-2.3029126E-7
1.2433195E-5
1.8412078E-5
1.1352865E-5
6.15009E-6
2.502833E-5
2.0552696E-5
2.1404345E-5
3.2535423E-5
1.3069033E-5
5.8217156E-6
1.0515552E-5
1.9500905E-5
2.0408599E-5
2.707674E-5
8.335692E-6
1.2116268E-5
9.558312E-6
1.06558755E-5
1.0629874E-5
1.8811914E-5
1.213088E-5
1.9792607E-5
-3.83149E-6
5.399584E-6
-9.805926E-6
1.0064143E-5
3.779019E-6
4.4659064E-6
-1.3873054E-5
-1.01638125E-5
2.271939E-5
1.1090524E-5
1.730125E-6
-8.616221E-6
1.1152957E-5
1.0495852E-5
2.7437824E-5
6.9241133E-7
9.589696E-6
1.9468302E-5
3.302878E-5
1.0541716E-5
2.2826936E-5
-2.1300095E-5
-1.3458541E-5
-1.7510869E-5
1.7174929E-5
1.7179926E-5
2.2742074E-6
-2.8840725E-6
-1.8331573E-5
6.9488797E-6
-1.2904788E-5
1.70486E-5
-5.567389E-6
-1.3497288E-5
-2.0982938E-5
2.0338173E-5
-2.4416411E-5
1.5365269E-5
-2.1159165E-5
-6.402803E-6
-6.4019196E-6
-4.4715316E-6
-5.1047317E-7
-1.963786E-5
-5.0651015E-6
-1.6906495E-5
-6.927736E-6
-1.2957762E-5
-1.3358511E-5
-1.2421469E-5
1.706981E-5
-1.277571E-5
1.50021415E-5
-3.1152267E-5
1.4493017E-5
1.3320182E-5
1.5154166E-5
-5.1993493E-6
2.027747E-5
-9.612918E-6
1.9081883E-5
8.341674E-6
3.179976E-6
7.259027E-7
2.3217235E-5
6.3539114E-6
2.6327682E-5
-1.8744659E-5
9.630742E-6
1.6483431E-6
5.5685064E-6
-1.4941493E-6
-6.5476834E-6
-1.0748545E-5
6.2184614E-7
-8.03139E-7
-4.3429012E-5
6.664327E-6
-2.9321232E-5
-1.272958E-5
1.209685E-5
-5.6291806E-6
3.801639E-6
-7.629172E-6
-1.0509121E-6
2.7310085E-5
-4.281301E-6
-2.876255E-5
-1.6974427E-5
-1.7686349E-5
-9.24942E-6
-1.9476094E-5
-2.8191055E-6
-1.9461588E-5
1.4841854E-5
-7.6189403E-6
-4.393561E-6
-4.2283253E-5
3.7303027E-5
-1.2617048E-5
3.1889474E-5
1.4924653E-5
4.4153916E-5
-1.728012E-5
8.8991163E-7
-3.1006257E-5
7.730551E-6
1.888285E-5
2.516536E-5
-2.8012582E-6
-8.396628E-7
-1.0852595E-5
5.9423667E-7
1.4792351E-5
2.0310863E-6
-4.0742907E-6
2.1653643E-5
-7.634263E-6
1.3994819E-5
-5.9316944E-6
1.1491816E-5
6.543646E-6
3.9472397E-5
-5.689968E-7
-1.50646365E-5
6.378683E-6
-1.4601684E-5
-5.0010003E-6
8.910627E-6
-5.6818685E-6
-3.118003E-5
-3.2365824E-5
-9.1171005E-6
-2.5035753E-5
-1.3228598E-6
-1.4407315E-5
1.4832996E-5
-1.7220425E-5
1.2468227E-5
-8.939124E-6
3.1033594E-6
-2.1333724E-5
3.5112764E-5
-1.3248947E-5
2.8445436E-6
-9.3854E-6
2.3953045E-5
6.4626715E-6
1.0966516E-5
3.1788808E-5
2.5703288E-5
1.2779106E-5
2.7477723E-5
-1.5086916E-5
3.4320645E-5
1.8121682E-5
2.1305554E-5
3.8210044E-5
2.875067E-5
2.1932758E-6
-1.1205779E-5
-1.7836412E-6
9.594957E-6
3.9807328E-5
-9.304882E-6
-1.4192338E-5
-1.6690441E-5
-2.0123089E-5
-5.861387E-6
5.033533E-7
-1.672853E-5
-3.1988853E-5
3.9044786E-5
-2.6736128E-5
1.6160931E-5
-3.5226763E-5
2.6142736E-5
-1.7294245E-5
4.678077E-5
-5.914675E-5
2.9150715E-6
-9.30476E-7
2.9609162E-5
-2.010144E-5
3.3913566E-5
1.6424854E-5
3.8604278E-5
-4.618661E-5
5.6516543E-5
1.2295789E-5
6.906301E-5
2.7983791E-5
4.2436983E-5
-1.4172314E-5
2.5417634E-5
2.1487802E-5
5.388976E-5
6.273286E-5
2.0294232E-5
-2.1594502E-5
4.1333005E-5
-2.3848725E-5
-3.614196E-5
-3.2401565E-6
-6.0353973E-6
9.7894135E-6
-6.247489E-6
-5.5150404E-6
2.2211669E-5
-4.6597568E-5
4.7432345E-6
-2.0076466E-5
1.1837978E-5
-2.2921908E-5
-2.1220289E-5
-1.8553914E-5
2.2228665E-5
1.3713824E-6
3.123941E-6
-5.9176775E-5
9.193954E-6
-2.229565E-5
3.8358125E-5
-5.5871465E-6
5.5790522E-5
-3.303666E-5
1.5468668E-5
-5.6642373E-5
2.2834192E-5
-5.5325258E-5
4.5101613E-5
-4.2251486E-5
8.021934E-6
-4.716108E-5
8.903515E-6
-2.8841234E-6
2.027194E-5
-1.1500844E-5
1.5843569E-5
-5.6640492E-6
-5.1689098E-5
1.6527409E-5
-1.5932448E-5
1.9698444E-5
3.2399591E-6
-9.02551E-6
-5.1656684E-6
1.6537482E-5
1.0048943E-5
6.892434E-5
3.0851912E-5
4.49125E-5
-2.937938E-5
1.7954228E-5
-1.9433213E-5
5.8239202E-5
-8.3025134E-7
-3.7351016E-5
-6.8870955E-5
-1.2779358E-6
-5.8929672E-5
1.8743422E-6
-4.7850845E-5
2.0267307E-5
-8.014724E-5
1.979407E-5
-1.1995794E-4
3.253047E-5
-1.0263734E-4
7.697835E-5
-1.909575E-4
1.8808075E-4
-2.5056777E-4
2.0715244E-4
-3.932536E-4
4.417972E-4
-5.509199E-4
0.0010507958
-0.0011780282
-2.1709448E-4
0.0016849174
-0.0023027526
0.0027644353
-0.0011482732
-7.679346E-4
-0.0010656822
0.0013699232
-4.0124657E-4
7.430986E-4
4.4198314E-5
8.4948714E-4
-6.4763335E-5
-7.0948544E-4
-0.0015296356
-0.0013355131
-7.9469406E-4
3.5214602E-4
9.0426166E-4
0.0019885956
0.0015061442
9.6156535E-4
-3.6285896E-4
-6.4835075E-4
-0.0011330724
-9.833093E-4
-0.0011706466
-3.4451627E-4
-3.711405E-4
-6.71744E-6
-3.5880666E-4
9.932937E-5
9.689189E-5
7.060334E-4
3.5193638E-4
7.138984E-4
4.264714E-4
5.350152E-4
3.652942E-4
5.2880496E-4
2.2742104E-4
2.8485648E-4
6.557119E-5
-1.1667056E-4
-6.123201E-4
-2.6083758E-4
-4.7001918E-4
-4.0184133E-4
-4.2009348E-4
-1.538911E-4
-4.7508607E-4
-3.3301057E-4
-4.2401327E-4
-3.8613184E-4
-4.035579E-4
-1.8656428E-4
-1.05469444E-4
-1.5258443E-5
-1.752865E-5
1.4940439E-5
1.9813345E-4
2.1432531E-4
3.593124E-4
4.7160892E-4
5.406273E-4
5.048251E-4
5.320457E-4
4.5870838E-4
2.9474203E-4
1.9742592E-4
2.534265E-4
2.062882E-4
2.5034833E-4
1.940378E-4
1.09915316E-4
7.745061E-5
6.800931E-5
-1.9775408E-4
-7.554331E-5
-3.628013E-4
-3.0548158E-4
-4.7353937E-4
-2.2391148E-4
-4.0615106E-4
-1.4513491E-4
-3.3118363E-4
-1.0959206E-4
-3.8342923E-4
-9.6708885E-5
-3.4567594E-4
-1.275123E-4
-3.1251495E-4
1.1513982E-5
-1.8938046E-4
7.3079675E-5
-2.332963E-5
3.0935384E-4
-5.3545962E-5
3.0902735E-4
-4.4387793E-6
2.3152225E-4
-8.4124054E-5
2.1103126E-4
-7.881097E-5
2.550735E-4
8.5482294E-5
3.0598108E-4
6.8595284E-5
2.5937008E-4
9.160033E-5
2.5112933E-4
-2.7244969E-5
1.1999413E-4
-2.88855E-5
1.5327659E-4
-4.549187E-5
3.703529E-5
-1.2773414E-4
-5.544859E-6
-3.5504607E-5
1.529589E-4
5.9294143E-5
5.7167865E-5
-4.1917738E-5
-6.3008476E-5
-2.4412999E-4
-1.4562269E-4
-1.4088729E-4
2.0937854E-5
-1.6208669E-5
4.774488E-5
-4.6251553E-5
-4.399529E-5
-1.0668943E-4
-1.518855E-4
-2.3624905E-4
-9.573114E-5
-7.1990755E-5
6.539953E-5
2.304195E-5
-1.1758836E-5
-6.251709E-5
-1.134132E-4
-5.069251E-5
-4.5898552E-5
7.7097844E-5
3.2453765E-5
9.760954E-5
-5.3509822E-5
-5.6437607E-6
-1.6401974E-4
-1.1654589E-5
-5.138612E-5
7.398908E-5
-1.9093652E-5
2.2120179E-4
-6.607777E-5
7.359747E-5
-1.9068399E-4
3.5841292E-6
-2.1003728E-4
6.848167E-5
-2.057965E-5
3.0668508E-4
-2.126636E-5
1.4481517E-4
-1.6649923E-4
4.672778E-5
-2.1044927E-4
6.1479586E-5
-4.116644E-5
1.7211851E-4
-3.9157592E-5
1.18149575E-4
-1.85396E-4
-6.120455E-5
-2.1923758E-4
-4.413596E-5
-1.7981492E-4
1.4391822E-5
-1.3116833E-4
8.34767E-5
-7.8439174E-5
4.2464577E-5
-1.2345353E-4
-8.5555825E-5
-2.548528E-4
-7.734425E-5
-1.8846251E-4
-7.1597155E-5
-1.4355409E-4
-7.240547E-6
-1.7058912E-4
-4.1207575E-5
-2.1574736E-4
-8.614564E-6
-1.6003837E-4
-4.9850937E-6
-8.0809674E-5
4.4474913E-5
-1.1322688E-5
-1.9969299E-5
-5.9027494E-5
-1.1963546E-5
2.0126461E-5
1.0747044E-4
1.01850696E-4
1.0694972E-4
6.938969E-5
7.278696E-5
-1.683458E-6
-1.5448553E-5
-8.948251E-5
-3.7234844E-5
1.2489049E-4
1.4054972E-4
9.781586E-5
1.01717305E-4
9.956221E-5
1.5280011E-5
1.065296E-4
-1.1083836E-5
1.8421213E-4
2.0722362E-4
3.0289154E-4
2.0270445E-4
2.2290905E-4
9.4103205E-5
1.3233913E-4
2.330007E-5
4.547866E-5
4.079952E-5
8.524512E-6
4.3014945E-5
4.0951287E-5
-3.7775237E-5
-5.3652602E-5
-3.0928117E-5
2.8574465E-5
6.8215275E-5
3.710077E-5
1.4400108E-4
9.5639836E-5
5.749494E-5
2.4593697E-5
1.3047032E-4
9.047277E-6
8.363043E-5
-2.0092171E-5
9.703758E-5
-1.0386288E-5
7.55164E-5
-7.41435E-5
2.5562787E-5
-7.671123E-5
-1.06772015E-4
1.4904703E-4
-2.690364E-4
-2.0647947E-4
4.211846E-4
-4.622145E-5
5.6230838E-5
-4.8124438E-4
-5.7709636E-5
-7.902268E-5
1.3709976E-4
7.713861E-5
-4.1523433E-4
-2.6410978E-4
3.3591824E-4
-2.6457192E-4
-4.3353546E-4
-3.6124044E-4
-1.8360108E-4
-1.1580042E-4
-1.3365378E-4
-2.3463293E-4
3.2695505E-5
-6.613582E-5
-1.871032E-4
-2.7463352E-4
-5.8259844E-5
-3.7808166E-4
-2.6604146E-4
-5.01542E-4
-3.6658611E-4
2.7576627E-4
3.6926405E-4
2.3961577E-4
-4.2758318E-5
-1.57962E-6
-4.4784305E-5
-4.49036E-4
-7.2389474E-4
-1.9359274E-4
8.705759E-5
2.1064532E-5
-2.693936E-4
-1.6026845E-4
7.0054106E-5
-1.2344589E-5
-3.839439E-5
9.6596465E-5
1.0458062E-4
5.8519126E-5
1.2959115E-4
4.5001354E-5
4.050686E-5
-1.7925575E-4
-6.8727655E-5
-1.5579676E-4
9.013768E-6
3.158317E-5
2.1177811E-4
8.9898E-6
2.0320844E-4
-2.5691297E-5
4.1388607E-6
-1.6946468E-4
-5.3619566E-5
-1.9848532E-4
-3.843724E-5
-2.7172326E-4
-6.468214E-5
-2.9709507E-4
2.1521433E-5
-1.6758502E-4
5.6000048E-5
1.5843772E-5
2.037321E-4
4.4383727E-5
1.8007314E-4
7.0727816E-5
2.6089768E-4
1.9496484E-4
3.3871096E-4
3.4664312E-4
5.349521E-4
4.3600556E-4
6.0572906E-4
3.4439054E-4
3.5717926E-4
2.1325944E-4
4.1336022E-4
3.1302433E-4
4.3776893E-4
2.5404934E-4
3.4276096E-4
1.7367619E-4
-6.3461025E-6
-5.1124767E-5
-9.0082885E-6
-8.329404E-5
3.326962E-5
-6.799677E-5
-7.115716E-5
-2.7195996E-4
-1.1305543E-4
-3.572489E-4
-2.2939724E-4
-3.417926E-4
-1.9938756E-4
-2.7104566E-4
-1.6511805E-4
-3.322203E-4
-1.479574E-4
-3.3146047E-4
-1.6959939E-5
-2.4628584E-4
-2.7503726E-5
-1.8442313E-4
8.036287E-5
-1.2414547E-4
1.2206864E-4
-5.2077838E-5
1.4712925E-4
4.776842E-5
2.4129348E-4
9.959269E-5
3.574382E-4
1.1424449E-4
3.935036E-4
1.0028939E-4
3.9750998E-4
2.4160801E-4
4.194843E-4
1.8030226E-4
3.511869E-4
2.0249763E-4
3.320274E-4
2.2220211E-4
3.2985373E-4
4.1711934E-5
1.2392602E-4
5.615809E-5
5.045341E-5
-1.0869129E-4
-3.161198E-5
-2.2575696E-4
-8.8833585E-5
-2.9025035E-4
-2.7948662E-4
-4.892401E-4
-4.3598106E-4
-4.7821528E-4
-4.0766713E-4
-5.309136E-4
-3.9634013E-4
-4.033268E-4
-2.5518172E-4
-5.01256E-4
-2.5085942E-4
-5.417441E-4
-3.1511128E-4
-5.177539E-4
-2.4606645E-4
-3.977625E-4
-1.823477E-4
-4.2952163E-4
-1.2037553E-4
-3.611948E-4
-1.3476641E-4
-1.4626609E-4
4.886832E-5
-1.9903292E-4
7.123297E-5
-3.0481306E-5
1.6522474E-4
-1.11209E-5
1.8661565E-4
1.01204045E-4
1.9750587E-4
1.41297E-4
2.0313391E-4
5.8900907E-5
9.821602E-5
7.950036E-6
1.05620384E-4
-8.160027E-5
-1.5181559E-5
-4.1642867E-5
-4.0455143E-5
3.512795E-5
-3.632158E-5
-1.1261811E-4
-2.105654E-4
-3.0383834E-4
-1.5256481E-4
-1.10716835E-4
-7.851031E-5
-1.9945351E-4
-1.524366E-4
-2.8103372E-4
-2.520766E-4
-3.5383235E-4
-2.4238616E-4
-2.908488E-4
-1.9472462E-4
-3.2764097E-4
-1.8064825E-4
-1.9101E-4
-6.353758E-5
-2.2100458E-4
-1.5492573E-5
-1.2443466E-4
-1.359621E-4
-1.2955425E-4
7.712417E-5
-8.3376166E-5
8.028568E-5
1.5497099E-5
7.210183E-5
4.460334E-5
1.7866676E-4
9.922968E-5
1.9630918E-4
1.3819728E-4
1.5078281E-4
1.389258E-4
1.1188493E-4
2.5495305E-5
-2.4136614E-6
3.1913576E-5
-5.525202E-5
1.8543902E-5
-1.2862941E-4
-2.0217858E-5
-1.1170759E-5
-9.419519E-5
-1.2383833E-4
-8.8751054E-5
-9.358872E-5
-3.775889E-5
-1.50508895E-5
9.200271E-6
-3.152135E-5
9.078269E-6
4.2879183E-5
1.3035444E-4
7.050535E-5
8.0615515E-5
2.772332E-4
1.7452857E-4
3.1992723E-4
2.538366E-4
3.6806497E-4
3.001538E-4
3.6566245E-4
3.3769803E-4
3.8201082E-4
3.9204687E-4
4.6255483E-4
3.6701307E-4
5.140875E-4
5.342887E-4
4.6687305E-4
4.6871597E-4
4.7170988E-4
4.6045476E-4
3.0736468E-4
3.459098E-4
3.2290944E-4
2.0023475E-4
1.8440787E-4
1.7907457E-4
2.5019396E-4
2.0203672E-4
4.360624E-5
5.5336448E-5
-6.4254054E-5
-8.460521E-5
-1.5754325E-4
-1.3853639E-5
-2.7839498E-5
-1.3934947E-4
-2.0962043E-4
-9.188716E-5
-1.3961452E-4
-1.3104771E-4
-1.5858377E-4
-1.4803505E-4
-1.1559582E-4
-2.059551E-4
-2.0522065E-4
-1.6652602E-4
-7.5640775E-5
-1.6254385E-4
-1.0042134E-4
-1.4916575E-4
-1.2127273E-5
5.3070715E-7
1.5133602E-4
4.215341E-5
8.865808E-5
1.1363819E-4
1.9117315E-4
1.5060464E-4
1.9707641E-4
1.16910924E-4
8.9069305E-5
2.1657078E-4
1.6092473E-4
2.4409738E-4
-7.1981285E-6
8.74651E-5
9.448824E-5
9.355605E-5
5.2301093E-5
-5.0083385E-5
-9.8151475E-5
-9.649582E-5
-9.405449E-5
-7.652177E-5
-8.113248E-5
-1.3419484E-4
-9.409143E-5
-1.79692E-4
-1.8794954E-4
-2.840434E-4
-1.5084198E-4
-1.1527874E-4
3.585765E-5
-1.7682827E-4
-8.529843E-5
-2.5577037E-4
-1.5564915E-4
-8.376471E-5
-1.9481758E-4
-1.041195E-4
-1.5345102E-4
-2.5526417E-4
-2.2187483E-4
-2.4659024E-4
-2.6079649E-4
-1.8822035E-4
-1.7068104E-4
-2.4155341E-4
-1.3404361E-4
-1.3572947E-4
-2.4156647E-5
-1.474061E-4
-1.5671608E-4
-7.9869096E-5
-1.6151865E-4
-2.9512894E-4
-4.127175E-4
-3.4089191E-4
-3.3168594E-4
-3.660382E-4
-4.7055047E-4
-4.5643887E-4
-4.170514E-4
-5.105412E-4
-6.2632444E-4
-5.583333E-4
-4.8953487E-4
-4.380936E-4
-6.5087294E-4
-5.973055E-4
-5.5350165E-4
-4.3197296E-4
-4.863269E-4
-4.4319255E-4
-4.3410427E-4
-3.6755324E-4
-4.2482556E-4
-4.2711833E-4
-3.138072E-4
-3.0451617E-4
-1.5265493E-4
-2.1307828E-4
-7.854543E-5
8.889552E-6
6.614463E-5
-8.777719E-6
1.3396345E-5
6.116315E-5
6.030412E-6
1.1636087E-4
6.0919163E-5
9.0523856E-5
7.995136E-5
1.4598163E-4
1.3720138E-4
1.1644703E-4
7.889723E-5
2.4315045E-4
-2.4455194E-5
5.442799E-5
2.0938822E-4
7.468676E-5
7.074943E-5
-6.605523E-5
-2.802362E-4
-1.7670725E-4
-1.7655008E-4
-9.331605E-5
-1.3596048E-4
-1.4654204E-4
-4.2703925E-4
-3.1824893E-4
-3.3786724E-4
-1.962569E-4
-3.0271985E-4
-2.0442747E-4
-3.200282E-4
-4.987529E-4
-3.4722965E-4
-3.8744442E-4
-3.7394813E-4
-1.4556493E-4
-2.0351924E-4
-1.9794675E-4
-3.0297032E-4
-2.9845536E-4
-3.2384382E-4
-1.06415624E-4
-2.6091657E-4
-2.1215611E-4
-2.3038173E-4
-2.3738214E-5
7.420837E-5
-5.1538438E-5
-1.636385E-4
1.6251684E-5
-2.71878E-5
9.061307E-5
-4.3503883E-6
1.1153075E-4
-5.781199E-5
1.694789E-4
1.1025153E-4
1.8183664E-4
1.5570277E-4
2.3637088E-4
7.901353E-5
2.0066409E-4
8.254626E-5
1.2026512E-4
1.3822039E-4
3.2964713E-4
1.4688435E-4
2.0579206E-4
9.279333E-5
1.237045E-4
-8.732705E-5
1.1011218E-4
6.100276E-5
1.8272744E-4
-8.637267E-5
9.952926E-5
5.3820128E-5
5.4019467E-5
-1.5144797E-5
-6.3658816E-5
1.290691E-4
-1.8182043E-5
-1.7295322E-5
1.1548241E-4
2.0272011E-5
1.7435006E-4
1.0235249E-4
1.4311807E-4
2.6963948E-5
3.9505525E-5
1.7506339E-6
4.942923E-5
7.738368E-5
1.7488282E-4
1.0361961E-4
2.4754225E-4
1.4636206E-4
6.432029E-5
9.969301E-6
2.2448608E-4
1.2433207E-4
6.1645515E-5
3.598645E-5
3.500992E-5
-2.1625287E-5
2.4092171E-6
-1.8943292E-4
1.0831993E-4
1.0707088E-5
5.0780134E-5
-6.934325E-5
-1.4192179E-5
-6.892082E-5
-1.0082595E-6
-1.35400805E-5
9.445928E-6
1.945454E-5
1.0309571E-4
1.08423425E-4
7.499574E-5
2.1568829E-5
5.0244587E-5
1.3633855E-4
1.2516613E-4
9.514946E-5
1.9684534E-4
1.8796806E-4
4.0045587E-4
3.3289124E-4
1.9863604E-4
3.090397E-4
3.291612E-4
2.3853373E-4
3.822108E-4
4.5030852E-4
7.175155E-4
4.453539E-4
4.582909E-4
4.4436284E-4
4.7566523E-4
3.8567788E-4
4.6799076E-4
4.6280804E-4
5.971446E-4
4.6527237E-4
5.4661284E-4
4.9079675E-4
5.349888E-4
4.301385E-4
4.490494E-4
1.7854E-4
1.1337623E-4
1.1500441E-4
1.9935949E-4
7.342722E-5
2.1461322E-4
6.279032E-5
1.2436291E-4
4.9391765E-5
-7.885662E-5
-2.8571015E-4
-2.8276822E-4
-3.6852126E-4
-4.174984E-4
-3.926421E-4
-3.3801145E-4
-4.1072973E-4
-3.4627388E-4
-4.6546588E-4
-3.6743545E-4
-3.3069515E-4
-3.024928E-4
-2.546156E-4
-1.8115148E-4
-2.2558111E-4
-1.806804E-4
-1.7270051E-4
-3.0394924E-5
-1.02097634E-4
3.7528102E-6
-7.97521E-5
1.4707145E-5
-7.084108E-5
3.023025E-4
2.8014282E-4
2.80103E-4
1.5602123E-4
3.2353724E-4
2.9184052E-4
3.6063697E-4
2.1857682E-4
4.850681E-4
3.24906E-4
4.705165E-4
4.2053248E-4
3.3866605E-4
3.1662753E-4
3.3744716E-4
2.6979268E-4
4.3578492E-4
1.6542044E-4
1.4036066E-4
9.3523035E-5
1.17543095E-4
2.4361176E-5
-5.1984557E-6
-2.7525306E-5
-1.8363746E-4
-2.5991088E-4
-2.127625E-4
-4.7107908E-4
-3.4157952E-4
-3.640232E-4
-4.3737766E-4
-5.478915E-4
-5.216149E-4
-5.4302195E-4
-3.3907805E-4
-4.0660708E-4
-4.3864766E-4
-5.8749574E-4
-4.8357138E-4
-5.9005327E-4
-5.3257344E-4
-4.9338676E-4
-4.6312917E-4
-4.8275816E-4
-2.822322E-4
-1.4042325E-4
-1.6413606E-4
-2.72215E-4
-9.023332E-5
-1.695992E-4
-2.6746702E-4
-3.6534312E-4
-3.3804527E-4
-2.834792E-4
-1.03536186E-4
-1.9013507E-5
5.4111915E-5
2.9654708E-5
-8.978544E-6
-2.0603539E-4
-1.19943936E-4
-2.3762113E-4
-2.598802E-4
-2.175089E-4
-3.4049572E-4
-1.4860477E-4
-1.9702154E-4
-2.0267005E-4
-3.102445E-4
-2.0936964E-4
-4.1566644E-4
-3.8896085E-4
-3.245802E-4
-2.6170618E-4
-2.6584897E-4
-3.749621E-4
-2.5383476E-4
-2.682688E-4
-2.968835E-4
-2.7149264E-4
-2.1539009E-4
-2.6871136E-4
-1.6268066E-4
-2.6174544E-4
-1.877036E-4
-3.1676263E-4
-1.7086322E-4
-2.8323865E-4
-1.2903992E-4
-2.9133869E-4
-1.794188E-4
-2.1331962E-4
-2.297771E-4
-1.8060059E-4
-1.9378755E-4
-1.4481736E-4
-2.7386632E-4
-1.7191711E-4
-2.571066E-4
-3.0668877E-4
-2.8306202E-4
-2.795324E-4
-3.0115535E-4
-4.081748E-4
-4.547942E-4
-4.312777E-4
-5.122756E-4
-5.061183E-4
-4.4633984E-4
-4.8168455E-4
-6.827654E-4
-4.7086403E-4
-6.678344E-4
-6.2518835E-4
-7.074855E-4
-6.3421315E-4
-5.767283E-4
-6.019488E-4
-5.6875317E-4
-5.850318E-4
-5.6038843E-4
-5.763593E-4
-4.8788945E-4
-4.707681E-4
-3.6846232E-4
-3.7448623E-4
-2.2829944E-4
-1.982358E-4
-1.1596939E-4
-1.09005494E-4
9.674014E-6
-1.38345895E-5
1.5347763E-5
-8.217021E-5
1.6671255E-4
1.2058565E-4
1.6384716E-4
1.1470246E-4
2.846009E-4
3.357172E-4
2.986362E-4
2.802688E-4
9.0820904E-5
1.1469949E-4
6.6394E-5
-3.199633E-5
9.6669326E-5
3.1739968E-5
-1.0198648E-4
-8.7702225E-5
-7.210064E-5
-5.405933E-5
-8.1933824E-5
-4.4766242E-5
-2.9784613E-5
-1.5044463E-4
-1.6406087E-4
-7.755784E-5
-5.7782978E-5
-1.4884397E-4
-1.5919947E-4
-1.0735526E-4
-1.20864235E-4
-1.1201378E-4
-7.005393E-5
-1.5537337E-4
-1.6209368E-4
-1.8681573E-4
-1.3945153E-4
-1.191485E-4
-1.8253508E-4
-1.2154377E-4
-3.465355E-5
-7.626215E-5
-1.0663068E-5
-2.0506142E-5
2.8185117E-5
4.9568676E-5
9.143474E-5
8.268256E-5
1.4995778E-4
1.0625293E-4
1.816605E-4
1.6723716E-4
1.8958298E-4
2.0252008E-4
1.2593354E-4
1.3064305E-4
1.9774574E-4
3.486567E-4
2.9955624E-4
2.877452E-4
2.1234251E-4
3.8740362E-4
1.8885455E-4
2.5209397E-4
1.4204891E-4
3.882673E-4
3.1086916E-4
4.4725003E-4
3.0097843E-4
2.9097122E-4
3.3360015E-4
3.2630007E-4
3.2923245E-4
3.404613E-4
2.701163E-4
3.6238358E-4
3.73771E-4
2.2669809E-4
2.5939272E-4
4.266513E-4
3.8018142E-4
3.9737072E-4
3.64885E-4
2.4538144E-4
3.0243633E-4
2.3726467E-4
2.5673158E-4
3.0811416E-4
2.5475054E-4
2.5074717E-4
1.1566368E-4
2.0608344E-4
3.3095284E-4
1.4582807E-4
1.5006178E-4
1.5392575E-4
-2.7590635E-5
7.815434E-5
5.397691E-5
1.19254706E-4
-1.3775979E-5
5.4585176E-5
-2.3439672E-5
-1.0920345E-4
-8.716694E-5
7.824982E-5
-9.639867E-6
-1.6347873E-4
-1.04297666E-4
-1.7953309E-4
-4.4730594E-5
-7.355221E-6
5.3153723E-5
-3.1237745E-5
-4.9026152E-5
-6.425914E-5
4.107889E-6
-1.5614514E-5
2.1346996E-5
1.0387102E-4
4.360962E-5
1.3798235E-4
3.9694185E-4
3.0722556E-4
3.4939256E-4
3.61526E-4
4.4417827E-4
3.9856846E-4
3.4509736E-4
3.436116E-4
3.5977393E-4
2.502183E-4
3.9802687E-4
4.1763965E-4
5.058678E-4
4.2837358E-4
4.3620585E-4
4.633618E-4
5.6191906E-4
5.504601E-4
4.2918467E-4
3.3133943E-4
3.1571215E-4
2.789508E-4
2.481864E-4
2.5135878E-4
2.8736837E-4
1.908838E-4
9.9557285E-5
1.9567124E-4
9.0743655E-5
7.157019E-5
4.606026E-5
3.6233418E-5
-4.866729E-5
-1.16565345E-4
-1.0328197E-4
-1.6418022E-4
-1.3070753E-4
-1.5732198E-4
-1.9375295E-4
-1.1261332E-4
-2.1278393E-4
-2.0004177E-4
-3.600031E-4
-3.049288E-4
-2.615639E-4
-3.2967972E-4
-3.5255912E-4
-4.3273266E-4
-2.7163525E-4
-3.291774E-4
-2.0351814E-4
-2.9417677E-4
-2.9826871E-4
-3.7455585E-4
-2.5333356E-4
-2.3471043E-4
-2.0442238E-4
-2.3245758E-4
-2.3736311E-4
-1.9439108E-4
-1.4821408E-4
-7.892422E-5
-1.7089561E-4
-1.4912446E-4
-7.145585E-5
1.3969229E-5
-8.8007444E-5
-5.2907697E-5
-4.715223E-6
1.7830291E-4
5.763419E-5
6.433714E-5
-1.315173E-5
1.0996234E-4
7.858289E-5
9.4839364E-5
6.5124776E-5
1.6897068E-4
1.2026087E-4
1.8988876E-4
1.9748318E-4
1.5334938E-4
1.3578752E-4
1.9092682E-4
1.1571928E-4
1.2759025E-4
1.980866E-4
1.8956672E-4
6.4008775E-5
1.857198E-4
3.0531004E-4
1.237796E-4
3.5405872E-5
1.6318661E-5
4.3971933E-5
3.9660782E-7
-3.207729E-5
-1.750548E-5
-1.0192844E-4
-1.05976156E-4
-1.7259095E-4
-2.391947E-4
-2.8025784E-4
-2.0252103E-4
-2.0577025E-4
-4.0236837E-4
-3.8533995E-4
-3.2848597E-4
-3.1178794E-4
-3.3528905E-4
-4.6663333E-4
-2.8086992E-4
-3.4036467E-4
-2.997267E-4
-3.555276E-4
-1.8761122E-4
-3.3713493E-4
-2.3624819E-4
-3.3042167E-4
-2.1357974E-4
-2.3454455E-4
-1.949524E-4
-1.9292189E-4
-5.3357024E-5
-1.3777502E-4
-2.7401153E-5
-1.068597E-4
-3.9283303E-5
-1.0411601E-4
1.1228209E-5
1.407865E-4
2.1820329E-4
9.582807E-5
1.428506E-4
1.3669953E-4
2.0606414E-4
2.0019712E-4
3.00115E-4
1.8614983E-4
3.7873446E-4
2.3434305E-4
2.6976416E-4
1.8932928E-4
1.7802465E-4
2.1950311E-4
3.233926E-4
2.27116E-4
2.0413646E-4
1.1676213E-4
1.2816729E-4
5.495281E-5
-5.46704E-6
-6.896861E-5
1.4144942E-6
-8.38232E-5
-1.4337516E-4
-9.9734265E-5
-1.6065873E-4
-1.21669014E-4
-2.2086299E-4
-2.3691033E-4
-2.8562185E-4
-2.9937367E-4
-3.0442746E-4
-3.9646143E-4
-2.9800658E-4
-3.648072E-4
-2.919056E-4
-4.7036054E-4
-4.6671563E-4
-4.4557435E-4
-3.6706676E-4
-4.4311865E-4
-3.7026158E-4
-3.1184798E-4
-3.565193E-4
-3.1895374E-4
-3.427092E-4
-2.9868167E-4
-2.3515182E-4
-1.8306042E-4
-1.5348782E-4
-5.9856688E-5
-1.4643968E-4
-1.773399E-4
-1.2324071E-4
-1.7987542E-4
-7.176172E-5
-1.7796122E-4
-1.2979828E-4
-1.3121136E-4
-1.17187454E-4
-1.1106568E-4
8.23836E-6
-1.1365513E-4
-8.473021E-5
-7.433377E-5
-9.526086E-5
-1.08498725E-5
-1.07789725E-4
-9.812323E-5
-1.0222078E-4
-4.7066143E-5
-1.09417215E-5
-2.640225E-5
-4.8575785E-5
-9.068866E-5
-1.6100526E-4
-9.571495E-5
-7.8384735E-5
5.2390842E-5
-2.9805664E-5
-3.0245772E-5
5.816202E-6
3.5752153E-5
-1.5314596E-5
-5.2790238E-5
-7.750669E-5
-3.9125363E-5
-5.0635554E-5
1.327684E-4
-3.7320024E-5
-1.912884E-5
-1.0159132E-4
1.1794422E-5
-1.0441588E-4
-1.3911037E-4
-1.3986017E-4
-7.954819E-5
-1.7226543E-4
-1.17044845E-4
-1.990847E-4
-1.8519182E-4
-3.199757E-4
-3.1138276E-4
-2.624301E-4
-4.1565887E-4
-4.839008E-4
-4.0029024E-4
-3.681747E-4
-4.4880895E-4
-3.9707831E-4
-4.9639307E-4
-4.600876E-4
-3.9610133E-4
-3.9008484E-4
-3.5155364E-4
-3.8792563E-4
-3.3047266E-4
-4.030067E-4
-2.100462E-4
-2.1193597E-4
-1.5599979E-4
-2.1336545E-4
-4.9460177E-5
-1.2811535E-4
-1.21729165E-4
4.7234407E-6
1.0563853E-4
1.5132802E-5
1.06628075E-4
6.625081E-5
2.2497315E-4
1.8784248E-4
3.0990236E-4
2.1977589E-4
2.9170673E-4
4.0224925E-4
3.9900414E-4
4.071409E-4
3.0007478E-4
2.2233713E-4
2.8915424E-4
3.133703E-4
2.023286E-4
2.6720163E-4
2.1866374E-4
2.132996E-4
9.951257E-5
3.2869055E-5
9.984327E-5
5.8733003E-5
7.4875757E-6
-1.3741573E-5
-1.1986605E-4
-1.17332915E-4
-2.2609929E-4
-1.4256216E-4
-1.7545902E-4
-1.7111808E-4
-2.5324558E-4
-2.6754633E-4
-2.637435E-4
-1.3677131E-4
-1.9804508E-4
-2.4880524E-4
-2.0710395E-4
-1.1790935E-4
-2.9689356E-4
-1.3751397E-4
-1.1237787E-4
-7.922331E-5
-3.9368897E-5
5.9685855E-5
1.3247936E-4
-2.3796647E-5
-2.0366195E-5
-3.97482E-6
8.646134E-5
1.7831763E-4
1.1434147E-4
7.212454E-5
1.9132413E-4
2.837364E-4
2.1401525E-4
2.6930307E-4
3.005565E-4
3.4908103E-4
2.546172E-4
3.7694597E-4
3.1442428E-4
3.6367896E-4
2.3145258E-4
2.1729406E-4
2.5432173E-4
3.4770445E-4
2.7563545E-4
2.2458637E-4
2.2232565E-4
3.4590563E-4
9.689291E-5
2.777678E-4
1.7950458E-4
2.5338764E-4
1.0436725E-4
1.6224201E-4
7.676173E-5
-1.1390631E-5
6.212426E-5
2.3511771E-4
9.801836E-5
8.9080124E-5
1.720338E-5
1.1550183E-4
4.234993E-5
7.434095E-5
4.391523E-5
7.121949E-5
6.1057974E-5
9.422879E-5
6.181822E-6
6.0578404E-5
1.1426392E-4
2.731873E-4
1.20039425E-4
2.2592113E-4
1.2350258E-4
1.352623E-4
4.8488805E-6
1.9468034E-4
5.7168963E-5
1.3640539E-4
5.3269698E-5
8.3534855E-5
-4.7728703E-5
1.7626019E-4
-2.4705623E-5
1.8282693E-4
7.097133E-5
1.3483006E-4
-8.233761E-6
6.326187E-5
-2.2505918E-5
1.819371E-4
9.725044E-6
1.0688325E-4
3.1897704E-5
4.618548E-5
-1.2677689E-5
1.3581154E-4
1.3145589E-4
9.504467E-5
9.456722E-6
1.192044E-4
3.525142E-5
5.1104904E-5
-9.8208315E-5
4.8848648E-5
-4.391078E-6
2.2283959E-4
2.349927E-5
1.4025948E-4
-4.5667217E-5
9.753827E-5
5.0656516E-5
2.3216843E-4
-3.4972556E-5
1.2176739E-4
-1.5347346E-4
4.1185405E-5
-1.4429838E-4
7.611984E-5
-1.3017145E-4
-3.0545511E-6
-2.45806E-4
-7.6569726E-5
-2.3268332E-4
9.512925E-6
-2.6126203E-4
-2.2684669E-4
-4.117318E-4
-2.1025904E-4
-4.2899908E-4
-2.3015353E-4
-4.6751188E-4
-3.1194466E-4
-4.315022E-4
-2.4242293E-4
-4.0844345E-4
-2.998859E-4
-5.1664386E-4
-3.798643E-4
-4.312684E-4
-4.481618E-4
-3.6809695E-4
-2.1937871E-4
-3.073589E-4
-2.1194467E-4
-2.8860412E-4
-2.3384721E-4
-3.2150937E-4
-1.7479349E-4
-2.584989E-4
-1.0605644E-4
-2.206293E-4
-1.8020999E-4
-2.1550433E-4
-1.636289E-4
-2.4028099E-4
-1.5971097E-4
-1.5189665E-4
-4.7117963E-5
-5.5002518E-5
-7.131909E-5
-1.7298866E-4
-1.255171E-4
-1.2591953E-4
-1.5128544E-5
-2.0527265E-4
-1.212645E-4
-1.9018284E-4
-7.383748E-5
-1.6172713E-4
-1.6265304E-4
-2.0837403E-4
-8.431248E-5
-1.588821E-4
-6.707939E-5
-2.7868582E-4
-1.7533486E-4
-2.5225553E-4
-1.4770505E-4
-2.804177E-4
-2.4013282E-4
-2.749764E-4
-1.7219527E-4
-2.3034395E-4
-1.6874864E-4
-2.0601791E-4
-2.0723096E-4
-1.7075228E-4
-2.902445E-4
-1.6203914E-4
-3.209327E-4
-9.875995E-5
-1.9332464E-4
-1.5619326E-4
-2.019151E-4
-6.594292E-5
-3.0380736E-5
-7.762413E-5
-1.51391E-4
-4.058875E-5
-5.1419374E-5
-2.0524909E-4
-5.958006E-5
-6.0636485E-5
-1.05757266E-4
9.4647985E-5
-2.0378624E-5
-1.1170772E-5
-1.7035678E-5
-1.3096815E-4
-2.9160406E-5
-2.6284784E-5
-1.2310637E-4
-5.574142E-5
-3.514361E-5
4.8778998E-6
-1.9185294E-5
-4.7727364E-5
-6.487446E-6
5.461564E-5
-5.598207E-5
9.384673E-6
-2.4883402E-5
6.691982E-5
1.02002836E-4
1.5274744E-4
1.4638557E-4
1.41768E-4
1.8052282E-4
2.2764852E-4
1.8002582E-4
1.5789414E-4
1.9784337E-4
2.7871624E-4
1.9302245E-4
1.8502859E-4
2.0454859E-4
3.2760555E-4
3.1117033E-4
2.069016E-4
2.3988294E-4
3.1428598E-4
2.1088285E-4
3.091334E-4
2.6461028E-4
3.2237123E-4
1.21155084E-4
2.1021692E-4
2.3975836E-4
3.5147124E-4
4.1854987E-4
1.1005047E-4
1.6065771E-4
1.1796315E-4
1.0873548E-4
1.2294007E-4
8.78238E-5
7.9246376E-5
2.684743E-5
3.842255E-5
3.7048027E-5
-9.096347E-6
-1.7665952E-5
9.109057E-5
6.2517756E-5
3.0626812E-5
-1.8776609E-5
-1.7143728E-5
-2.7693755E-5
6.4351276E-5
-2.52623E-5
9.5787465E-5
1.2201967E-4
4.2521395E-5
8.856878E-5
1.6949736E-4
6.762227E-5
1.2665904E-4
1.3369281E-4
1.7421981E-4
1.6217375E-4
2.2676996E-4
2.3599318E-4
2.8548524E-4
2.1138338E-4
2.293414E-4
3.2279355E-4
2.4035672E-4
2.583404E-4
2.904299E-4
1.890426E-4
1.386132E-4
3.3707684E-4
2.6392238E-4
1.0656414E-4
1.5621082E-4
7.286328E-5
3.108662E-5
5.5740045E-5
-3.411473E-5
-6.634111E-5
-6.6512344E-5
-2.1096635E-5
-6.625933E-5
-1.9529482E-4
-1.944694E-4
-1.8260526E-4
-2.5425898E-4
-3.0964613E-4
-2.455372E-4
-2.794519E-4
-1.6777174E-4
-3.626559E-4
-2.2883412E-4
-3.1088854E-4
-2.0254133E-4
-2.0367748E-4
-2.9360113E-4
-2.713675E-4
-8.858338E-5
-1.1316842E-4
-7.641721E-5
-9.204527E-5
8.6835265E-5
-4.9197075E-5
6.897676E-5
1.8964296E-5
4.5166984E-5
7.15237E-5
1.4414411E-4
8.732062E-5
1.4173386E-4
7.831844E-5
8.3382765E-5
1.4323603E-4
3.1640928E-4
1.6168349E-4
1.11131005E-4
7.881246E-5
1.369659E-5
7.180727E-5
5.1244824E-5
7.336658E-5
3.536765E-5
-4.1469826E-5
-9.840021E-5
-7.30342E-5
4.7483254E-6
-1.6208783E-4
-1.5116758E-4
-3.058901E-4
-2.1499227E-4
-2.9299976E-4
-2.4770704E-4
-3.1762788E-4
-3.3921417E-4
-3.8319474E-4
-3.2482206E-4
-3.03462E-4
-3.5194075E-4
-4.5699603E-4
-2.9017686E-4
-2.5570052E-4
-1.7757654E-4
-2.7535926E-4
-2.3901065E-4
-4.1574653E-4
-1.6492399E-4
-2.4048478E-4
-1.1624094E-4
-7.123434E-5
-1.3270687E-4
-7.4354364E-5
-3.5976795E-5
-3.243707E-5
-4.150283E-5
-2.5723082E-5
5.7899986E-5
1.6495965E-4
9.249734E-5
1.1609782E-4
1.6318033E-4
2.1629797E-4
1.2738106E-4
2.0095336E-4
2.062547E-4
2.7080768E-4
1.8101443E-4
2.706097E-4
1.6645975E-4
1.9500888E-4
1.533002E-4
1.779776E-4
2.3594925E-5
9.363107E-5
1.6808699E-4
1.3431614E-4
1.2223492E-4
4.1376756E-5
6.539845E-5
5.99226E-7
1.5533737E-5
7.325442E-5
3.9923958E-5
-2.111468E-5
-5.4105214E-5
-1.0663429E-4
5.6333006E-6
2.3177963E-6
-2.2046423E-5
-1.2890703E-5
-1.5624611E-4
-8.393304E-5
-1.3714822E-4
-4.7000878E-5
-2.0016657E-4
-1.3722703E-4
-1.2648305E-4
-3.0282037E-5
-1.976338E-5
-1.7113534E-4
-1.454759E-4
-1.898464E-4
-1.4258552E-4
-2.5111635E-4
-1.5419333E-4
-5.449841E-5
-2.8919048E-5
2.4569179E-5
-9.943543E-5
-5.6507328E-5
3.468876E-5
1.7069611E-5
-1.3404487E-4
-1.9016159E-5
-1.0083506E-4
3.4482076E-5
-4.920464E-6
-1.6695723E-5
-3.903676E-6
1.1994087E-4
5.985771E-5
1.1262782E-4
5.6497993E-6
-6.942884E-6
6.231364E-5
-1.807097E-5
1.0883618E-4
5.9631304E-5
9.1627684E-5
1.2602787E-4
5.4870667E-5
5.7381672E-5
1.404184E-4
4.6129764E-5
8.404639E-6
1.9162004E-4
1.2578008E-4
1.306827E-4
6.942382E-5
9.673957E-5
9.9102755E-5
4.8957212E-5
8.306683E-5
9.8101256E-5
8.0639045E-5
5.9705893E-5
9.3887895E-5
1.576507E-5
-4.3672946E-5
7.772633E-5
-7.1687224E-5
-7.649064E-6
-1.0611992E-4
-4.853626E-6
2.767403E-5
-7.7521385E-5
-2.0587127E-4
-1.04789106E-4
-1.4823729E-4
-3.1421398E-5
-2.2054954E-4
-1.6482142E-4
-2.624788E-4
-2.0411133E-4
-3.2815145E-4
-2.455417E-4
-1.3555176E-4
-2.3252903E-4
-2.3633386E-4
-2.0351846E-4
-2.3443079E-4
-1.0960173E-4
-1.5637939E-4
-1.3317738E-4
-1.8691065E-4
-6.0460257E-5
-2.392056E-4
-1.8311909E-4
-2.3600741E-4
-1.04941995E-4
-1.02822356E-4
-1.10416455E-4
-3.715371E-5
1.6636783E-5
-1.0815633E-4
2.6249485E-5
-6.761669E-5
6.8420326E-5
-4.660455E-5
-2.6822572E-5
4.7428516E-6
5.584418E-5
7.1367074E-5
3.6510875E-5
-1.9252917E-5
4.521378E-5
-3.6183512E-5
1.0831338E-5
-7.742488E-5
-2.2838492E-5
-5.4981578E-5
2.7005522E-5
-8.223853E-5
-1.0068245E-4
-1.254826E-4
-1.1776348E-4
-1.7576822E-4
-1.419886E-4
-1.627271E-4
-1.4639138E-4
-1.8393334E-4
-1.10744106E-4
-2.2399679E-4
-1.4072705E-4
-2.0153401E-4
-2.9969454E-4
-2.94402E-4
-3.2047954E-4
-3.1890388E-4
-3.9845763E-4
-3.9430652E-4
-4.3205544E-4
-4.3144947E-4
-3.812783E-4
-4.5552236E-4
-4.0367758E-4
-4.8128E-4
-4.7639912E-4
-4.626149E-4
-4.4147472E-4
-4.4316018E-4
-4.0117188E-4
-5.5825716E-4
-5.1517395E-4
-4.375275E-4
-4.113897E-4
-5.0841115E-4
-3.5553178E-4
-3.7947402E-4
-4.1838663E-4
-5.033983E-4
-3.259705E-4
-2.0934615E-4
-2.6639848E-4
-2.3184728E-4
-2.2824068E-4
-1.7730487E-4
-1.6164898E-4
-9.98323E-5
-1.3130765E-4
-1.03760205E-4
-1.0363927E-4
-5.3804324E-5
-6.504566E-5
4.764309E-5
-1.903637E-5
1.0803842E-4
4.3484226E-5
1.6297467E-4
-5.1249957E-5
9.85385E-5
-5.5841883E-5
6.672549E-5
-1.5374657E-4
2.759339E-4
-1.3512521E-4
3.4666876E-4
-4.2990127E-5
5.717561E-4
-2.8455062E-4
6.398568E-4
-0.0011438209
7.035928E-4
-6.944083E-5
-0.0016553698
0.0015961862
0.0012672917
9.931169E-4
-0.003483443
7.962819E-4
-5.230932E-4
-4.3429804E-4
-1.9000481E-4
5.4120034E-4
-0.0015684669
-9.542613E-4
2.5031233E-4
0.0011095089
1.5363058E-4
2.6368495E-4
2.9093385E-4
3.7131112E-4
5.102398E-5
1.3803758E-4
7.518217E-4
0.0010386327
2.7256124E-4
-2.5282323E-4
-7.862807E-4
-7.8173826E-4
-0.0010415819
-0.0010119582
-0.0015722156
-0.0012973293
-9.95888E-4
4.7087455E-5
1.47373E-4
8.373923E-4
7.3411106E-4
7.809274E-4
5.8963086E-4
0.001080554
7.7911216E-4
5.5272604E-4
8.9528854E-4
0.0015903256
0.0012022025
6.8888546E-4
8.4356195E-4
0.0015978682
0.001484683
0.0011664504
8.939941E-4
0.0011624225
8.458417E-4
4.5191834E-4
-1.2337074E-4
-4.9925988E-5
-6.8684574E-5
-2.3364513E-4
-3.9085976E-4
-3.1001685E-4
-2.7988604E-4
3.9727955E-5
-2.996066E-5
-4.041769E-4
-4.6846818E-4
-3.988666E-4
-6.569312E-4
-9.729328E-4
-7.6508353E-4
-6.5131416E-4
-5.032423E-4
-8.55995E-4
-5.45696E-4
-3.7947317E-5
2.2740703E-4
-6.556253E-5
-5.4030486E-5
-1.3535873E-4
6.123862E-5
-5.1000414E-5
-9.3895476E-5
-2.967009E-4
-2.5223687E-4
-2.6506712E-4
2.3427849E-5
2.7865887E-4
5.746086E-4
5.3999317E-4
6.12654E-4
2.979667E-4
3.606802E-4
2.515662E-4
7.955386E-5
1.0313321E-5
1.6812621E-4
1.5386577E-4
3.8933606E-4
5.152643E-4
8.169083E-4
7.163606E-4
7.0339267E-4
2.9769237E-4
3.5243205E-4
4.7911506E-4
4.8740406E-4
3.18208E-6
1.3438774E-4
-4.4266664E-5
6.778336E-5
-7.93239E-5
9.024384E-5
9.965404E-5
2.6036872E-4
-6.3168685E-5
8.342348E-6
-1.6166265E-4
-4.5014855E-5
-4.209552E-4
-4.299718E-4
-4.7277045E-4
-3.0937107E-4
-3.063513E-4
-1.3473954E-4
-1.3795546E-4
7.887179E-5
-4.8110876E-5
-3.7836002E-5
-1.3677069E-4
-2.0576197E-4
4.3190623E-5
4.2156076E-5
-1.7817928E-4
-4.6662698E-4
-4.290019E-4
5.6938316E-5
-2.2974577E-4
-4.9015164E-4
-4.8269064E-4
-9.282188E-5
9.192731E-6
-1.7065731E-4
-5.1452866E-4
-3.9320454E-4
-8.3327104E-5
-2.4199382E-4
-6.2701E-4
-5.5336405E-4
-2.2238048E-5
-4.738907E-4
-6.8930193E-4
-5.5425E-4
-1.1938897E-4
-2.3475337E-4
-1.11058296E-4
4.0649917E-5
2.1162875E-4
2.0149203E-4
5.2503595E-4
5.7466276E-4
5.993674E-4
5.4644444E-4
7.061196E-4
5.982839E-4
5.896723E-4
2.7386806E-4
2.9965435E-4
1.6843395E-4
3.073022E-4
-4.033115E-5
-1.8231985E-5
-1.2658525E-4
1.3334346E-6
-1.8196754E-4
-1.2384645E-4
-2.1975355E-4
4.7313966E-5
-1.0515173E-4
-2.7466556E-5
-1.966934E-4
7.834988E-5
-6.989765E-6
1.4785519E-4
7.0807255E-5
2.5556507E-4
1.8379798E-4
2.4335532E-4
1.3987684E-4
4.0607277E-4
2.9453536E-4
3.1447358E-4
3.1950793E-4
3.902036E-4
2.8154056E-4
2.6081596E-4
3.0692937E-4
2.1722987E-4
1.8859396E-4
7.755157E-5
1.1457812E-4
1.6899117E-5
-7.9569145E-5
4.4520413E-5
-1.0664277E-4
-6.880012E-5
-1.0416249E-4
-1.3711008E-4
-1.8039565E-4
-1.4919035E-4
-1.8481478E-4
-7.328846E-5
-2.2249212E-4
-7.6142176E-5
-1.3429278E-5
-2.542704E-5
-4.313864E-5
-8.0866135E-5
1.3940804E-5
1.4431302E-4
2.5027798E-4
1.3481716E-4
1.8141695E-4
2.0632139E-4
2.9402494E-4
1.669365E-4
1.7236569E-4
8.929217E-5
9.592275E-5
8.937087E-5
-1.6033167E-5
-1.9882871E-5
-9.0705675E-5
-1.6329448E-4
-1.5681612E-4
-1.2040021E-4
-1.5829004E-4
-1.4083668E-4
-1.1235426E-4
-9.3403796E-5
-3.0681033E-5
-1.0569657E-4
-6.002554E-5
-2.7670723E-5
-1.1904529E-4
-1.0008181E-4
-1.3193565E-4
-1.2908514E-4
-1.4378209E-4
-1.4086541E-5
-8.527168E-5
-1.2331433E-5
-3.212937E-5
-5.4158983E-5
-6.307056E-5
1.3940538E-4
6.171915E-5
1.9409701E-5
-9.304369E-5
1.271291E-5
-3.2671925E-4
-1.1450787E-4
-4.0126256E-6
1.6178386E-4
-7.193247E-5
-2.1697945E-4
-3.1413027E-4
-1.3769482E-4
-6.444541E-5
3.9129923E-4
-8.150737E-4
-1.7852607E-4
0.001240495
8.24026E-5
-4.7726347E-4
-4.39242E-4
1.9917426E-4
2.5427138E-4
3.9031418E-4
8.360528E-5
-3.0125456E-8
-7.452366E-5
-6.556898E-5
-6.098857E-5
2.891245E-4
4.0830637E-4
4.5743753E-4
5.5859113E-5
1.7642786E-4
3.4359738E-4
2.58536E-4
2.4223018E-5
-5.537087E-5
4.1154286E-5
1.2267569E-4
1.8221971E-4
3.8680565E-4
4.9952086E-4
4.6725717E-4
1.3196482E-5
-2.3738081E-4
-7.3319616E-6
2.8425595E-4
1.3332734E-4
6.65545E-5
-8.498756E-5
-2.0357838E-4
-1.7003504E-4
-5.596641E-5
1.4869588E-4
8.834456E-6
-1.2953521E-4
-1.84672E-4
-1.9303612E-4
-2.0491179E-4
-2.8025426E-5
8.8470995E-5
2.602702E-4
3.3501998E-4
2.631113E-4
4.020056E-4
4.349511E-4
3.776965E-4
5.33979E-4
2.7379766E-4
9.142205E-5
6.5368535E-5
2.3101781E-4
1.6515463E-4
2.4069283E-4
8.6656146E-5
1.4200705E-4
1.4642373E-4
4.4989367E-5
-1.4896286E-4
-1.1727467E-4
-2.0679698E-4
-3.1185572E-4
-3.0321485E-4
-1.6697429E-4
-1.6206382E-4
-1.08463855E-5
1.5971978E-4
3.5112383E-4
2.9265124E-4
1.7487627E-4
2.4962114E-4
2.3885447E-4
6.375402E-5
2.0701529E-7
2.7953176E-5
1.3840343E-4
1.2224673E-4
1.8432326E-4
1.5580512E-5
2.4625842E-4
1.228209E-4
5.2090436E-5
-1.1129193E-4
-1.5595113E-4
-2.1643209E-4
-1.6709621E-4
-2.3882135E-4
-2.5178585E-4
-2.0007761E-4
-9.93503E-6
1.3907504E-4
1.8437067E-4
1.7457138E-4
3.9032832E-4
1.8854749E-4
4.441796E-5
-9.192409E-6
-8.4617095E-5
-1.3806594E-4
-9.796532E-5
-6.1181105E-5
-6.5165885E-5
-1.3555588E-4
-1.2429489E-5
1.2838768E-4
-3.75511E-5
8.4581425E-6
-1.2865599E-4
-1.8094739E-4
-1.8190016E-4
-3.3172913E-4
-2.99411E-4
-2.3491672E-4
-7.847894E-5
-2.0365264E-4
-2.862591E-5
2.8918479E-5
1.6834668E-4
7.445348E-5
-1.7452883E-5
-1.3335847E-4
-3.0218114E-5
-4.4469984E-5
-2.968917E-4
-4.3589363E-4
-4.286672E-4
-4.983532E-4
-4.6147488E-4
-4.3055546E-4
-3.5420223E-4
-2.5957343E-4
-3.2255665E-4
-2.0132249E-4
-3.147566E-4
-4.961852E-4
-4.52644E-4
-2.528454E-4
-3.0214296E-4
-3.9223622E-4
-5.011487E-4
-3.5300275E-4
-2.7020063E-4
-2.5810258E-4
-3.7111985E-4
-3.713614E-4
-3.8508212E-4
-4.0977562E-4
-3.904548E-4
-4.542218E-4
-3.681114E-4
-3.7353157E-4
-3.4516508E-4
-1.9786197E-4
-1.538723E-4
-3.2254815E-5
5.0139166E-5
1.188598E-4
-6.382307E-5
2.2835102E-6
6.3846695E-5
-7.230788E-5
4.248212E-5
-1.8300189E-4
5.5321198E-5
-2.905928E-5
-9.687007E-5
-7.239677E-5
-1.262251E-4
1.4434707E-5
1.1674389E-4
-6.267441E-5
-3.643007E-5
-1.2175494E-4
-1.5017821E-4
-1.1973504E-4
-6.912995E-5
-2.0439905E-4
-7.8426616E-5
-7.858255E-5
-1.0282025E-4
-5.319566E-5
-3.5175287E-6
9.292402E-5
6.54059E-5
4.794886E-5
2.8029022E-5
1.3379066E-4
4.6268127E-5
9.369002E-5
1.573455E-4
1.3095267E-6
1.5104025E-4
1.0723972E-4
1.6284485E-4
6.232973E-5
4.53385E-5
1.0574788E-4
3.006489E-4
2.9008102E-4
2.2785104E-4
1.5489051E-4
1.8978048E-4
2.8240532E-4
3.5206653E-4
3.0699902E-4
3.388933E-4
4.6596167E-4
4.4380265E-4
4.0153298E-4
3.3337486E-4
3.0436754E-4
3.7912567E-4
4.676093E-4
3.611029E-4
4.0132843E-4
3.2339524E-4
3.5470017E-4
3.521321E-4
2.1831944E-4
2.5509569E-4
1.6836471E-4
1.1300702E-4
1.6137169E-4
1.3797452E-4
2.0740562E-4
2.4402775E-4
6.66915E-5
1.0521866E-4
1.7115823E-4
7.3970914E-5
7.406116E-5
1.0007762E-4
1.1639473E-4
1.3512846E-4
1.9953404E-4
4.180455E-5
2.6697628E-5
1.2380932E-5
-3.0954146E-5
-1.4180201E-4
-1.7593699E-4
-1.6134414E-4
-1.451271E-4
-1.5909449E-4
-1.729298E-4
-9.8315475E-5
-3.4734865E-6
-8.838433E-5
-3.1372107E-5
7.131348E-5
4.5002012E-5
1.0594998E-4
1.0286805E-5
1.165822E-4
3.872945E-5
5.3969583E-5
2.2170614E-4
1.3553466E-4
2.703062E-4
2.0248779E-4
2.7072054E-4
2.4107577E-4
1.4965472E-4
1.7721829E-4
2.9612507E-4
1.6501959E-4
2.4187243E-4
1.11949135E-4
7.5016993E-7
8.591603E-5
9.9287834E-5
5.3982607E-5
1.03930084E-4
1.6575847E-4
1.6145654E-4
2.9551992E-4
2.2553564E-4
2.1160847E-4
1.9211914E-4
2.1277265E-4
3.8751026E-4
3.0697568E-4
3.416036E-4
3.5962852E-4
2.2449647E-4
3.2815852E-4
3.45729E-4
3.8843657E-4
3.7589992E-4
3.6787457E-4
2.6911465E-4
2.1906983E-4
3.7337214E-4
3.8556414E-4
3.7187748E-4
2.8284814E-4
1.5955852E-4
1.4662457E-4
2.1449097E-4
2.541912E-4
2.717204E-4
1.8596122E-4
1.00712685E-4
1.3125972E-4
1.4410859E-4
1.4999065E-4
2.679231E-4
1.843127E-4
1.3556714E-4
7.933996E-5
1.00512305E-4
1.2393003E-4
1.2462784E-4
4.5889767E-5
2.6458653E-4
1.993746E-4
1.4859528E-4
7.557584E-5
-3.4745903E-5
3.4468183E-5
-3.178988E-5
4.461315E-5
-5.7208636E-5
8.8119095E-6
-1.3945474E-4
-1.1088166E-4
-2.3232511E-5
-6.422567E-5
-1.7251058E-4
-1.3077255E-4
5.8181386E-6
-9.066703E-5
-1.8516254E-4
-1.8494567E-4
-6.717125E-5
-7.0161674E-5
-8.173352E-5
-1.3255236E-4
-1.0219249E-4
-2.0276578E-4
-1.4243084E-4
-6.213641E-5
-1.1117585E-4
-1.8394706E-4
-2.571596E-4
-1.7635466E-4
-1.02462196E-4
-2.1042448E-4
-1.5042724E-4
-2.4795512E-4
-1.6525657E-4
-2.0689187E-4
-9.034637E-5
-1.7584393E-4
-1.58581E-4
-2.461112E-4
-2.5697608E-4
-3.4458627E-4
-1.2736052E-4
-2.5560445E-4
-1.9948017E-4
-3.6121265E-4
-3.1702843E-4
-3.441932E-4
-3.6040854E-4
-3.3598888E-4
-3.575534E-4
-3.349388E-4
-4.6506844E-4
-3.4342337E-4
-4.4459387E-4
-4.735493E-4
-5.619067E-4
-5.6492514E-4
-5.633476E-4
-4.784479E-4
-5.065363E-4
-5.326386E-4
-2.8403566E-4
-2.2019025E-4
-4.2588107E-4
-5.109002E-4
-4.531138E-4
-2.3541122E-4
-2.0244537E-4
-1.0746712E-4
-2.4756632E-4
-5.425886E-4
-1.7655888E-4
9.912347E-5
-1.4652548E-4
-2.8226347E-4
-3.298486E-4
-2.553096E-4
-8.7926295E-5
-1.21126315E-4
2.9798413E-5
-2.2230325E-4
-3.0355103E-4
-2.276777E-4
-1.7382218E-4
-2.1782987E-4
-2.2483122E-4
-1.08503315E-4
-1.4064863E-4
-8.386946E-5
-8.600043E-6
-9.246154E-7
-9.3678704E-5
-3.058534E-4
-3.6830408E-4
-3.0214427E-4
-2.290107E-4
-1.551923E-4
-2.7000238E-4
-1.7906628E-4
-3.9081936E-4
-2.570891E-4
-2.1278688E-4
-7.868516E-5
-1.8711422E-4
-2.4828233E-4
-2.7046443E-4
-1.8565873E-4
-2.9408536E-4
-2.3711391E-4
-1.2744083E-4
-8.877126E-5
-2.1133537E-4
-1.9799787E-4
-2.0264652E-4
-7.204567E-5
-1.6821525E-4
-2.7217646E-4
-2.644698E-4
-2.4967093E-4
-3.2495364E-4
-1.5208604E-4
-1.2842813E-4
-3.6446192E-5
-1.1632551E-4
-6.217014E-5
-4.2722815E-5
-7.2945923E-6
5.5014665E-5
1.8694287E-5
-2.4772287E-4
-2.9904323E-4
-1.9311042E-4
-1.3724365E-4
-1.5448903E-4
2.7070593E-5
6.438219E-5
1.1623024E-4
1.805078E-4
2.0059034E-4
1.2319152E-4
1.3578491E-4
1.8777417E-4
1.8572243E-4
-1.00627054E-4
9.210924E-5
1.0422912E-4
7.4520016E-5
1.237084E-5
1.7899583E-4
3.0434295E-4
2.5484306E-4
3.827762E-4
4.2696088E-4
3.4633433E-4
3.1894023E-4
3.244213E-4
2.2044376E-4
2.322086E-4
2.3015586E-4
2.2286021E-4
1.8182387E-4
2.7393844E-4
3.9329365E-4
4.1734258E-4
4.321202E-4
4.6030316E-4
4.3082738E-4
5.1455805E-4
2.9747907E-4
2.2607333E-4
2.3125102E-4
2.7220906E-4
3.8181993E-4
2.2829494E-4
3.2198045E-4
3.3623833E-4
3.8636132E-4
2.5420188E-4
2.7683217E-4
2.3006245E-4
1.2456322E-4
1.8780332E-4
3.1662628E-4
2.054195E-4
2.5958222E-4
2.681735E-4
3.0996604E-4
4.4966285E-4
3.6428613E-4
4.1201894E-4
4.024328E-4
4.0449554E-4
4.9525197E-4
2.6860126E-4
3.4850245E-4
2.2871324E-4
2.3105246E-4
4.1501512E-4
4.1197136E-4
4.1297608E-4
4.7901235E-4
4.6883826E-4
4.984496E-4
6.2599074E-4
6.5616384E-4
7.545631E-4
6.009608E-4
4.880903E-4
4.3719963E-4
5.7044026E-4
5.2643527E-4
5.6273164E-4
4.37348E-4
5.935095E-4
4.937594E-4
4.9432536E-4
4.937738E-4
4.982991E-4
5.590013E-4
4.2099005E-4
4.810935E-4
2.8106305E-4
3.6638576E-4
4.1256708E-4
3.2378317E-4
3.6978401E-4
1.8342945E-4
2.2801457E-4
2.7859415E-4
2.5175302E-4
1.9869777E-4
1.5114201E-4
-1.2289548E-6
-8.9052286E-5
-1.2583418E-5
-6.759565E-5
-1.4319639E-4
-1.8324777E-4
-2.6090653E-4
-2.4806347E-4
-2.0358202E-4
-3.1182112E-4
-4.4498628E-4
-4.9122854E-4
-5.174389E-4
-4.0214646E-4
-4.0113815E-4
-3.9703463E-4
-5.103815E-4
-4.482588E-4
-4.3963242E-4
-3.824728E-4
-3.1414063E-4
-2.9737895E-4
-3.4385675E-4
-2.4786298E-4
-2.5106198E-4
-3.649791E-4
-3.4864774E-4
-2.3123439E-4
-3.7433553E-4
-2.8638632E-4
-1.5904185E-4
-2.8133992E-4
-2.4176699E-4
-3.352582E-4
-1.6901812E-4
-1.364167E-4
-4.4162905E-5
1.4571444E-4
7.211953E-5
2.7722248E-5
-1.0624668E-4
-4.6283316E-5
-6.8429246E-5
-7.7686236E-5
1.2015761E-4
9.831874E-5
2.7695074E-4
2.1294318E-4
1.2888787E-4
1.2872889E-4
3.399275E-5
1.6915519E-4
-2.5300697E-5
9.0113615E-5
1.7403753E-4
2.17384E-4
1.1997045E-6
7.9417885E-5
4.286153E-5
1.158852E-5
-1.6095117E-5
7.539617E-5
6.0202594E-5
1.3153079E-4
1.4585925E-4
2.1640684E-4
7.4051866E-5
1.2799597E-4
1.648841E-4
2.649483E-4
1.0381111E-4
1.7098583E-4
5.419778E-5
7.399322E-5
1.6441266E-4
9.958381E-5
5.0958162E-5
1.2717678E-4
4.0087012E-5
1.2605944E-4
1.0469607E-5
5.0956118E-5
6.4527725E-5
1.4713725E-4
5.4679324E-5
1.1846773E-4
6.570988E-5
1.255428E-4
1.2855972E-5
1.7359531E-4
1.4162667E-5
-3.1953394E-5
-2.0552594E-5
-2.6016263E-5
-3.870309E-5
2.784669E-5
8.090031E-5
5.5508062E-5
1.20019715E-4
1.0231544E-4
2.9144356E-5
1.0427898E-4
4.7621663E-5
1.0843472E-4
1.0785612E-4
9.968641E-5
-7.650764E-5
9.928202E-5
8.496879E-6
6.3976855E-5
-4.108484E-5
1.2339921E-5
-7.804686E-5
1.4914229E-5
-1.3545144E-6
3.150349E-5
-2.135108E-5
-5.543359E-5
-2.0708164E-4
-4.567082E-5
-9.314466E-5
-7.708228E-5
-1.0813811E-4
-1.2739135E-4
-1.3926974E-4
-1.6146257E-4
-2.6752305E-4
-1.5320102E-4
-1.4325895E-4
-1.3518288E-4
-2.9913954E-5
-5.848769E-5
2.3639237E-5
7.784554E-6
-7.4797565E-5
-6.472757E-5
-1.3118933E-4
-1.1878001E-5
-1.280519E-4
-6.369064E-5
-7.8507124E-5
-1.3099519E-4
-1.8633933E-4
-1.0863731E-4
-1.11660025E-4
-1.399782E-4
-1.7050108E-4
-6.193987E-5
-1.18845644E-4
-1.1166795E-4
-3.299424E-5
3.7157137E-5
-3.1120595E-5
1.2298163E-4
1.9310406E-4
1.5907492E-4
1.1719541E-4
1.1841525E-4
2.3370572E-4
2.4350332E-4
1.128904E-4
2.0624769E-4
1.6778258E-4
2.815328E-4
1.864642E-4
8.038006E-5
1.2690497E-4
1.8432054E-4
4.88389E-5
1.1750435E-4
9.9035096E-5
1.0580477E-4
1.730491E-4
1.5378521E-4
7.421842E-5
1.6638702E-4
3.414113E-5
1.949628E-4
4.3094046E-6
1.2499174E-4
1.8103298E-4
2.013439E-4
5.9621223E-5
2.3566949E-4
1.6590185E-4
1.5078668E-4
9.982501E-6
1.594163E-4
-6.943779E-5
6.951561E-5
-8.076372E-7
2.2468203E-5
-8.919796E-5
6.424175E-5
-6.641524E-5
-2.1376307E-5
-7.362923E-5
3.3805867E-5
-3.7102156E-5
-2.1954456E-5
-6.591709E-5
-1.8933012E-4
-1.2208462E-4
-1.4153942E-4
-2.655643E-4
-1.2575656E-4
-2.1065216E-4
-1.3289113E-4
-1.734157E-4
-1.1484941E-4
-2.4747962E-4
-2.1479953E-4
-1.3728584E-4
-3.1415225E-4
-3.2252487E-4
-2.4889226E-4
-4.2133968E-4
-3.7802357E-4
-3.043472E-4
-2.6690448E-4
-3.4844413E-4
-2.900732E-4
-3.7989338E-4
-2.678114E-4
-2.9433475E-4
-3.635013E-4
-3.6503767E-4
-3.009824E-4
-4.8770016E-4
-3.1594094E-4
-3.3915066E-4
-3.1088124E-4
-4.0826277E-4
-2.4170439E-4
-2.6499943E-4
-1.9037566E-4
-3.4116278E-4
-1.8222704E-4
-2.481401E-4
-1.1778333E-4
-2.235063E-4
-1.3033843E-4
-1.9299719E-4
-2.0049431E-4
-1.9230734E-4
-1.3165317E-4
-1.8850836E-4
-1.0376892E-5
-6.0434636E-6
-3.20687E-5
-9.245362E-5
-1.5168397E-4
6.4997E-6
-7.4478434E-5
-3.1959225E-5
-1.0906871E-5
2.3593739E-5
6.933412E-5
6.412711E-6
-4.2414867E-5
6.7711895E-5
7.074116E-5
3.4307057E-5
-6.6265675E-5
-7.001236E-5
3.181912E-5
1.6541994E-4
1.01032536E-4
1.6878285E-4
2.0359497E-4
1.196178E-4
9.685512E-5
1.6817216E-4
2.3958865E-4
2.4281921E-4
1.6552555E-4
9.7421194E-5
1.7251067E-4
1.629968E-4
2.848731E-4
1.9515537E-4
1.2547418E-4
3.062529E-4
3.0697545E-4
2.2695631E-4
3.5436018E-4
3.2743614E-4
3.1056357E-4
3.3677704E-4
2.3993445E-4
3.8962773E-4
3.0016757E-4
3.33161E-4
1.8455747E-4
2.0182192E-4
2.9356332E-4
1.8547272E-4
2.547341E-4
1.8365216E-4
1.9594659E-4
3.611467E-4
1.7585007E-4
2.100849E-4
-4.3943328E-5
7.26548E-5
1.5368048E-4
7.6500575E-5
4.26553E-5
1.10777815E-4
3.5620724E-5
5.648241E-5
2.8447252E-5
2.9303537E-5
1.4761831E-5
-6.5460836E-6
-5.0971863E-5
-7.466932E-5
-6.34957E-5
5.843782E-5
-1.1563172E-5
-3.8150476E-5
-2.5027684E-5
5.9346294E-5
-1.1386784E-4
-6.241367E-5
3.9634982E-5
5.714342E-5
2.5718366E-6
3.9729504E-5
-1.04058876E-4
1.4044246E-5
-5.916451E-5
-2.0932619E-5
-1.387276E-4
2.0741927E-5
3.1495707E-5
1.9079255E-4
1.0106998E-4
1.4893855E-4
1.2521136E-4
2.4357563E-4
1.8853707E-4
2.4271157E-4
1.6773303E-4
2.5805656E-4
1.2108076E-4
2.0871095E-4
3.151382E-4
3.6049946E-4
2.8373397E-4
3.9779293E-4
3.175142E-4
3.0654774E-4
2.7487724E-4
3.0620772E-4
3.0515844E-4
3.330892E-4
2.300328E-4
3.1026494E-4
3.5077942E-4
2.0001618E-4
2.2023483E-4
4.0832366E-4
2.9535795E-4
3.0845415E-4
2.7504898E-4
2.9577894E-4
2.7811818E-4
2.4912518E-4
1.2312297E-4
2.4113012E-4
1.5164846E-4
2.6802262E-4
2.3857898E-4
2.773466E-4
2.1653126E-4
2.2115481E-4
1.0956666E-4
2.5714553E-4
1.6488219E-4
2.2076449E-4
1.9775993E-4
2.0373713E-4
1.5516627E-4
2.0183137E-4
5.9742644E-5
-3.161057E-5
-4.8864855E-5
2.3618164E-5
4.8442694E-6
6.951941E-5
-7.099559E-5
-6.934972E-5
-1.0882545E-4
-1.2035563E-4
-9.1017435E-5
-2.0345826E-4
-1.312772E-4
-1.9036E-4
-1.7278084E-4
-1.6590915E-4
-9.2958784E-5
-2.0391571E-4
-2.1900689E-4
-2.8638938E-4
-4.2697655E-5
-2.4581538E-4
-2.234457E-4
-2.1443865E-4
-1.7429676E-4
-3.2375843E-4
-2.6069657E-4
-3.3710283E-4
-2.5843555E-4
-2.9257807E-4
-4.2567262E-4
-3.0185966E-4
-3.6622043E-4
-3.030652E-4
-3.8609383E-4
-3.7344446E-4
-4.920792E-4
-3.805882E-4
-5.162932E-4
-3.9572935E-4
-4.7869477E-4
-3.177324E-4
-4.0770345E-4
-4.2879191E-4
-3.8132814E-4
-4.688329E-4
-4.521376E-4
-5.025037E-4
-5.6788983E-4
-4.7400818E-4
-4.0061073E-4
-4.512925E-4
-4.3835436E-4
-5.7229144E-4
-5.3975725E-4
-5.12388E-4
-3.7975624E-4
-4.6248635E-4
-3.4213034E-4
-4.052218E-4
-3.9707957E-4
-3.9277092E-4
-3.598427E-4
-4.2062355E-4
-3.417383E-4
-3.6215765E-4
-3.4348253E-4
-3.9094078E-4
-3.409568E-4
-2.5053974E-4
-3.3639043E-4
-2.446992E-4
-1.14400376E-4
-1.8566483E-4
-2.082248E-4
-1.6115651E-4
-2.4295745E-4
-1.5390354E-4
-1.02344275E-4
-3.4785878E-6
-9.569822E-5
-3.3266977E-5
-6.902707E-5
-3.2627257E-5
-2.3015353E-5
5.355158E-5
2.3932105E-5
1.581174E-4
1.1561619E-4
1.7335512E-4
1.281266E-4
1.798988E-4
1.8613088E-4
2.0385813E-4
1.9346086E-4
2.0134781E-4
2.5000292E-4
2.277334E-4
2.9695223E-4
2.440754E-4
2.622274E-4
1.5964672E-4
1.854172E-4
2.5055493E-4
2.5652177E-4
2.5216548E-4
1.4644217E-4
1.4686554E-4
1.2630346E-4
1.9882165E-4
1.4102356E-4
1.2607693E-4
7.338601E-5
1.1365892E-4
5.9441292E-5
5.0350583E-5
3.8131744E-5
2.584272E-5
6.769825E-5
-2.0075007E-5
1.3486162E-4
1.1119317E-4
2.9686053E-5
1.308339E-4
4.721448E-5
1.334133E-4
-1.6203981E-5
1.8579264E-4
3.1166765E-5
1.736918E-4
3.2795324E-5
8.760119E-5
6.230569E-5
1.9333794E-4
7.493853E-5
1.282726E-4
2.0999834E-4
1.7334083E-4
1.1120212E-4
2.311824E-4
1.8720444E-4
1.7358013E-4
1.2223433E-4
2.6608518E-4
2.5415077E-4
1.7832019E-4
2.1521548E-4
1.3981809E-4
1.7880085E-4
1.5735425E-4
2.5252535E-4
1.8137631E-4
2.2721174E-4
3.2635566E-4
1.9795509E-4
2.9471578E-4
2.8488817E-4
2.6284475E-4
2.483638E-4
3.615378E-4
4.955583E-4
4.0957544E-4
3.7625997E-4
4.8784557E-4
4.5551002E-4
4.8766693E-4
4.6761832E-4
5.128613E-4
5.863777E-4
5.4308533E-4
5.161155E-4
5.1416043E-4
5.4515817E-4
6.4281625E-4
5.4869667E-4
5.2765064E-4
5.5908336E-4
3.5896103E-4
4.004223E-4
4.454119E-4
4.128209E-4
3.6124227E-4
4.2969553E-4
3.1044814E-4
4.305181E-4
3.0756008E-4
4.0753878E-4
2.907067E-4
3.1635066E-4
3.6921696E-4
3.4080914E-4
1.2236183E-4
7.121638E-5
1.320311E-4
1.9754135E-4
2.0290777E-4
9.8082324E-5
1.13156566E-4
1.6517684E-4
1.27552E-4
1.542464E-4
1.342284E-4
2.1508131E-4
1.7380022E-4
2.2898402E-4
1.727956E-4
1.090139E-4
-6.6065775E-7
1.1939344E-4
6.197181E-5
8.770134E-5
-5.432484E-6
5.782541E-5
8.9767454E-5
5.526952E-5
-4.3265463E-5
-1.2659511E-4
-9.5730116E-5
3.9452676E-5
-1.3457813E-4
-1.4132618E-4
-1.8688214E-4
-1.1547375E-4
-4.970257E-5
-1.2572469E-4
-1.7927622E-4
-1.4260477E-4
-2.6330666E-4
-1.5165306E-4
-1.9379111E-4
-1.299121E-4
-3.6075764E-4
-2.7539296E-4
-3.255007E-4
-2.8951612E-4
-2.8645518E-4
-2.5361739E-4
-2.5742283E-4
-2.996078E-4
-2.0441778E-4
-2.0917492E-4
-2.611696E-4
-2.8629656E-4
-1.7873212E-4
-3.4679263E-4
-2.1385096E-4
-3.3457944E-4
-2.640148E-4
-3.1762692E-4
-2.0841249E-4
-2.5476844E-4
-1.6152495E-4
-1.7358623E-4
-1.8123977E-4
-1.92872E-4
-1.1845182E-4
-2.5470808E-4
-1.9354846E-4
-2.4322415E-4
-2.4389444E-4
-2.5349934E-4
-1.7714578E-4
-1.923799E-4
-3.124323E-4
-2.5430106E-4
-1.6277084E-4
-1.6132448E-4
-1.16123E-4
-2.4417273E-4
-1.8276746E-4
-2.7560678E-4
-1.312476E-4
-7.7566285E-5
-2.6829494E-4
-3.6970075E-4
-1.7150045E-4
-3.154393E-4
-1.9926975E-4
-1.1166271E-4
-1.2065085E-4
-1.7136941E-4
-1.0627634E-4
-1.8173737E-4
-1.4146365E-4
-7.626726E-5
-8.552318E-5
-1.7050518E-4
-1.2937722E-5
1.6799291E-6
7.4601354E-5
1.2126892E-5
1.3280574E-4
2.0909369E-5
2.0184129E-4
8.30017E-5
1.5679709E-4
-2.161561E-5
1.8549777E-4
6.891095E-5
2.5284308E-4
1.4429021E-4
2.1052684E-4
2.1823315E-4
2.5046314E-4
1.9912217E-4
3.0397167E-4
2.0820765E-4
2.658821E-4
2.947264E-4
2.8948573E-4
3.007105E-4
3.63361E-4
3.4204914E-4
2.9264475E-4
3.3505211E-4
3.2123935E-4
3.3978815E-4
3.0381267E-4
2.7345502E-4
3.3770385E-4
2.487521E-4
2.709016E-4
2.3510403E-4
2.1127399E-4
1.3426894E-4
3.4242615E-4
2.644348E-4
3.5293942E-4
2.8306208E-4
3.366347E-4
1.8584145E-4
2.0773175E-4
2.5496716E-4
3.338673E-4
2.7016227E-4
3.493458E-4
3.5504202E-4
3.8009146E-4
2.7683162E-4
2.986429E-4
2.3593336E-4
3.2719778E-4
3.2991183E-4
3.8733796E-4
2.3446315E-4
3.4445222E-4
2.764379E-4
3.4542076E-4
2.0603632E-4
4.7140336E-4
4.7910557E-4
3.4488336E-4
2.904456E-4
4.4024116E-4
3.660524E-4
3.9328955E-4
3.6565488E-4
4.286223E-4
4.0029135E-4
3.6079358E-4
3.973927E-4
4.8139007E-4
3.022259E-4
4.406847E-4
3.728115E-4
4.0914162E-4
4.4574952E-4
4.3107948E-4
3.7525257E-4
3.9579897E-4
3.1210363E-4
3.785396E-4
3.434619E-4
4.3485512E-4
3.9634696E-4
3.1274845E-4
3.1467207E-4
4.5228002E-4
2.768346E-4
2.9347392E-4
2.909967E-4
2.4812293E-4
1.496966E-4
2.4308416E-4
-2.1739172E-5
1.5402745E-4
1.137466E-4
1.4658684E-4
7.943583E-5
-4.3042516E-7
-7.872397E-5
5.583979E-5
-3.473723E-6
-2.2887572E-5
4.3576783E-6
-3.8672508E-5
5.398853E-5
5.083826E-5
3.8999526E-5
-7.163516E-5
-7.038914E-5
-1.3232992E-4
1.6807437E-5
-1.00644975E-4
-9.13389E-5
-2.200144E-4
-2.874564E-4
-2.8575768E-4
-2.6644667E-4
-2.0171313E-4
-2.4700002E-4
-2.42586E-4
-2.326218E-4
-2.1662854E-4
-3.7520038E-4
-3.3392466E-4
-2.7242428E-4
-2.0541054E-4
-3.657835E-4
-3.3675006E-4
-4.2045553E-4
-1.994397E-4
-4.1120313E-4
-3.8484368E-4
-4.8622538E-4
-3.6213742E-4
-3.9265794E-4
-4.2372145E-4
-3.6622607E-4
-4.6104E-4
-4.3374233E-4
-5.293491E-4
-4.9278967E-4
-3.7483583E-4
-4.6702207E-4
-3.602474E-4
-5.2999426E-4
-4.7655648E-4
-4.0187046E-4
-4.8956886E-4
-5.056252E-4
-4.5046204E-4
-3.8667538E-4
-4.949814E-4
-3.1258704E-4
-3.584026E-4
-3.576894E-4
-3.3782356E-4
-2.9092614E-4
-4.7089905E-4
-3.4494812E-4
-3.9001068E-4
-3.581975E-4
-2.7998435E-4
-2.6809354E-4
-2.8191935E-4
-2.7938507E-4
-1.7927407E-4
-2.9949457E-4
-1.7270821E-4
-2.4085765E-4
-1.8310318E-4
-3.1692765E-4
-1.8127839E-4
-7.899931E-5
-1.6718624E-4
-2.2600777E-4
-1.6681106E-4
-1.0850105E-4
-5.5343244E-5
-7.01516E-5
-3.165277E-5
-1.0593839E-4
3.8894723E-5
-5.800428E-5
5.3246633E-5
-6.249865E-5
2.1966232E-5
-5.2200903E-5
-7.78178E-5
-2.3975745E-5
-3.9731426E-6
-5.3186095E-6
-1.3882022E-4
7.9925005E-5
3.624465E-5
7.535975E-5
-4.706923E-5
-4.8354374E-5
-1.9418857E-4
-8.38353E-5
-4.4658278E-5
-3.9311773E-5
-1.0346438E-4
-5.7273694E-5
5.3341337E-5
-6.4105145E-5
-1.6331227E-5
-5.471759E-5
-9.261925E-5
-4.8160102E-5
7.007366E-5
-1.2941343E-4
2.1129614E-5
-8.6409644E-5
1.4777307E-4
9.4774165E-5
8.57556E-5
8.160255E-5
1.872641E-4
1.3559755E-4
4.6605357E-5
2.9833715E-5
2.3416786E-4
1.7882469E-4
1.3886062E-4
1.624027E-4
1.3036648E-4
1.9183461E-4
2.2178759E-4
2.1990888E-4
1.8449442E-4
2.0621199E-4
2.604304E-4
2.0835674E-4
3.310853E-4
3.297726E-4
2.7847174E-4
2.972952E-4
2.971469E-4
3.5920253E-4
3.2906138E-4
2.5468686E-4
3.2244108E-4
2.9857195E-4
2.1189995E-4
2.851358E-4
3.1784238E-4
2.777369E-4
3.3554513E-4
2.2296704E-4
2.0303368E-4
2.9701222E-4
3.9627205E-4
2.3992552E-4
3.4549637E-4
3.0369102E-4
3.28819E-4
2.128579E-4
3.0515264E-4
2.1893992E-4
3.365823E-4
1.5982964E-4
2.543271E-4
2.547019E-4
1.8216767E-4
2.4133999E-4
2.0786157E-4
2.668296E-4
3.109983E-4
2.911926E-4
1.9668444E-4
2.6601023E-4
2.7215778E-4
2.0398313E-4
2.557883E-4
3.575059E-4
2.4864156E-4
3.9898013E-4
1.558943E-4
2.7174447E-4
2.3111419E-4
2.8646018E-4
1.9248742E-4
2.316852E-4
1.1366466E-4
2.8937694E-4
1.8907855E-4
1.5633213E-4
1.5334242E-4
3.061092E-4
1.1240672E-4
7.746434E-5
1.1057608E-4
1.9768329E-4
1.5256136E-4
1.3844777E-4
1.2011249E-4
1.5568823E-4
6.879084E-5
1.5723791E-4
2.180684E-4
1.2123138E-4
1.5451903E-4
1.4835205E-4
1.3874196E-4
1.3649286E-4
2.3786197E-4
1.03665E-4
1.8058237E-4
9.853653E-6
-6.47595E-6
-2.7254724E-5
-6.262566E-5
8.357256E-6
3.1623185E-5
5.093052E-5
-9.081233E-5
-9.131484E-5
-2.115911E-4
-9.308574E-5
-2.0278424E-4
-1.1480825E-4
-2.734881E-4
-1.7997832E-4
-2.751393E-4
-1.858616E-4
-2.9739985E-4
-2.6723533E-4
-3.095535E-4
-2.3056671E-4
-3.5428058E-4
-2.5798302E-4
-2.9555848E-4
-3.6404608E-4
-3.5655062E-4
-3.8772548E-4
-3.4984146E-4
-4.4117175E-4
-2.827329E-4
-3.1214507E-4
-2.841214E-4
-3.674463E-4
-4.1002617E-4
-3.6538037E-4
-2.5840514E-4
-2.2735055E-4
-3.4720247E-4
-2.583197E-4
-3.2678887E-4
-1.7403298E-4
-3.3850307E-4
-2.3429205E-4
-3.1237022E-4
-2.1355107E-4
-2.0173201E-4
-2.823748E-4
-2.7880666E-4
-1.6794195E-4
-1.7444312E-4
-8.588102E-5
-3.307594E-4
-2.6862646E-4
-2.559176E-4
-1.1964199E-4
-1.929942E-4
-6.467661E-5
-1.4183849E-4
-7.7777775E-5
-2.6718693E-4
-1.6534534E-4
-1.5001978E-4
-4.0344392E-5
1.8161032E-5
-1.879182E-4
-1.469055E-4
-5.0923558E-5
-1.526494E-4
-1.103771E-5
-3.8761023E-6
-5.0393246E-5
-4.7794347E-5
2.3199907E-5
1.9139994E-5
-1.7710645E-5
-1.541359E-5
7.916307E-5
7.9751255E-5
-8.202089E-6
1.7077784E-4
2.0923124E-4
7.818634E-5
1.3438643E-4
1.0083568E-4
1.3904613E-4
1.02549035E-4
2.6388757E-4
2.4378089E-4
2.180897E-4
1.8611152E-4
3.1979405E-4
2.6093045E-4
3.2859045E-4
2.4410847E-4
2.1789962E-4
2.6156273E-4
3.106086E-4
2.7777627E-4
4.584791E-4
3.8624278E-4
4.0603676E-4
3.2397415E-4
3.9317668E-4
2.7808643E-4
3.9542047E-4
2.2797976E-4
4.196314E-4
3.0023142E-4
3.5899007E-4
2.5294477E-4
1.8671973E-4
2.7067066E-4
2.8752367E-4
2.9099532E-4
2.721816E-4
3.6254287E-4
2.5399134E-4
1.7640865E-4
1.4060059E-4
1.9850871E-4
3.006266E-4
1.7945685E-4
2.9465507E-4
2.67108E-4
2.9157227E-4
2.0672494E-4
2.1183661E-4
2.3997751E-4
1.8658236E-4
2.2532628E-4
2.479466E-4
2.0465831E-4
2.3293438E-4
2.0706501E-4
2.1712207E-4
1.6061687E-4
1.7871741E-4
9.660874E-5
1.8557793E-4
1.17438954E-4
1.4770363E-4
1.9100118E-4
1.1146196E-4
-7.3684E-6
-1.8047853E-6
4.9565177E-5
1.0502638E-4
8.226015E-5
2.7290384E-5
-1.3645645E-4
-1.07289205E-4
4.2011485E-5
-3.810244E-5
-1.2488428E-5
-1.9376616E-4
-4.6894387E-5
-7.596665E-5
-5.956818E-5
-1.5757515E-4
-7.8378216E-5
-2.0785682E-4
-4.5902445E-5
-1.9669576E-4
-1.6669703E-4
-1.8900217E-4
-1.2886425E-4
-1.3820882E-4
-1.3578443E-4
-3.4287377E-4
-2.2512808E-4
-1.3523805E-4
-1.8114511E-4
-1.9616516E-4
-7.9509875E-5
-2.968397E-4
-2.2709991E-4
-2.1894142E-4
-2.0123394E-4
-2.1083586E-4
-1.9999582E-4
-1.2975781E-4
-1.9071589E-4
-2.1762548E-4
-1.4434791E-4
-1.5427568E-4
-1.9274028E-4
-2.1883806E-4
-1.5606896E-4
-1.5530994E-4
-1.2876972E-4
-2.1123992E-4
-5.793001E-5
-1.5272069E-4
-1.4193408E-4
-5.8957892E-5
-5.8551814E-5
-2.12917E-4
-8.3280094E-5
-2.0531286E-4
-1.0257368E-4
-2.606896E-4
-8.238983E-5
-1.3713771E-4
-6.3049725E-8
-9.477463E-5
-1.2196064E-4
-1.9084201E-4
-3.0472274E-5
-1.6024725E-4
-1.50142E-5
-1.8609277E-4
-4.0824074E-5
-1.4980564E-4
-1.1871209E-4
-1.771759E-4
-3.886746E-5
-6.344878E-5
-7.9491096E-5
-1.4922675E-4
-1.6491782E-4
-9.446702E-5
-1.4701733E-4
-3.2294007E-5
-1.53717E-4
-5.1782015E-5
-1.5105485E-4
-7.400794E-6
-6.697825E-5
-6.538172E-5
-3.2451142E-5
-1.10872104E-4
-5.0719093E-5
-8.3059815E-5
-3.973465E-5
-3.0083358E-5
-6.74547E-5
-3.597201E-5
-1.2559141E-5
-1.1974678E-4
6.489317E-6
1.77707E-5
-1.8466446E-5
-1.89855E-5
-4.3762455E-5
-1.4692784E-4
-2.9264431E-6
-1.4319965E-4
1.7093355E-6
-1.1891243E-4
4.249506E-5
-1.1555183E-5
6.299057E-6
-7.279165E-5
-1.4713367E-5
3.1139632E-5
6.834408E-5
8.663501E-5
7.862469E-5
2.278572E-5
5.7715486E-5
5.8463036E-5
1.9677515E-4
1.9580421E-4
1.2672076E-4
6.308441E-5
-2.9192826E-5
1.5096E-4
-4.3113494E-5
2.3014084E-4
8.809591E-5
1.4620867E-4
9.1028945E-5
2.4224048E-4
6.867882E-5
1.6169838E-4
2.3524814E-5
1.43802E-4
5.185618E-5
1.9276052E-4
7.372118E-5
4.44541E-5
1.686283E-4
1.4469297E-4
9.101592E-6
5.1993797E-5
1.8491129E-4
8.5503445E-5
1.5098818E-4
1.3692788E-4
1.3082552E-4
1.8431612E-4
2.0626026E-4
7.44307E-5
2.3276213E-4
2.0493202E-4
2.3615659E-4
1.2561843E-4
1.8193551E-4
2.2311072E-4
1.6194858E-4
1.9634381E-4
2.3204464E-4
1.8842595E-4
9.6255564E-5
1.9622246E-4
2.5486853E-4
2.3165741E-4
1.2960678E-4
2.135426E-4
1.5861858E-4
1.8434756E-4
7.989179E-5
2.6188718E-4
1.3893376E-4
2.4081672E-4
1.100288E-4
2.522107E-4
1.6774746E-4
2.340716E-4
1.2541034E-4
2.1788188E-4
1.5225002E-4
1.4913749E-4
1.16212796E-4
1.7240262E-4
8.463131E-5
2.1128348E-4
1.6813981E-4
1.5544191E-4
2.236507E-4
7.724217E-5
9.309605E-5
1.5341597E-4
1.4954299E-4
2.8865728E-5
1.1738708E-4
6.6447035E-5
8.686287E-5
9.241974E-5
4.3170716E-5
6.385743E-5
1.0682775E-4
1.2430093E-4
6.131522E-5
1.07963264E-4
-3.735143E-5
1.2269206E-4
-3.571446E-5
-3.7770071E-6
-4.6721096E-5
1.128673E-4
6.746491E-5
7.673367E-5
-1.125338E-4
-4.2412506E-5
-2.6853852E-5
5.763023E-5
1.3350786E-5
9.950992E-5
-1.1065165E-4
-3.2317048E-6
-4.359847E-5
-2.560441E-5
4.39619E-5
-2.8992632E-5
-5.0024428E-5
4.1515852E-7
3.1781707E-5
-4.7384667E-5
-2.449031E-6
-2.5195543E-5
-1.1687158E-6
1.02163285E-5
-9.7984564E-5
2.8088882E-5
1.0060535E-5
-3.4067067E-5
-4.6710637E-5
2.6001222E-5
-1.68768E-5
-4.104047E-5
1.2684795E-5
-4.8219645E-5
8.100403E-5
-6.8059517E-6
-3.2890975E-6
-2.026828E-5
-4.873527E-5
-2.8720318E-5
1.116907E-5
3.951566E-5
-5.388561E-5
-9.954818E-5
-1.1790095E-4
-7.773349E-5
-1.1163147E-4
-6.0416878E-5
-9.494864E-5
9.6157826E-5
-8.964172E-5
-6.6234395E-5
-8.719572E-5
-4.8167756E-5
-5.9648093E-5
-1.2429718E-4
-1.02145335E-4
-7.5563E-5
-1.01342695E-4
-1.0939652E-4
-3.8638947E-5
-1.5138925E-4
-8.31504E-5
-1.1322747E-4
3.0557803E-5
-1.0674034E-4
-9.759251E-5
-3.848442E-5
-1.0194478E-5
-1.8863862E-4
-2.935286E-5
-1.9600378E-4
-7.949733E-5
-1.0742024E-4
2.1845042E-5
-1.1649961E-4
-5.9533944E-5
-8.6148466E-5
-9.243238E-5
-3.4648303E-5
-5.3846346E-5
6.2644314E-5
2.3309674E-6
-8.568985E-5
-7.854716E-5
-5.3735494E-5
-8.068321E-5
3.3949145E-5
-9.9944235E-5
-1.930982E-5
-3.1299187E-5
2.2413216E-5
1.3178707E-5
1.34816955E-5
4.265711E-6
1.3505011E-5
6.722005E-5
-1.2175777E-5
-3.161625E-5
-5.2145533E-5
7.763816E-5
1.589808E-5
3.5849254E-5
-2.611369E-5
5.0268078E-5
1.9767622E-5
8.387586E-5
8.4228086E-5
1.4550608E-4
1.2149694E-4
1.364834E-4
8.7936205E-5
1.7080714E-4
8.485607E-5
3.005317E-4
1.8826399E-4
1.727008E-4
3.8438906E-5
7.544806E-5
3.1295796E-5
6.389238E-5
7.294063E-5
7.5023627E-6
1.4456766E-4
9.297022E-5
1.6802831E-5
1.5356409E-5
6.291027E-5
4.9237093E-5
9.6029595E-5
4.600948E-5
9.4976276E-5
6.8043814E-6
1.7491515E-5
-2.2920032E-5
-1.8238408E-5
6.97476E-5
5.8643625E-5
1.9334129E-4
8.30406E-5
6.940149E-5
6.845712E-5
1.11019435E-4
8.123211E-5
2.5110302E-4
6.641904E-5
1.400195E-4
9.3761635E-5
2.727403E-4
1.2440578E-4
2.7514825E-4
1.8183537E-5
1.8851871E-4
2.3634728E-5
2.0792602E-4
2.406195E-4
3.0052784E-4
1.9919343E-4
3.131692E-4
3.1534815E-4
3.364646E-4
3.4509358E-4
3.5336055E-4
2.118477E-4
2.9853292E-4
2.823756E-4
3.4966E-4
2.2286194E-4
3.0679375E-4
2.021311E-4
3.2690467E-4
2.4940717E-4
2.9747988E-4
2.4696207E-4
2.3767805E-4
1.6226439E-4
2.7190312E-4
2.825527E-4
1.9408777E-4
2.9274478E-4
3.1099978E-4
2.2526293E-4
2.5895552E-4
1.3619839E-4
1.795066E-4
1.55694E-4
1.1645391E-4
3.125361E-5
1.7010477E-4
3.5188106E-5
2.4353676E-5
-1.610671E-5
-4.1095227E-6
-1.2610389E-4
-1.5677126E-5
-2.0664633E-4
-2.8212778E-5
-2.1103938E-4
6.490437E-5
-2.1054003E-4
-3.5280595E-5
-2.1816822E-4
-1.07141735E-4
-2.5544394E-4
-1.7515643E-4
-2.9920437E-4
-1.7356296E-4
-2.5892997E-4
-1.5793138E-4
-2.58491E-4
-1.2047445E-4
-1.8455951E-4
-2.2235293E-4
-1.5167844E-4
-2.3804506E-4
-3.3700006E-4
-1.2798997E-4
-2.3311374E-4
-2.1492444E-4
-2.6379325E-4
-1.9780338E-4
-2.1493921E-4
-1.7849385E-4
-3.7017828E-4
-2.4656538E-4
-2.0336684E-4
-2.2559942E-4
-2.3910856E-4
-2.2062357E-4
-2.5772562E-4
-1.622566E-4
-2.542528E-4
-9.832896E-6
-2.3610311E-4
-5.8978014E-5
-2.6878525E-4
-7.5189375E-5
-1.908063E-4
1.1041636E-4
-9.116266E-5
-9.814983E-6
-2.925465E-4
7.2241404E-5
-6.864509E-5
-1.5557197E-6
-3.1429167E-7
1.388741E-5
-8.884591E-5
1.1830606E-4
6.735843E-5
1.4943218E-5
-5.1020066E-5
3.33408E-5
1.8409763E-5
-2.071108E-5
-2.3302044E-5
2.9019338E-5
4.394599E-5
7.3185205E-5
2.315283E-5
1.06711246E-4
8.300267E-5
-1.8533603E-5
-4.3062148E-5
-7.786787E-5
-9.056617E-5
-1.7816521E-5
6.258595E-5
-2.3517048E-6
-8.964082E-5
-7.85531E-5
-1.786212E-4
-4.8870414E-5
-1.3840159E-4
-1.07051994E-4
-1.7139941E-4
-7.4580195E-5
-2.4414592E-4
-8.514451E-5
-2.5179773E-4
-1.0117873E-4
-1.6858526E-4
-2.9250343E-5
-2.458582E-4
-8.343625E-5
-2.5900916E-4
-2.3611594E-4
-1.8755376E-4
-5.15188E-5
-1.828326E-4
-2.9610646E-5
-9.8116376E-5
-7.462423E-5
-1.9214526E-4
-1.10740395E-4
-5.0756516E-5
-1.07426305E-4
-1.4691951E-4
-9.251984E-5
-6.991447E-5
-9.990188E-5
-1.605469E-4
-1.12132584E-4
1.252232E-5
-2.6751935E-5
5.126448E-6
-3.2271444E-5
3.6329726E-5
5.6503326E-5
2.392627E-5
7.226496E-5
9.311565E-6
8.389265E-5
9.917794E-6
2.4490071E-5
-9.759824E-5
7.415124E-5
2.193179E-5
2.2523458E-5
8.446095E-5
6.173642E-5
-6.331725E-5
8.217228E-5
-9.245435E-6
1.3178997E-4
-5.65227E-5
1.5813511E-4
-7.158424E-5
2.277514E-5
3.425533E-6
6.621798E-5
1.2659048E-5
-4.8659935E-5
1.7260993E-5
-5.2910716E-5
8.069018E-6
8.0966915E-5
9.303854E-5
9.1286754E-5
1.4416447E-4
7.2399096E-5
9.784689E-5
1.0949267E-5
1.1193276E-4
4.334697E-5
1.5071618E-4
1.5547698E-4
1.09351946E-4
2.1747503E-6
-4.8988815E-5
3.9487837E-5
1.5637062E-5
1.0580544E-5
-5.8395475E-5
-7.250514E-5
-6.7712055E-5
-1.7625009E-5
-4.427966E-5
-2.4170686E-5
-6.1854385E-5
-1.3811258E-4
-1.9292285E-4
-4.088247E-5
-2.3697768E-4
-1.0306979E-4
-1.0363811E-4
-8.559777E-5
-1.4474847E-4
-3.926541E-5
-1.8789935E-4
-3.7528516E-5
-1.19718025E-4
-3.0356E-5
-1.2606353E-4
-8.9435416E-5
-1.4987585E-4
-1.2856915E-4
-1.5052644E-4
-1.5831886E-4
-4.049839E-5
-1.0755641E-4
-5.810425E-5
-1.6435134E-4
-1.6278557E-4
-1.4724281E-4
-7.923933E-5
-2.875782E-5
-1.2687179E-5
-7.6410775E-5
-7.146229E-5
-1.8699741E-4
-5.9428407E-5
-1.5845407E-4
-5.8731504E-5
-6.153111E-5
-2.4719673E-5
2.2831431E-5
6.602647E-5
-2.6135169E-5
-3.3056484E-5
-3.3927627E-6
-6.62858E-5
2.009688E-5
-6.6288034E-5
-2.3794667E-6
-7.843198E-5
5.7325506E-5
-1.2874535E-4
1.1363874E-4
-5.7483125E-5
4.5603483E-5
-7.2567476E-5
5.778702E-5
-1.04462546E-4
1.8572091E-5
-2.497993E-5
1.1949496E-5
4.4476525E-5
-1.5045408E-5
-8.891167E-6
-9.544103E-6
-4.663889E-5
7.723274E-5
1.0499532E-5
-8.56511E-5
4.77291E-6
4.741029E-5
-6.0727384E-6
4.2159318E-6
6.436606E-5
-6.236348E-5
1.295054E-4
9.610794E-5
8.33532E-5
-6.5691245E-5
-6.557413E-5
-1.3419274E-5
-7.708018E-5
-7.075445E-5
-7.824794E-5
-1.1989301E-4
-7.770896E-5
1.7050241E-6
-4.8258116E-5
1.9610305E-5
-8.5879554E-5
7.1517593E-6
-1.1512924E-4
-2.2847937E-5
-1.3731892E-5
-1.676551E-5
-8.3520725E-5
-6.1369733E-6
-5.9681955E-5
-2.9785822E-5
-3.140082E-5
4.6336212E-5
-8.154776E-5
-1.15878625E-4
-5.180754E-5
-1.5065273E-4
-2.2074781E-4
-1.2832362E-4
-1.2822775E-4
-2.064861E-4
-9.598496E-5
-1.8893971E-4
-1.0028831E-4
-9.368834E-5
-1.1841457E-4
-2.0935391E-4
-4.6939098E-5
-1.5266641E-4
-1.5059735E-4
-1.4239545E-4
-1.2637285E-4
-2.2125659E-4
-1.0003125E-4
-1.4714486E-4
-1.5343138E-4
-1.1682672E-4
-5.63695E-5
-7.4572396E-5
-1.2494337E-4
-1.07725955E-5
-1.0065521E-4
-5.0661587E-5
-1.0926131E-4
-2.8816447E-5
-1.5345012E-4
1.3445998E-5
1.221984E-5
4.6013418E-5
-9.995363E-6
1.3352977E-4
6.679141E-5
7.833556E-5
4.2053976E-5
2.1045558E-4
1.3889019E-4
1.9913538E-4
1.2045236E-4
2.0882621E-4
2.1074891E-4
1.383273E-4
2.187547E-4
1.5936368E-4
2.0822263E-4
2.2958491E-4
2.7832494E-4
2.7491216E-4
3.1249094E-4
2.246697E-4
2.7687117E-4
3.1931797E-4
3.4612248E-4
2.9576308E-4
2.831665E-4
2.6958284E-4
2.4134941E-4
3.0464277E-4
3.2312018E-4
3.2157663E-4
3.2415145E-4
2.079592E-4
2.048867E-4
2.849937E-4
1.8276136E-4
2.6975278E-4
2.537324E-4
3.4353317E-4
1.879766E-4
2.5447735E-4
1.9277466E-4
3.1260168E-4
2.095929E-4
1.7015588E-4
8.293396E-5
1.9868647E-4
7.692443E-5
1.9229886E-4
3.710158E-5
1.6331603E-4
1.9644187E-5
9.116926E-5
9.709974E-5
-3.6352343E-5
-6.8207606E-5
-4.6658282E-5
-4.684348E-5
-1.3579044E-4
-1.3478234E-4
-8.4057494E-5
-7.571074E-5
-1.6303401E-4
-8.17663E-5
-2.2671586E-4
-9.302987E-5
-2.8177595E-4
-2.0753546E-4
-2.7335293E-4
-2.3782156E-4
-1.9181361E-4
-2.6007998E-4
-1.9181207E-4
-2.365962E-4
-1.7466079E-4
-2.7312065E-4
-1.4974448E-4
-2.1448407E-4
-2.3214315E-4
-3.5052816E-4
-1.6682416E-4
-1.3643401E-4
-2.7697568E-4
-1.9971518E-4
-2.3098994E-4
-3.1905985E-4
-1.8280144E-4
-3.1289706E-4
-1.3393986E-4
-2.2970294E-4
-2.0898253E-4
-3.0906068E-4
-2.012495E-4
-1.7595448E-4
-1.3635497E-4
-1.4906975E-4
-1.20539546E-4
-1.3138601E-4
-1.228033E-4
-3.0414893E-5
-1.3041921E-4
-8.554142E-5
-7.546782E-5
-1.447556E-4
-1.147306E-4
-1.4287521E-4
-1.21575285E-4
-1.1195388E-4
2.9237019E-5
4.110744E-6
-3.6467347E-5
-1.15749885E-4
3.4654186E-6
-5.9908E-5
-2.3074672E-6
-6.7163423E-6
-1.6764543E-5
7.825605E-6
2.4567575E-5
-3.4380046E-5
8.4757885E-5
-4.4379017E-6
1.0195193E-4
-5.882321E-5
4.1283474E-5
7.1366914E-5
1.0076612E-4
4.558767E-5
1.0979484E-4
5.315585E-5
1.2912844E-4
-2.5112674E-6
1.6580682E-4
3.9830215E-5
1.6268175E-4
7.2597E-5
1.1961566E-4
1.02779166E-4
1.6881774E-4
7.58388E-5
6.368796E-5
-2.3124352E-5
4.3581662E-5
8.641634E-5
1.8026667E-4
7.390931E-5
8.916118E-6
1.3213292E-5
2.9059516E-5
6.731317E-5
-3.4151384E-5
6.017882E-5
2.9967598E-5
7.20847E-6
4.749187E-6
-1.016284E-5
-5.5909943E-5
2.0256672E-5
-1.9243596E-5
-9.075256E-5
-2.6304947E-6
-1.446003E-4
-7.522476E-5
-1.2057431E-4
-3.0027408E-5
-5.5706685E-5
5.2098712E-5
-3.330648E-5
5.3323205E-5
-8.1229766E-5
3.9882623E-5
-7.209793E-5
1.0047114E-4
-3.6706566E-5
1.1810167E-4
2.3787834E-5
-4.526907E-5
-1.0974403E-4
-2.0249083E-5
-7.019774E-5
2.1391415E-6
-8.87052E-5
2.0245498E-5
-1.1523936E-5
6.477635E-5
-5.6552668E-5
-1.1835646E-4
-2.9333602E-5
1.184537E-5
3.798589E-5
4.085039E-5
2.6240416E-5
2.5391118E-5
3.5968376E-5
3.9289058E-5
9.55413E-5
1.01334525E-4
-7.132691E-5
5.5286277E-5
8.34599E-5
1.1351426E-4
8.539255E-5
7.727107E-5
8.4164734E-5
2.5168563E-6
8.108653E-5
2.6229027E-4
1.5299341E-4
1.5878644E-4
4.8854763E-5
1.8291126E-4
8.686995E-5
3.0875366E-4
2.2856977E-4
1.857529E-4
1.0630754E-4
2.571703E-4
8.2251754E-5
2.796629E-4
1.8391453E-4
3.3889423E-4
1.7827163E-4
1.9297043E-4
2.1218663E-4
2.2977177E-4
2.1217985E-4
2.1121393E-4
2.8000894E-4
1.9947196E-4
2.9271364E-4
1.7561782E-4
3.5618249E-4
2.0612453E-4
3.2914578E-4
2.9557728E-4
2.9156118E-4
1.5248949E-4
2.8827897E-4
1.7267416E-4
8.224764E-5
1.0237158E-4
2.6176113E-4
2.3872842E-4
1.3915199E-4
1.2733787E-4
2.3521617E-4
-2.628917E-5
6.947372E-5
3.6170564E-5
6.408029E-5
1.7437136E-5
-1.6303764E-5
-2.4390372E-5
-1.3240958E-4
-1.45629365E-5
-1.9735874E-4
-6.1249324E-5
-8.666728E-5
-3.8848884E-5
-1.7077707E-4
-1.7575386E-4
-2.7511612E-4
-2.070814E-4
-3.0415042E-4
-1.976745E-4
-2.7526807E-4
-1.8493214E-4
-2.2246102E-4
-2.6347424E-4
-4.1097822E-4
-3.1397943E-4
-1.8734307E-4
-3.1509317E-4
-2.1263474E-4
-2.9146078E-4
-2.4716096E-4
-3.5653124E-4
-2.1743146E-4
-3.422441E-4
-2.2988429E-4
-2.7232646E-4
-2.6801147E-4
-3.0785686E-4
-2.3361022E-4
-3.548919E-4
-1.7237912E-4
-2.3116746E-4
-2.1569202E-4
-2.706009E-4
-2.2521587E-4
-2.0377878E-4
-2.1316856E-4
-1.6323346E-4
-2.4106774E-4
-2.2066415E-4
-2.001447E-4
-1.3919378E-4
-2.821056E-4
-9.1379065E-5
-1.4005836E-4
-7.79322E-5
-1.5827538E-4
-1.10473215E-4
-6.439763E-5
-8.616618E-6
-8.004384E-5
1.7518819E-7
1.5338095E-5
1.2631646E-5
-3.1179214E-5
-4.169808E-5
4.336703E-5
5.3318654E-5
1.14981005E-4
8.223773E-5
6.445119E-5
4.7273497E-5
9.611895E-5
1.1240969E-4
1.0041163E-4
9.124005E-5
1.3354754E-4
8.833462E-5
1.6561271E-5
1.9592815E-4
5.30804E-5
8.799825E-5
7.970472E-5
1.3934498E-4
2.0989834E-4
1.8598276E-4
3.966513E-5
9.250806E-6
1.7241988E-5
6.54701E-5
1.13338065E-5
-2.1726706E-5
-1.7316735E-5
9.8466066E-5
-1.0900285E-4
-9.398456E-6
-8.73318E-5
-7.9568556E-5
-2.2392578E-5
2.3470813E-5
-1.2841036E-4
-1.2520054E-5
-1.1959851E-4
-5.953218E-5
-1.2773556E-4
4.3631262E-5
-1.387982E-4
-9.488006E-5
-1.7840185E-4
-2.0679805E-4
-1.8340553E-4
-1.3055438E-4
-2.606959E-4
-3.2079962E-4
-2.1777856E-4
-2.648681E-4
-2.676529E-4
-2.5651508E-4
-3.439286E-4
-3.0809653E-4
-2.1084858E-4
-2.8981263E-4
-3.4654044E-4
-3.373846E-4
-2.643506E-4
-3.1945793E-4
-3.8219173E-4
-2.9111592E-4
-3.4532527E-4
-2.2407025E-4
-3.002433E-4
-1.9192221E-4
-2.6610392E-4
-2.259648E-4
-2.6156384E-4
-2.0210334E-4
-2.5059443E-4
-8.53104E-5
-2.6021193E-4
-1.9554374E-5
-1.9991938E-4
3.2659547E-5
-4.3779863E-5
6.1424334E-6
-3.214794E-5
7.49039E-5
4.4515775E-5
1.9621599E-4
1.1683348E-4
1.02078564E-4
5.7595284E-5
1.7756251E-4
1.6320997E-4
1.6026502E-4
1.6612018E-4
1.288364E-4
2.6453056E-4
2.1108196E-4
2.39549E-4
2.8335667E-4
3.960745E-4
2.9461546E-4
3.4513292E-4
3.6813383E-4
2.769252E-4
3.0720187E-4
3.3196484E-4
3.01136E-4
3.019599E-4
3.1890016E-4
3.22376E-4
2.4095597E-4
3.4355614E-4
3.5142672E-4
2.2762167E-4
2.7799886E-4
2.5537403E-4
4.3517273E-4
2.3009576E-4
3.6660946E-4
1.802795E-4
3.242643E-4
2.5275451E-4
3.6923803E-4
1.9893055E-4
3.5436117E-4
2.0448583E-4
3.1187193E-4
2.0474443E-4
2.3746147E-4
1.4263438E-4
2.7002036E-4
1.4497591E-4
7.311987E-5
3.131576E-5
5.459337E-5
3.8027734E-5
5.3131175E-6
1.1401254E-4
1.5010495E-5
5.9511884E-5
5.592173E-5
1.5573968E-4
-6.5459926E-6
3.265845E-5
1.1232811E-4
-1.0153684E-4
-8.001245E-6
4.8326892E-6
-8.593386E-6
6.595856E-5
-3.0714039E-6
-1.5212598E-5
-1.7677678E-5
2.857417E-5
6.93288E-5
-6.542039E-5
6.357654E-6
-7.72314E-5
-7.53844E-5
-9.458214E-5
6.056246E-5
-2.5124647E-5
8.591155E-5
-4.1080213E-5
-2.6021426E-5
-7.589169E-5
-1.6921174E-5
-6.477855E-5
-5.857606E-5
-1.301498E-4
-1.20779296E-4
-1.247264E-4
-6.382921E-5
-1.3521053E-4
-1.240411E-4
-2.3896192E-4
-1.4807082E-4
-1.8771272E-4
-1.8284257E-4
-1.7361407E-4
-2.9256995E-4
-2.9222725E-4
-1.4333893E-4
-3.1893776E-4
-2.7468277E-4
-3.34669E-4
-1.6954256E-4
-4.01487E-4
-2.5071675E-4
-3.5587975E-4
-2.820324E-4
-3.5995152E-4
-2.8110258E-4
-2.6915726E-4
-2.992411E-4
-2.4898234E-4
-1.2382847E-4
-1.305893E-4
-1.6732897E-4
-1.0163499E-4
-7.1801434E-5
3.8354312E-5
-1.8506988E-4
1.401242E-4
-8.752016E-5
8.92219E-5
1.7720948E-4
-7.00239E-4
6.587311E-4
5.5485303E-5
-7.5222044E-5
-1.0814176E-4
4.90984E-5
2.4695386E-4
-3.795111E-4
5.768343E-4
-7.45554E-4
5.008349E-4
-3.7417817E-4
-0.001171797
0.0011509818
1.5011127E-4
-2.9738827E-4
-2.9811624E-4
1.3693777E-4
-1.8509984E-4
-9.711887E-6
-1.0995592E-4
8.462008E-5
-1.1824582E-4
1.13797205E-5
-9.709267E-5
5.4541102E-5
-6.633262E-5
-2.238578E-5
-1.4448393E-4
8.2074745E-5
-4.8286097E-6
8.1694714E-5
-2.3885873E-4
-4.4282526E-5
-6.0742528E-5
-6.808206E-5
-1.13142516E-4
-1.4931743E-5
-2.1593978E-4
-3.7896896E-6
-1.7609406E-4
-6.611895E-5
-1.5400475E-4
-6.9373236E-5
-3.0125762E-4
1.3188567E-6
-6.175976E-5
1.1616961E-5
-1.5328296E-4
-5.4408847E-5
-2.6678536E-4
-1.2577877E-4
-7.2906354E-5
-3.9279976E-6
-4.889318E-5
-1.5794032E-4
-9.981382E-5
-6.394779E-5
-1.04848594E-4
-1.4420638E-4
-1.2653058E-4
-3.4595152E-5
-4.828416E-5
3.6351717E-5
-2.3603869E-5
-5.900071E-5
-2.2337447E-4
-2.0866162E-4
-5.7005916E-5
-2.8322296E-5
-1.3124842E-5
1.165791E-4
-4.173025E-5
7.383247E-5
-2.9104409E-5
6.869501E-5
-2.6022108E-6
1.7440412E-4
1.303088E-4
2.4515408E-4
1.3444692E-4
3.0511338E-4
7.549295E-5
1.6343509E-4
6.9446825E-5
3.6696772E-4
1.0353063E-4
3.867454E-4
1.5041955E-4
2.6290197E-4
-1.0154736E-5
9.466176E-5
5.251803E-5
2.489895E-4
8.930475E-5
1.979726E-4
4.4648266E-5
1.111931E-4
1.8262119E-5
9.941858E-5
2.4019573E-5
1.0079275E-4
1.5909207E-5
2.0959465E-4
1.2166388E-4
1.06564454E-4
2.468387E-6
1.2037349E-4
1.9213285E-4
2.430295E-4
2.1014547E-4
3.5973082E-4
2.4337813E-4
4.1374753E-4
1.858471E-4
4.75508E-4
2.0511953E-4
6.000242E-4
3.1545066E-4
9.368828E-4
3.2532308E-4
9.220904E-4
-1.2743077E-5
9.4020437E-4
-1.2780087E-4
0.0011137908
-3.5606202E-4
0.001184752
-5.299428E-4
0.0012475075
-0.0010379705
0.0012406112
-0.0015147477
0.0012174187
-0.001773949
0.0011710067
-0.0015904958
5.1968335E-4
-0.001016317
-8.809484E-4
5.030348E-4
-0.0028221318
0.0031488978
-0.006010878
0.007533522
-0.010565862
0.013401009
-0.017154502
0.02086499
-0.025732636
0.030185174
-0.036196377
0.042195994
-0.05042552
0.06341148
-0.08067268
0.09482366
-0.085458465
0.04869216
0.08777019
-0.1800711
0.45695922
-0.72357804
0.13511899
0.22850783
-0.041823823
0.34094092
-0.1394453
-1.0
-0.8614276
-0.11946558
0.27559915
0.7285156
0.7715814
0.7144539
0.39424908
0.19964972
0.089259036
0.11644864
0.24970756
0.31034926
0.19170791
0.010187593
-0.09037097
-0.14915466
-0.23821674
-0.27726275
-0.23465523
-0.22532131
-0.24307002
-0.27537832
-0.2858262
-0.259993
-0.25489965
-0.32057783
-0.28429267
-0.22816633
-0.29113355
-0.2495995
-0.19738056
-0.16042393
-0.105376154
-0.06045164
-0.050165717
-0.029372165
0.023171127
0.020373508
0.005629645
0.042053375
0.09504796
0.086347595
0.07352544
0.0884916
0.08919247
0.07564379
0.09303449
0.11634089
0.11087162
0.11946615
0.10948726
0.08880839
0.06958765
0.05440744
0.05749268
0.0641323
0.07601335
0.07570513
0.0797244
0.081856936
0.09214858
0.097584225
0.091229625
0.063334644
0.067306444
0.06817713
0.08738984
0.11175173
0.10403198
0.119929075
0.10233192
0.06290447
0.04032039
0.030640356
0.016344616
0.024307786
0.045457803
0.06821302
0.06074295
0.043317296
0.011863299
-0.024018668
-0.020994147
-0.011034024
0.0031375105
0.0231974
0.043216854
0.031018838
0.009670259
-1.9299683E-5
0.007069278
0.01481979
0.024371265
0.035641436
0.04662948
0.050835166
0.050210338
0.037752837
0.018060388
0.010877838
0.011673241
0.017152235
0.0315363
0.042678803
0.03948734
0.01805104
-0.0038269951
-0.009623542
-0.008724721
-0.0015292552
0.0075014643
0.016246581
0.021971673
0.017624296
0.008242686
-0.0069467966
-0.012593545
-0.0077786143
-0.0024880497
0.003522821
0.012002311
0.00996447
7.8002666E-4
-0.014745422
-0.025368974
-0.037763227
-0.049152933
-0.04114351
-0.030017745
-0.024709525
-0.031737268
-0.03739874
-0.052263465
-0.06270637
-0.06516452
-0.06407969
-0.052220136
-0.04408359
-0.034469493
-0.04074284
-0.04522596
-0.050595127
-0.058393028
-0.054146565
-0.051080864
-0.047379788
-0.036942106
-0.031945616
-0.03155926
-0.0329107
-0.037913896
-0.0430678
-0.043459408
-0.036406435
-0.034556966
-0.029089034
-0.024697756
-0.021337252
-0.023031397
-0.025349338
-0.026926478
-0.024758883
-0.01711016
-0.011663804
-0.011521414
-0.011775531
-0.007806222
-0.006118156
-0.008241411
-0.014081007
-0.016831275
-0.016908543
-0.012666825
-0.008165384
-0.0051720147
-0.0033733111
-0.0031609817
-0.0046753176
-0.0062695886
-0.0061895167
-0.0049530677
-0.0032566525
-0.0016726175
-0.0010383577
-0.0011540996
-0.0011921695
-0.0012541029
-0.0012214916
-0.0010235538
-6.9963216E-4
-4.318986E-4
-2.5266834E-4
-1.3970991E-4
-6.7661815E-5
-2.0193009E-5
-0.0
