* Impulse Response data saved by REW V5.20 Beta 12
* IR is normalised
* IR window has been applied
* IR is not the min phase version
* Source: Microfone (E-MU 0404 | USB), no input selected, Left channel, volume: no control
* Dated: 29/06/2017 15:32:00
* Measurement: jun 29 15:32:00
* Excitation:  128k Log Swept Sine, 1 sweep at -14,0 dBFS  Using a loopback as a timing reference
* Response measured over: 1,8 to 20.000,2 Hz
0.013097410090267658 // Peak value before normalisation
6003 // Peak index
6217 // Response length
2.0833333333333333E-5 // Sample interval (seconds)
-0.125 // Start time (seconds)
* Data start
0.0
1.0233659E-10
-4.7360277E-10
-1.6201525E-10
1.3963065E-9
-1.1179414E-9
-1.3235233E-9
4.6485638E-9
-9.035409E-10
9.284999E-9
-7.1586275E-9
6.3791544E-10
-3.0310737E-8
-3.7215513E-9
-4.5675396E-8
-1.8219325E-8
-2.5049614E-8
-4.4291624E-9
-9.929393E-9
1.8159888E-8
-4.584541E-8
1.1617999E-8
-8.546229E-8
-2.0385878E-8
-1.014831E-7
9.410249E-10
1.3849607E-9
2.1784198E-8
4.357158E-8
1.1226501E-7
7.440624E-8
7.5485666E-8
1.2883389E-7
9.216231E-8
1.0522901E-7
1.2561246E-7
-1.0432065E-7
1.4868942E-7
5.928759E-8
9.295364E-9
-1.6872178E-7
6.471541E-8
-6.068411E-8
-4.8383768E-8
-9.93453E-9
7.425537E-8
-1.4035854E-7
1.4182749E-9
2.1141656E-8
3.4904355E-7
-5.678951E-8
6.613879E-8
-1.0643783E-7
8.2147557E-7
2.9835584E-7
5.2541674E-7
1.6678679E-7
5.4426994E-7
4.6026162E-7
8.113645E-7
-7.550794E-8
2.4985823E-7
6.0142156E-7
7.4657555E-7
2.548881E-7
3.0614316E-7
2.0649281E-7
-1.5884173E-7
-1.59802E-7
-4.6206108E-7
-6.703661E-7
-2.4745268E-7
-8.091917E-7
-8.0865294E-7
-7.675257E-7
-1.4675868E-7
-4.269271E-7
-4.4754725E-7
-3.2222093E-7
1.1395068E-7
6.490462E-7
2.4912737E-7
-1.2088394E-7
7.630606E-7
-5.884034E-7
9.0542954E-7
4.3760924E-9
1.5630301E-6
7.328378E-7
1.2410023E-6
-3.446132E-7
1.5094896E-6
1.2586327E-7
9.903385E-7
-2.9575506E-7
-4.5326772E-7
-1.7491428E-6
1.0296504E-6
-5.5250666E-7
-5.0691006E-7
-3.0164795E-6
-7.1590665E-7
-3.0209776E-6
-1.8556957E-6
-1.7299934E-6
-8.4392E-7
-1.8394448E-6
-1.2708733E-6
-2.275415E-6
-5.1306966E-7
-1.1328168E-6
4.723293E-8
-4.595684E-8
1.3130892E-6
4.2171038E-7
-4.4954007E-8
-4.8921385E-7
-5.871324E-7
-8.302255E-7
7.834654E-8
-9.550846E-7
-6.562309E-9
-2.1952058E-6
-1.581344E-6
-2.6030987E-6
-2.5326287E-6
-3.4261743E-6
-1.78173E-6
-5.180198E-6
-3.9527918E-6
-5.04922E-6
-3.2401651E-6
-5.1872917E-6
-2.3295863E-6
-5.24641E-6
-2.8012637E-6
-4.024949E-6
-7.733888E-7
-4.62545E-6
-6.1889625E-7
-2.0443758E-6
-7.5300187E-7
-9.2971067E-7
1.4468345E-6
-2.98342E-6
1.202202E-6
-5.0611754E-7
-1.3295743E-6
-3.1941368E-6
-5.2964714E-7
1.7868581E-7
-4.0346038E-7
-2.307566E-6
-4.4665708E-6
-1.0856858E-6
-1.456377E-6
-2.1867324E-6
-1.9047371E-6
-3.8107726E-6
-1.4275851E-6
-2.3554633E-6
-3.2888395E-6
-1.0555051E-6
-2.3544605E-7
-1.5029889E-6
1.5363911E-6
-5.0836597E-6
1.2871681E-6
-5.493488E-7
-7.7216595E-7
-4.848431E-6
1.0933828E-6
2.465497E-6
1.9039621E-6
-5.1979923E-6
-1.3948276E-6
-2.794566E-6
2.398732E-7
-3.3318008E-6
3.1599944E-7
-6.344365E-7
-2.8681898E-6
-9.568196E-7
5.8533726E-7
-5.0729525E-8
-3.0783194E-6
-3.3902963E-6
3.9153747E-6
-4.640958E-7
-4.061381E-6
-2.0086707E-6
-1.500059E-6
-2.8215798E-6
3.854985E-6
-3.9126744E-6
2.1328292E-6
7.38859E-7
-1.9721192E-6
3.1223672E-6
2.944161E-6
-2.5409436E-6
-1.0658216E-6
8.3113844E-7
9.697154E-7
-3.347226E-7
-2.1762094E-6
-2.5662496E-6
-1.9372536E-8
-4.865729E-6
4.4356256E-7
-2.0442317E-6
-4.841562E-6
-4.021762E-6
1.7394482E-6
-2.1604915E-6
-1.8602884E-6
-3.75096E-6
2.9499322E-6
-1.3651692E-6
2.561228E-6
-2.81736E-6
3.0324966E-6
1.2039435E-6
5.412412E-6
5.054308E-7
9.8571945E-6
5.5788614E-6
5.5627897E-6
5.4425454E-6
1.4974909E-6
-1.893613E-6
1.1772291E-6
3.6264785E-6
5.603214E-6
5.1792483E-7
3.143852E-6
6.817116E-6
-7.1283586E-7
6.7216574E-6
1.2519628E-5
1.5596588E-6
1.0515594E-5
5.377731E-6
4.4539847E-6
1.0721427E-6
7.1930594E-6
2.9664482E-6
8.498389E-6
-7.2243694E-8
3.2313592E-6
4.893823E-6
7.202352E-6
-2.643309E-7
6.9703983E-6
1.980332E-6
3.531625E-6
1.2869565E-6
-6.2718436E-6
-2.568639E-7
-1.2194827E-6
-3.2093342E-6
-4.0141E-6
-1.1861731E-5
2.7727726E-6
-3.7602053E-6
2.8990808E-6
-5.2699684E-6
6.4924347E-6
-2.997038E-6
1.763037E-6
-1.2356857E-5
4.8964826E-6
-5.754073E-8
1.0021159E-7
-3.2059377E-6
1.0587864E-6
7.645294E-6
1.3907886E-5
2.0517325E-6
-1.6984974E-6
-1.291502E-6
3.1178324E-6
1.1440948E-6
2.0232686E-7
4.030089E-6
5.797769E-6
-7.4139666E-6
3.9269332E-7
-4.988008E-6
4.9516093E-6
-1.150057E-6
8.8371536E-7
-1.7154325E-5
1.1855682E-6
-1.0474182E-5
-5.4723596E-6
-6.9162566E-6
-1.4610587E-5
-1.1383143E-5
-3.5977469E-6
-7.988203E-6
1.3876125E-6
-9.158348E-6
7.656475E-6
-1.2080754E-5
4.8620846E-6
-1.5157465E-5
1.5276435E-6
-2.9971711E-6
-1.0893691E-6
-4.899268E-6
6.569097E-6
-9.048746E-7
-2.0789066E-6
-1.1196878E-5
1.7176404E-6
-4.282571E-6
8.264557E-6
1.396058E-6
-1.5981507E-6
-2.884022E-6
2.6333394E-6
-5.9746066E-7
1.2448021E-5
-1.2666974E-6
7.0075284E-6
-1.1728359E-5
8.390801E-6
-2.145272E-6
-8.939774E-6
-1.1133698E-5
8.682811E-7
-5.129117E-6
8.950944E-6
3.864449E-6
1.2670897E-5
7.121607E-7
9.280007E-6
-1.1884383E-5
1.4637475E-5
-1.4413649E-6
3.3353235E-6
-4.201136E-6
1.528131E-5
-9.51476E-6
-9.949602E-6
-9.954287E-6
4.6139944E-6
2.6149196E-6
-6.632961E-6
-1.7648741E-5
-1.996635E-6
1.6221832E-6
4.6775276E-6
-7.1952063E-6
-2.2186049E-8
-1.915355E-5
1.4435687E-5
-1.1480469E-5
-1.8908298E-5
-7.097867E-6
-6.0076485E-7
-7.7155755E-6
-3.0338592E-7
-1.1633128E-5
-1.3930866E-5
-2.1134438E-5
-7.817242E-6
2.8142522E-6
2.5909321E-6
-1.9193505E-5
-1.8990942E-5
-2.1601574E-5
1.1897191E-6
-1.0683879E-5
-1.4128104E-5
-1.9826288E-5
-3.4059773E-5
-3.9441E-5
-1.7317901E-5
-2.0163592E-5
-2.1840204E-5
-3.990023E-5
-3.8615188E-5
-3.2030446E-5
-2.3995895E-5
-2.9060746E-5
-1.22353E-5
-4.3614593E-5
-1.0299434E-5
-2.8038377E-5
-1.9595534E-5
-1.5278925E-5
-1.5242409E-5
-1.1883617E-5
-6.5931417E-6
-8.848922E-6
1.0346632E-5
-6.149029E-6
5.603838E-6
-2.0243815E-6
3.580237E-6
-4.3663485E-6
-9.804039E-6
3.8880926E-6
1.0972443E-5
-5.4349066E-6
2.2991528E-6
-1.4979986E-5
1.4869382E-6
-1.8918663E-5
-8.480367E-7
-2.2241324E-5
1.775366E-6
-1.713828E-5
-1.2808803E-5
-9.283694E-6
1.5589776E-5
-2.7497177E-5
1.6356636E-5
2.3035414E-6
1.8970111E-5
-7.4631785E-6
1.9012668E-5
-7.1729123E-6
1.7089124E-5
3.4269673E-5
3.0664785E-5
1.1693027E-5
2.51797E-5
5.721396E-6
1.9651043E-5
1.9904812E-5
9.894408E-7
9.47233E-6
2.1296953E-5
2.1118216E-5
2.7857744E-5
8.419826E-6
1.766062E-5
8.266653E-6
-4.0005357E-6
-9.331115E-6
-2.4379986E-5
6.4468327E-6
-3.4154978E-6
-1.1413771E-5
-1.3833201E-5
-1.4334288E-5
-7.899906E-6
-2.0510794E-5
1.04892915E-5
-5.5684254E-6
1.1092812E-5
-5.119958E-6
2.6031232E-6
-1.1500494E-5
2.1691023E-5
-6.948223E-6
2.5039686E-5
9.561184E-6
1.8958348E-5
9.951651E-7
3.1478172E-5
1.5314658E-5
5.2547763E-5
-7.364652E-6
1.5402555E-5
2.858821E-5
1.3654218E-5
3.616802E-6
7.594524E-6
1.2482631E-5
6.242693E-6
4.983443E-6
1.547007E-5
3.2947806E-5
-4.643731E-6
1.5250305E-7
3.0605566E-8
-2.7425474E-6
-1.8187155E-5
-2.3005014E-5
4.905312E-6
-2.5101837E-5
-3.313594E-5
-8.094661E-6
-5.881571E-6
-1.26040095E-5
-2.8189223E-5
-3.4576362E-6
-3.148788E-5
-4.533256E-5
-6.647646E-6
-3.6529123E-5
-2.0514199E-5
-4.4367716E-5
-4.074197E-5
-2.244174E-5
-2.6367E-6
-6.279902E-6
1.0565614E-5
-2.6646761E-5
1.899281E-5
-1.7812665E-5
-2.525267E-5
1.1474049E-5
4.7371373E-6
-1.2903532E-5
3.9628067E-6
6.2126865E-6
-5.2645905E-6
-5.655348E-6
-6.6324637E-6
1.3460606E-5
-3.159791E-5
-2.8735067E-5
-8.452964E-6
-5.508388E-6
-3.0786712E-5
-4.4581855E-5
-6.548632E-5
-4.6859463E-5
-4.849685E-5
-4.3732987E-5
-4.7641333E-5
-1.4843522E-6
-2.1820088E-5
-2.641172E-5
-3.6227273E-5
-3.0949457E-5
-6.8376225E-6
1.6906895E-5
1.8869085E-5
-2.5131792E-5
1.2845946E-5
2.6046493E-5
7.547011E-6
-2.7210284E-5
9.844234E-6
-3.078689E-5
-1.003066E-5
2.5014995E-6
-1.5137851E-5
7.664192E-6
-8.939109E-6
-4.4305916E-6
-2.7758555E-5
-5.253628E-5
-1.9082918E-5
-3.371592E-5
-1.5778862E-5
-2.6886255E-5
-4.2152615E-6
-8.247186E-6
-1.2936329E-5
-1.5891865E-5
-2.7088558E-5
1.2093489E-5
2.4451247E-6
-1.552088E-5
3.070515E-5
-2.0010699E-5
6.0759153E-6
3.599071E-5
3.3962526E-6
1.8478177E-5
3.4199536E-5
9.056948E-6
-1.1249832E-5
-1.2373257E-5
8.225626E-6
-2.6862677E-5
1.5658014E-5
2.6277168E-5
5.119024E-6
-4.1220555E-5
-1.2089832E-6
-2.2626851E-5
-2.303335E-6
-6.577137E-5
-2.7395217E-5
-3.677265E-5
2.0150565E-6
-1.0403337E-6
-5.316513E-7
-8.6628905E-5
-2.4385681E-5
1.7838947E-7
7.6955985E-6
-3.2150514E-5
5.150857E-6
3.0784286E-5
4.3306522E-6
4.593868E-6
1.6765784E-5
3.2236055E-6
4.327635E-5
-2.07232E-5
2.1830313E-6
9.408874E-6
-1.3297211E-5
-3.3703639E-6
8.636337E-6
-1.1371859E-5
-1.2698326E-6
-5.0501214E-5
-1.8701772E-5
-3.115326E-5
-5.081668E-5
-5.3002004E-5
-2.6694963E-5
-1.2457765E-5
-5.9514907E-5
-6.693943E-5
-3.9273178E-5
-6.0872902E-5
-6.9196813E-6
-2.6906722E-5
7.599812E-6
-2.2547993E-5
-2.094061E-5
1.0891986E-6
-3.21068E-5
-1.5978761E-5
2.0662892E-5
-3.0723484E-5
-1.0756562E-5
4.458544E-6
-6.8446534E-6
-4.5817935E-5
6.5818995E-6
-4.6253397E-5
-2.1887774E-5
2.1555095E-6
-1.22030715E-5
2.6613292E-5
1.5265845E-5
1.1542367E-5
-3.4131364E-5
3.0841067E-5
-1.7734506E-5
7.706532E-6
-1.8313509E-5
-6.4370256E-6
4.811608E-5
3.539924E-5
3.4596662E-5
3.2214894E-7
4.077921E-5
2.050673E-5
4.524913E-5
1.8780209E-5
2.3543664E-5
-1.4383498E-5
-1.3554786E-5
1.3298599E-5
2.37064E-6
-1.4650741E-5
5.3032472E-6
-3.1181004E-5
1.1405769E-5
-3.8168768E-5
-4.0241397E-5
-2.2208582E-5
1.0176138E-5
-2.522851E-5
1.1029554E-5
-4.2263626E-5
-1.69524E-5
-6.822897E-5
-1.1211231E-5
4.870555E-6
8.083626E-6
-6.4970604E-6
-1.539546E-5
5.2407017E-6
-1.1082302E-6
1.5054711E-5
3.345675E-5
-3.5008898E-6
2.5555539E-5
1.1854451E-5
3.8495735E-5
2.9288625E-5
6.7833694E-6
1.2681718E-5
4.9671246E-5
-1.6775079E-5
-8.455676E-6
-1.1410237E-5
3.185634E-5
-7.121834E-6
-3.9363986E-5
-4.3135904E-5
-3.797599E-5
-2.5219542E-5
-3.456721E-6
-7.1427467E-6
7.670437E-6
-6.8708864E-6
-1.5956286E-5
1.163594E-5
-3.0045462E-6
-3.6343747E-5
-3.798283E-5
-2.239643E-5
-2.4636876E-5
-1.6118369E-5
-6.97528E-5
-1.6940081E-5
-6.2418454E-5
1.6552356E-5
-9.744293E-5
4.0244246E-5
-1.0043577E-4
8.374948E-5
-7.4634074E-5
1.3138585E-4
-1.1851974E-4
1.2378322E-4
-1.8194447E-4
1.7012622E-4
-1.4565785E-4
4.056318E-4
5.84798E-5
-0.0024263111
0.0033506253
-2.4218112E-4
-7.455031E-4
-0.0011742879
5.068507E-4
-1.933227E-4
1.661597E-4
-8.316411E-5
5.251675E-4
8.964587E-4
2.3737125E-4
-4.360209E-4
-0.0017274184
-0.0013566107
-9.290318E-4
2.9295861E-5
9.539563E-4
0.002133706
9.454559E-4
0.0015157701
-0.0018624102
-5.6370377E-4
0.0012609389
-0.0022567122
-7.256646E-4
-5.2986934E-4
-3.6953142E-4
-4.490923E-5
2.523582E-4
1.1018987E-4
4.8668307E-4
3.568593E-4
2.9821476E-4
-2.1468058E-4
-9.4730646E-4
-3.4198095E-4
3.111661E-4
9.4447617E-4
0.0012810538
0.0016263624
7.2220294E-4
-1.8294982E-4
-5.330188E-4
-8.212208E-4
-0.0012967413
-7.1502954E-4
-3.117534E-4
-1.6748729E-4
-5.0646585E-4
-3.0469088E-4
-3.978256E-4
-5.261535E-5
-2.041173E-4
7.589403E-5
2.8829018E-4
3.221171E-4
3.1600386E-5
3.4725352E-4
2.6119375E-4
5.625948E-4
3.286593E-4
5.0294126E-4
1.3132801E-5
2.6867937E-4
-1.406343E-4
1.7477383E-5
-2.2058372E-4
1.7575873E-4
-4.0374965E-5
3.4520353E-4
-1.6495702E-4
6.5886845E-5
-3.3457647E-4
4.916361E-5
-3.8883538E-4
2.4586736E-4
-2.5753235E-4
1.0460051E-4
-4.9227796E-4
-4.948385E-5
-5.750906E-4
2.389703E-4
-1.3602976E-4
5.258231E-4
-4.4417033E-5
3.768184E-4
-3.353942E-4
1.7171251E-4
-4.0291835E-4
2.0574575E-4
-2.631216E-4
4.4963398E-4
-1.7099672E-4
4.1376645E-4
-2.1056655E-4
3.0185608E-4
-2.721676E-4
1.8440209E-4
-4.5455046E-4
2.3980287E-4
-3.3443767E-4
3.0535934E-4
-2.6157178E-4
3.0864312E-4
-2.6260014E-4
3.0560952E-4
-3.9275223E-4
3.2878268E-4
-4.084681E-4
4.3939153E-4
-1.6561024E-4
4.7078484E-4
-2.5187214E-4
3.4477454E-4
-4.1524062E-4
2.2927992E-4
-3.3178082E-4
5.3348456E-4
-1.6984362E-4
5.568935E-4
-1.4781485E-4
3.4290485E-4
-5.130765E-4
1.5825949E-4
-4.8921956E-4
2.1207484E-4
-3.0047586E-4
4.3912622E-4
-1.8623272E-4
3.2537378E-4
-4.1386404E-4
1.6057209E-4
-4.9131655E-4
2.0732517E-4
-2.1978442E-4
3.8593268E-4
-2.0006885E-4
3.3655923E-4
-3.5549444E-4
2.6281297E-4
-3.004194E-4
2.761345E-4
-1.9662913E-4
4.1325353E-4
-2.0749444E-4
2.1287765E-4
-3.038183E-4
6.9467824E-5
-3.0848177E-4
1.6262842E-4
-2.726641E-4
3.5826836E-4
-1.3202634E-4
1.9574192E-4
-2.510851E-4
1.3087648E-4
-4.0627862E-4
3.1946096E-5
-2.528993E-4
2.6810006E-4
-9.451265E-5
1.8587339E-4
-2.2659342E-4
1.860791E-5
-3.076004E-4
1.1882512E-4
-1.9628728E-4
8.4262465E-5
-2.640489E-4
1.08153356E-4
-2.1669776E-4
-3.0944782E-5
-2.5741264E-4
-5.7794623E-5
-2.0915753E-4
5.339276E-5
-1.260706E-4
1.7800576E-5
-8.360822E-5
3.7815298E-5
-1.0769431E-4
7.636363E-5
-1.1863422E-4
2.8405253E-5
-1.3253889E-4
-6.8203706E-5
-1.11325E-4
-8.0409656E-5
-7.653167E-5
-2.4690458E-5
-1.614527E-4
-8.731358E-6
-1.07908345E-4
-3.3733882E-5
-1.6340711E-4
-3.5116063E-5
-7.463259E-5
7.174423E-5
-9.376527E-5
-2.77493E-5
-1.08682936E-4
2.6698943E-5
-8.497286E-5
-8.224342E-5
-1.9228857E-4
1.6853603E-5
-1.4523127E-4
-4.0130457E-5
-1.7280279E-4
-1.4974779E-5
-2.2968378E-4
-1.826917E-5
-9.2575974E-5
7.541473E-5
-5.738742E-5
1.8093985E-4
-1.19040364E-4
9.185392E-5
-8.173434E-5
1.5911741E-4
9.022352E-5
3.2533362E-4
1.0292475E-4
3.1283655E-4
2.811805E-5
1.8722292E-4
3.3590368E-5
2.5715446E-4
4.8387897E-6
2.2869123E-4
3.6018944E-5
1.7674585E-4
-8.045352E-5
2.0805093E-4
-9.449718E-5
2.647339E-4
-1.7981527E-6
2.8320932E-4
-1.802871E-5
2.8099667E-4
-2.8595032E-5
2.2688799E-4
-3.997634E-5
3.0492357E-4
9.539923E-5
3.0681503E-4
2.5858748E-5
2.3532829E-4
-1.0900235E-4
6.153608E-5
-1.0186311E-4
1.1234238E-5
-1.1224763E-4
1.2318362E-4
-1.7198003E-4
7.652049E-5
-1.2356832E-4
5.9518E-5
-1.3051984E-4
5.7600806E-5
-1.2189869E-4
6.8909874E-5
-8.425469E-5
2.2158939E-4
-4.528937E-4
-3.5555742E-5
4.250977E-4
-1.10453395E-4
-3.585952E-4
-3.3955582E-4
-2.0060413E-4
5.7689518E-5
-1.2510564E-4
-2.4261378E-4
-2.420633E-4
-7.0303235E-5
-1.4106535E-4
1.9351434E-4
-4.965878E-4
-1.6862307E-4
4.1591842E-4
3.8852713E-6
-1.6362584E-4
-3.480465E-4
3.2708782E-4
8.149108E-5
1.8718047E-4
7.1127746E-5
-3.2408323E-5
-3.1054762E-4
-6.6748145E-4
-2.7347493E-4
7.5581935E-5
1.4829134E-4
-4.615457E-5
-8.66229E-6
1.3106485E-4
2.3851164E-4
2.8154472E-4
1.026525E-4
-2.6364322E-4
-2.2102153E-4
-1.3467883E-4
-3.7290377E-4
-4.9820956E-4
-4.7794267E-4
-5.4071046E-4
7.5881224E-5
5.1065792E-5
2.9805742E-4
-3.77371E-5
1.1763995E-4
1.383904E-5
1.5674977E-4
-1.482211E-4
-2.0372074E-5
-2.8175153E-4
-2.6596637E-4
-3.4477314E-4
-3.784911E-4
-4.6031692E-4
-3.5282515E-4
-1.6944249E-4
1.6308097E-5
4.5092947E-5
1.9044086E-4
3.2076766E-4
1.9535633E-4
2.6804107E-4
1.0050651E-4
3.5340717E-4
1.3670755E-4
3.9310608E-4
3.0432892E-4
4.118162E-4
1.949729E-4
3.1643795E-4
2.2429439E-4
2.2349639E-4
2.8724395E-4
3.7615674E-4
4.1239E-4
4.683572E-4
3.371876E-4
4.2115204E-4
3.535432E-4
4.0598286E-4
4.1329802E-4
3.6004072E-4
4.1459908E-4
4.657579E-4
4.4750122E-4
3.2951758E-4
2.2253396E-4
9.0595226E-5
9.574608E-7
2.110488E-5
5.5293394E-6
-2.962936E-6
5.2698608E-5
-2.6896396E-5
-7.401842E-5
-2.1722156E-4
-1.7342823E-4
-1.4941602E-4
-1.6057506E-4
-1.2859091E-4
-2.989104E-5
-9.435406E-5
-6.233796E-5
-1.1982194E-4
-1.2850175E-4
-7.745796E-5
-4.2448835E-5
1.0564906E-5
5.037733E-5
1.0211721E-4
4.9284314E-5
6.772829E-5
1.961485E-5
8.077857E-5
1.6138011E-4
2.2439071E-4
2.3525156E-4
2.5241796E-4
1.7510736E-4
2.7343884E-4
1.5553787E-4
3.3890244E-4
2.568202E-4
2.8670824E-4
1.750899E-4
2.0436998E-4
4.8197257E-5
6.769771E-5
-1.0979026E-4
6.459478E-5
1.69154E-5
9.4417235E-5
-8.861248E-5
7.344737E-6
-1.3106148E-4
-3.1172407E-5
-2.7422686E-4
-2.0393307E-5
-6.9216E-5
-3.9484097E-5
-4.622561E-5
8.248546E-6
-8.538312E-5
-4.879467E-5
-1.0281711E-4
-4.291764E-5
2.6318048E-6
6.395771E-5
4.811915E-5
3.8714632E-5
9.1865013E-7
3.8647428E-5
-8.965822E-6
1.6776952E-5
-6.9108806E-5
2.5161431E-5
-9.200212E-5
-9.103679E-6
1.7974343E-6
-1.126606E-4
-8.187363E-5
-9.7214515E-6
-6.487147E-5
1.7147552E-4
-6.906261E-5
3.094387E-5
-1.9784896E-4
-7.5770506E-5
-2.1103065E-4
-6.39922E-5
-2.1482361E-4
-1.6041184E-4
-1.8610049E-4
-5.5864584E-5
-2.578781E-4
-2.7807374E-4
-2.7372185E-4
-2.8243058E-4
-2.8827257E-4
-1.2315591E-4
-2.6075848E-4
-1.9448447E-4
-3.1073403E-4
-2.0007904E-4
-2.0304731E-4
-1.8522672E-4
-1.4331033E-4
-9.7123644E-5
-1.1911287E-4
-1.2494279E-4
-5.217889E-6
-1.7606342E-5
-1.399511E-5
4.8262962E-5
-7.398619E-6
7.983088E-5
7.86873E-5
5.113489E-5
1.3852742E-4
1.7265829E-4
2.3483751E-4
3.30837E-4
1.1640778E-4
2.323439E-4
1.8274228E-4
4.266753E-4
2.388899E-4
3.4694452E-4
1.57006E-4
2.1169047E-4
1.21241654E-4
1.9890028E-4
1.770804E-5
1.0186154E-4
8.083228E-5
1.4792969E-4
-1.3240835E-5
5.5253175E-5
1.3444914E-5
-5.105269E-6
-1.02438826E-4
7.9212165E-5
-3.5885245E-5
-7.8260084E-5
4.5476478E-5
7.612126E-5
-7.998159E-6
1.1802524E-4
6.90468E-5
1.6677732E-5
3.2921467E-5
7.578085E-5
-2.5105881E-5
8.9187284E-5
6.3276566E-5
1.6452791E-4
1.569613E-5
1.8013845E-4
1.465489E-4
1.2277515E-4
3.9839622E-5
1.5182524E-4
1.8174211E-4
2.8307526E-4
1.7158351E-4
4.1851326E-4
1.8686765E-4
2.3128094E-4
2.5306598E-4
1.9666416E-4
1.2635392E-4
1.9055633E-4
1.933632E-4
2.7833873E-4
2.6619228E-4
3.4349613E-4
1.7113364E-4
3.178475E-4
2.516348E-4
3.3914924E-4
2.098019E-4
3.1162577E-4
3.2884182E-4
3.969581E-4
2.163377E-4
3.074859E-4
2.8657736E-4
4.4875316E-4
2.5740502E-4
3.1055123E-4
2.9527562E-4
4.1164507E-4
3.7644347E-4
1.7859452E-4
2.9456778E-4
2.9183278E-4
2.9959844E-4
1.9679859E-4
1.9090697E-4
3.3911582E-4
2.1382785E-4
1.3161832E-4
5.1674306E-5
1.8910102E-4
5.784199E-5
1.393888E-4
9.124192E-5
1.2861998E-4
-1.2309267E-4
-1.3620617E-4
-5.6262623E-5
-6.794511E-5
-1.5585854E-4
-1.3019293E-4
-1.5811065E-4
-9.297958E-5
-2.4202246E-4
-2.148744E-4
-2.2309764E-4
-2.1580975E-4
-2.4147132E-4
-1.4285713E-4
-2.576317E-4
-2.7307725E-4
-2.0183204E-4
-1.4271287E-4
-1.5526774E-4
-2.3027691E-4
-2.0561287E-4
-4.6333553E-5
6.59982E-5
-2.4581315E-5
1.8456003E-4
5.469806E-5
1.8641824E-4
6.1652136E-5
6.021653E-5
1.6947681E-4
4.2602398E-5
-2.7150987E-5
-1.1339873E-5
4.4947392E-5
-1.11370035E-4
-8.2684215E-5
3.0258563E-5
6.006536E-5
1.1629566E-4
7.804527E-5
2.849161E-5
1.3237286E-4
6.083752E-5
1.5923526E-4
2.037406E-4
5.4929013E-5
7.797809E-5
-3.4991146E-5
-1.9425292E-4
-5.6892935E-5
-1.7616326E-4
-5.9556976E-5
-2.242872E-4
-1.966231E-4
-1.9491262E-4
-2.9442043E-4
-2.3879381E-4
-1.9114601E-4
-1.1936209E-4
-4.279732E-4
-4.8182395E-4
-3.7498705E-4
-3.3461372E-4
-3.1170182E-4
-3.1677698E-4
-2.1612858E-4
-2.4595065E-4
-3.1931713E-4
-2.2788424E-4
-3.7796245E-4
-3.129673E-4
-2.6578052E-4
-3.2295525E-4
-3.659238E-4
-3.388591E-4
-2.804855E-4
-3.363926E-4
-4.511963E-4
-3.1556483E-4
-3.0433896E-4
-2.6956867E-4
-2.1824076E-4
-2.163411E-4
-3.846596E-4
-3.611375E-4
-2.2472706E-4
-2.2208532E-4
-3.0419722E-4
-1.7868562E-4
-2.4770913E-4
-3.3127692E-6
-1.6711315E-4
-1.7165282E-4
-7.367809E-5
-1.1665651E-4
-2.0825338E-4
-1.5348707E-4
8.9107336E-5
-5.807997E-5
-1.1314948E-5
1.9424573E-5
-2.8640803E-5
-8.898736E-5
9.019664E-6
1.8953595E-4
3.7187974E-6
8.635406E-5
2.5657728E-5
-9.5052155E-7
6.908792E-5
1.3801713E-4
-2.8650225E-6
8.297149E-5
1.4834366E-5
1.4895735E-4
2.264389E-4
9.3993025E-5
9.548658E-5
4.2830434E-5
1.0832257E-4
1.5367643E-4
-5.321174E-5
1.5874181E-4
2.304657E-4
1.2405461E-4
-8.3185705E-6
8.5969696E-5
3.0447669E-5
-1.3336704E-4
-1.3132372E-4
3.201711E-5
-1.2208591E-4
-6.621051E-5
-4.8560636E-5
-7.577571E-5
-9.735888E-5
1.736646E-4
-4.368689E-5
-4.8924E-5
-3.287919E-4
-1.1975808E-4
-1.2906351E-4
1.7129058E-5
-5.757934E-5
4.1889766E-7
-8.300815E-5
-1.01298916E-4
-1.8534309E-4
-1.6920564E-4
-1.7129608E-4
1.1264984E-5
-9.747856E-5
1.4533628E-4
-9.04696E-5
8.235356E-5
-2.6434429E-5
8.4860614E-5
9.9962155E-5
4.9233826E-5
1.6021235E-5
1.3828443E-4
1.6276322E-4
1.9264361E-4
5.5881086E-5
2.0703037E-4
2.0776808E-4
2.9630918E-4
2.209113E-4
3.988791E-4
2.90228E-4
4.0886985E-4
3.119108E-4
4.5843903E-4
3.7145035E-4
4.6628184E-4
4.0122683E-4
5.031458E-4
5.151315E-4
5.151453E-4
3.7009592E-4
4.2955074E-4
4.5000846E-4
4.2489782E-4
3.4409642E-4
5.165406E-4
3.7698407E-4
4.182173E-4
1.0332651E-4
2.1782095E-4
2.2080549E-5
1.6015429E-4
6.824703E-5
1.02714694E-4
9.7862125E-5
7.1923576E-5
1.2601525E-4
1.0174731E-4
1.7450246E-5
8.243636E-5
-6.937858E-6
6.0172824E-6
-1.7298311E-5
6.0378894E-5
9.003709E-5
7.3398645E-5
8.83622E-5
1.5431531E-5
4.221351E-5
7.2528936E-5
9.01688E-5
2.954861E-4
1.5177947E-4
2.7975478E-4
3.343826E-4
1.8944006E-4
5.261123E-4
5.6695956E-4
4.0301983E-4
5.6181505E-4
4.5736608E-4
4.3162747E-4
3.7536025E-4
5.64787E-4
5.3825177E-4
7.557716E-4
7.738626E-4
7.2943675E-4
7.5911393E-4
7.50733E-4
4.3566237E-4
5.1802176E-4
5.1600614E-4
7.398915E-4
6.571025E-4
6.0878746E-4
5.577428E-4
6.046036E-4
4.6258015E-4
5.1082677E-4
2.7374362E-4
1.14321636E-4
3.55211E-5
2.2939408E-4
3.3487214E-4
4.054844E-4
3.1409418E-4
2.8647468E-4
6.3359905E-5
2.0566495E-4
8.695847E-5
1.10454384E-4
1.4347151E-4
1.0825544E-4
2.553394E-4
1.6874472E-4
1.8896833E-5
1.260725E-4
2.7873535E-5
8.791376E-5
1.3946854E-4
2.318609E-4
9.728317E-5
1.6173265E-4
5.350492E-5
1.0389169E-4
-1.01716694E-4
1.8897766E-4
2.5064712E-5
5.2141815E-5
-4.319323E-6
7.761447E-5
2.0143483E-5
1.5679194E-4
-9.278961E-6
-3.6280653E-6
1.5905129E-5
1.4691667E-4
1.2795546E-4
-1.867881E-5
-5.247255E-5
-2.0940239E-5
-1.5450723E-4
-6.22794E-5
-6.494926E-5
1.9090023E-5
-1.835385E-4
-2.8245266E-5
-7.245422E-5
-1.2897242E-5
-6.975519E-5
-4.358277E-5
-5.161525E-5
8.593049E-6
-2.1829845E-4
8.109107E-6
5.721102E-5
-6.0463775E-5
-7.356287E-5
2.8674442E-5
7.718132E-5
3.129162E-5
6.4401596E-5
5.5433593E-5
-1.5414695E-4
8.463147E-5
1.5681097E-4
6.589548E-5
8.224102E-5
1.4434737E-4
2.2738395E-4
1.662322E-4
-5.7634366E-5
1.0331284E-4
-7.8976445E-5
-1.026508E-4
2.1025464E-5
2.0488516E-4
6.39532E-5
2.2203596E-4
-1.1950564E-5
-8.613903E-5
-3.8569391E-4
-2.9076997E-4
-4.363131E-4
-4.1169775E-4
-4.8694696E-4
-3.5563717E-4
-5.2229495E-4
-4.0546636E-4
-3.5028136E-4
-2.9284108E-4
-3.8520762E-4
-3.4659717E-4
-4.1810342E-4
-3.9806668E-4
-4.4718772E-4
-4.5994006E-4
-4.5207163E-4
-2.8102947E-4
-4.95737E-4
-2.008628E-4
-4.5058024E-4
-3.3892656E-4
-1.7861414E-4
-1.5321818E-4
-1.9815337E-4
-6.574338E-5
-2.720858E-4
-1.0466116E-4
-1.4626143E-4
-1.6295938E-4
-9.8895296E-5
5.7140987E-5
2.877468E-5
9.442741E-5
5.3566782E-5
2.062235E-4
1.0355709E-5
6.7730376E-5
4.0342748E-5
7.502678E-5
7.894134E-5
1.8024335E-5
-8.066645E-5
4.4764773E-5
4.5550547E-5
1.0472327E-4
-3.231847E-7
4.4816443E-5
-1.13928494E-4
-3.1510604E-5
-1.4074783E-4
-4.049197E-5
-2.7510885E-4
-2.3158586E-4
-3.0591968E-4
-2.9232024E-4
-4.3867846E-4
-2.878887E-4
-3.6985E-4
-3.7500612E-4
-4.4034334E-4
-3.0929002E-4
-3.4743338E-4
-2.476362E-4
-4.4240654E-4
-3.0469007E-4
-5.110735E-4
-3.740823E-4
-4.035081E-4
-4.0447747E-4
-3.8103727E-4
-3.121575E-4
-3.1576338E-4
-2.2711046E-4
-3.3636144E-4
-4.0278427E-4
-4.5275872E-4
-2.7702295E-4
-5.1502394E-4
-1.978772E-4
-3.235201E-4
-2.826524E-4
-3.9578724E-4
-3.500396E-4
-2.4003942E-4
-2.747195E-4
-3.1784634E-4
-6.966697E-5
-2.8948515E-4
-1.8097024E-4
-1.8230638E-4
-1.09233864E-4
-3.4157936E-5
6.0138926E-5
-3.363691E-5
8.997463E-5
3.910388E-5
1.05485684E-4
1.192897E-4
2.5674936E-4
2.846707E-4
3.9161407E-4
2.5653924E-4
2.4960513E-4
2.80507E-4
4.084649E-4
2.7433847E-4
3.7888408E-4
3.103214E-4
3.1666685E-4
3.1126337E-4
3.9102783E-4
2.9960237E-4
2.6831098E-4
1.5979381E-4
2.618541E-4
7.8629586E-5
2.8840752E-4
1.7708092E-4
2.60824E-4
1.5415736E-4
2.1444769E-4
9.760337E-5
2.1952625E-4
4.295172E-5
1.7707983E-4
1.3755231E-4
1.1454453E-4
3.868708E-5
2.608505E-4
3.769442E-6
-2.296211E-5
4.737741E-6
-1.21657995E-5
-1.4530847E-5
1.7151202E-4
-2.026077E-5
9.625141E-5
7.55858E-5
5.8952824E-5
-9.852134E-6
1.2122225E-4
7.519688E-5
1.2571257E-4
6.527034E-5
2.2214896E-4
1.943024E-4
2.193348E-4
2.4031989E-4
2.8705993E-4
1.775578E-4
3.5548813E-4
2.7064356E-4
4.364359E-4
3.240515E-4
4.35653E-4
4.4247537E-4
4.3883148E-4
5.4832624E-4
4.9409695E-4
5.8074563E-4
4.8953184E-4
6.43305E-4
6.1499287E-4
5.8774784E-4
6.8158214E-4
5.430449E-4
5.5212626E-4
5.2091345E-4
6.5457507E-4
4.985621E-4
5.401699E-4
5.267966E-4
4.9971737E-4
4.782921E-4
5.6234415E-4
4.792144E-4
4.2091863E-4
3.5965367E-4
2.7470037E-4
3.4500254E-4
2.5917546E-4
1.7448932E-4
3.7490376E-4
3.2956674E-4
1.3747375E-4
1.2577832E-4
2.6330826E-4
1.1102531E-4
-5.3586715E-5
-4.236432E-5
6.703559E-5
-1.8650986E-5
-1.4086405E-4
9.845712E-6
-3.4627167E-6
-6.3985976E-6
5.4825334E-5
7.240866E-6
-3.3565768E-5
-1.9334924E-5
3.0069976E-5
-1.7626815E-5
-1.6466127E-4
2.9258295E-5
1.5884245E-4
1.7611182E-4
2.0645821E-4
1.3569335E-4
2.814631E-4
2.2870406E-4
2.5699235E-4
2.743096E-4
3.4817596E-4
3.731548E-4
4.0869895E-4
4.6581408E-4
5.347207E-4
6.0179713E-4
5.201496E-4
6.5660605E-4
7.4642134E-4
6.980093E-4
6.4918556E-4
6.043907E-4
4.7556194E-4
5.8868807E-4
5.635349E-4
5.7663396E-4
5.4525374E-4
4.5972905E-4
5.343904E-4
4.0021993E-4
4.8612515E-4
4.0098804E-4
4.2135682E-4
2.6939966E-4
1.3939568E-4
1.4440945E-4
1.8631872E-4
1.3734914E-4
-7.1309723E-6
-7.6219458E-6
-8.817115E-5
-7.802522E-5
-2.3039362E-4
-3.8978033E-4
-3.1449998E-4
-2.7077482E-4
-2.908221E-4
-2.5457534E-4
-3.481311E-4
-3.847407E-4
-3.4217315E-4
-3.742023E-4
-4.2020634E-4
-3.498486E-4
-3.0912025E-4
-3.1225727E-4
-3.1287866E-4
-2.9441676E-4
-4.467894E-4
-3.0028273E-4
-2.7254174E-4
-1.7938664E-4
-3.20806E-4
-2.1342035E-4
-1.625645E-4
-1.6207041E-4
-1.6804456E-4
-3.139913E-4
-2.0471746E-4
-1.3429394E-4
-1.5324866E-4
-7.460068E-5
-8.081075E-5
8.197727E-5
-1.2323303E-5
9.669032E-5
1.2554864E-4
1.011816E-4
9.055203E-5
1.6261719E-4
1.40737E-4
1.8872513E-4
2.0007147E-4
1.1193115E-4
1.1818887E-4
2.3901205E-4
9.9296645E-5
1.5405925E-4
1.3065587E-4
2.9981814E-4
1.7153077E-4
1.6155843E-4
1.9191601E-4
1.3580552E-4
9.707616E-5
2.2587452E-4
5.673738E-5
3.0575724E-5
6.559868E-5
8.1216385E-5
-7.839652E-5
1.0904806E-4
5.8971505E-5
-7.207399E-5
6.0805167E-5
1.35939E-4
1.02470076E-4
9.743047E-5
2.0440943E-5
-1.6545368E-5
-1.03499515E-4
-1.0462859E-5
-6.259535E-5
1.9750121E-5
-8.633397E-5
-1.9586246E-4
-9.8752644E-5
-1.0399454E-4
-1.7222956E-4
-1.1396099E-4
-1.687683E-4
-1.3120439E-4
-1.7736963E-4
-1.5000672E-4
-1.1747915E-4
-1.4189248E-4
-1.3567315E-4
-1.7341293E-4
-2.2198434E-4
-6.522261E-5
-1.7262965E-4
-2.1917353E-4
-3.0735685E-4
-1.8235657E-4
-1.1156685E-4
-9.471995E-5
-1.591527E-4
-1.195479E-4
-1.5479396E-4
3.5220768E-5
-1.2534457E-4
-4.732573E-5
-6.3996056E-5
1.6131047E-5
-2.6965068E-5
3.5286772E-5
2.8675318E-5
1.2478551E-4
4.623571E-5
1.7478569E-4
2.9519288E-5
1.918164E-4
2.2027327E-4
2.7942518E-4
1.5181978E-4
2.1276127E-4
2.084099E-4
3.0277588E-4
2.5101096E-4
2.6023845E-4
1.9651916E-4
2.1074591E-4
1.039079E-4
2.6553537E-4
1.8271463E-4
1.8659802E-4
6.8912625E-5
2.1477771E-4
6.051833E-5
7.6092896E-5
-5.3115255E-6
-9.075633E-5
-8.6779604E-5
-1.3954424E-4
-2.459488E-4
-2.297679E-4
-2.5232218E-4
-2.85352E-4
-4.5136258E-4
-3.323287E-4
-4.8657786E-4
-5.768376E-4
-5.047503E-4
-4.782083E-4
-5.9432583E-4
-4.4747788E-4
-5.342136E-4
-4.8695187E-4
-5.330029E-4
-3.6070822E-4
-5.326932E-4
-3.8535823E-4
-3.9856738E-4
-2.2933955E-4
-1.7272738E-4
-1.4469432E-4
-1.9412368E-4
-1.06009364E-4
2.529774E-5
4.303924E-5
-4.8393948E-5
2.4149963E-7
5.515963E-5
2.069498E-4
1.18848686E-4
2.5107997E-4
8.464006E-5
2.0204158E-4
2.9731917E-4
2.5692245E-4
2.576204E-4
2.8350213E-4
1.8008534E-4
1.1966884E-4
2.2733335E-4
2.6269976E-4
8.9048415E-5
5.603458E-5
7.4128795E-5
1.06771E-4
-2.9570341E-5
5.1895662E-5
-2.440079E-5
-1.7296222E-6
-2.1450757E-4
-6.196229E-5
-2.1976036E-4
-9.3918294E-5
-1.6313652E-4
-1.8784475E-4
-3.1911882E-4
-2.496697E-4
-1.8972377E-4
-2.1662068E-4
-3.5175472E-4
-1.4642623E-4
-3.006676E-4
-3.2771527E-4
-3.3065997E-4
-3.0253507E-4
-3.0583888E-4
-3.337119E-4
-2.6732383E-4
-2.7830093E-4
-3.3798555E-4
-3.1514143E-4
-2.7720066E-4
-2.7001722E-4
-2.1775159E-4
-2.073478E-4
-1.8998559E-4
-1.0071043E-4
-1.595127E-4
-5.8158177E-5
-1.7457963E-4
-8.032604E-5
1.1894127E-5
1.0624622E-5
-1.4645558E-5
1.6658434E-4
-1.0052482E-5
1.3820606E-4
3.1370302E-5
1.5725543E-4
1.2765815E-4
1.7810838E-4
1.8057878E-4
2.7088157E-4
1.1432638E-4
2.426225E-4
2.2566658E-4
2.0984921E-4
1.4245545E-4
1.7120613E-4
1.2487484E-4
2.0382015E-4
1.4594768E-4
2.1026593E-4
1.8826967E-4
8.102793E-5
1.20551864E-4
1.3035523E-4
4.58252E-5
1.9310662E-4
1.4641367E-4
5.855997E-5
5.273586E-5
6.9875496E-5
1.10081804E-4
1.3498003E-4
3.0338331E-5
-7.632428E-5
-6.142182E-5
3.9117726E-6
-3.231063E-5
1.290773E-5
2.5323408E-5
-6.765218E-7
-1.1505915E-4
-5.0872088E-5
-6.157585E-5
1.0954741E-5
-4.2140997E-5
4.123106E-5
4.44758E-5
5.2533338E-5
-7.1241426E-5
1.288864E-4
1.9650672E-4
1.16699375E-4
-1.3363291E-5
1.2594224E-4
1.0635857E-4
3.832545E-5
2.0411164E-4
1.7700209E-4
1.11427435E-4
2.6095667E-4
1.5410689E-4
2.1203415E-4
2.4203224E-4
2.3530508E-4
3.2202795E-4
1.9682776E-4
3.1030225E-4
2.8364192E-4
1.8279853E-4
2.1791461E-4
1.9624602E-4
2.1975156E-4
2.6315486E-4
3.9174166E-4
3.2079342E-4
2.47935E-4
1.383861E-4
3.3382716E-4
2.6897588E-4
3.0894217E-4
3.2122526E-4
3.921013E-4
3.0474603E-4
2.868551E-4
2.2638557E-4
2.1781094E-4
2.4707502E-4
2.1600204E-4
1.4928545E-4
2.4712668E-4
2.1251076E-4
3.0820325E-4
1.9000447E-4
2.1430918E-4
1.7247086E-4
1.7751557E-4
1.14779206E-4
9.3128176E-5
1.1433282E-4
1.3559572E-4
2.2761064E-7
7.8279285E-5
-1.0861978E-5
5.6675144E-5
2.3303677E-5
9.2992086E-5
4.5436434E-5
1.299431E-4
1.6509046E-4
8.204977E-5
1.4244394E-4
2.1535452E-4
1.06808664E-4
1.2113976E-4
2.3357508E-5
1.3130752E-4
5.5161134E-5
6.6120854E-5
1.4437674E-4
2.5338092E-4
1.2902248E-4
1.7459493E-4
9.157583E-5
2.192028E-4
8.827387E-5
9.748487E-5
3.0646527E-6
1.4960747E-4
1.2712603E-4
1.3608567E-4
7.753518E-5
1.3303442E-4
2.2858612E-5
4.2979853E-5
2.7808239E-4
1.4251375E-4
9.286577E-5
6.755191E-5
5.903399E-5
8.920266E-5
3.3624914E-5
4.1767435E-6
-5.8734582E-5
-9.713908E-6
4.079114E-5
1.8922969E-5
-2.2687207E-4
-1.4923248E-4
-7.725557E-5
-1.0145653E-4
-7.893672E-5
8.9107625E-6
-1.8912241E-4
-2.3108562E-4
-2.433498E-4
-1.381952E-4
-2.9643596E-4
-1.392079E-4
-2.0317952E-4
-2.2756994E-4
-2.5900232E-4
-2.9428507E-4
-2.7411446E-4
-1.695037E-4
-2.2299899E-4
-1.8580044E-4
-3.0075057E-4
-3.2226398E-4
-4.806123E-4
-2.6183922E-4
-4.988309E-4
-2.7228353E-4
-2.4535658E-4
-2.6098973E-4
-3.4519745E-4
-3.3569042E-4
-3.5206878E-4
-2.6221227E-4
-2.71309E-4
-3.3799416E-4
-2.4085716E-4
-2.3748854E-4
-3.2524276E-4
-1.9699628E-4
-3.1122283E-4
-1.8796629E-4
-1.5186021E-4
-1.11011046E-4
-3.0989802E-4
-1.4680644E-4
-2.009511E-4
-1.21248995E-4
-1.5520428E-4
-1.3038612E-4
-8.700215E-5
-6.129314E-5
-9.7631884E-5
-1.5681477E-4
-9.005823E-5
-1.3791445E-4
-1.9577153E-4
-7.512281E-5
-9.937737E-5
-6.646896E-5
-1.3170857E-4
-8.328808E-5
-1.2488937E-4
-1.02300764E-4
-1.4108075E-4
-8.4686195E-5
-2.2963514E-4
-7.6371885E-5
-2.1072374E-4
-3.2979395E-5
-9.11434E-5
-1.8975206E-4
-1.8762419E-4
-1.2660204E-4
-3.6655256E-5
-2.285724E-4
-9.847457E-5
-2.014339E-4
-2.1154192E-4
-1.2094937E-4
-2.5384461E-5
-1.14435E-4
-9.981091E-5
-1.38138E-4
-2.6477154E-4
-9.1153044E-5
-1.0308758E-4
-9.4201656E-5
-1.0927663E-4
-1.7152127E-4
-6.4093797E-6
-6.6503824E-5
-1.7923913E-4
-1.19508375E-4
-1.7409824E-4
-3.6437104E-5
-9.139917E-5
-6.903802E-5
1.7653327E-5
5.361495E-6
-5.5339868E-5
5.435885E-5
-2.4580539E-5
1.158201E-5
-2.8335187E-5
-4.928333E-5
-1.2145835E-4
9.210019E-5
-5.3004722E-5
5.8895617E-5
-2.7552273E-6
9.2756505E-5
1.20419696E-4
4.38849E-5
7.989203E-5
1.5035365E-4
2.065914E-4
1.3936391E-4
1.1322298E-4
1.7796092E-4
2.2495762E-4
2.552531E-4
1.6842222E-4
1.8036242E-4
1.9558107E-4
2.759938E-4
1.5335713E-4
1.6769138E-4
2.4183675E-4
2.9982137E-4
2.0974639E-4
1.7733133E-4
2.853394E-4
2.3898577E-4
1.560291E-4
2.5658633E-4
2.6616806E-4
2.7694917E-4
1.8807151E-4
2.790317E-4
2.303692E-4
2.7894735E-4
2.2805456E-4
2.286379E-4
2.6617272E-4
1.5825407E-4
6.943138E-5
1.1623075E-4
8.1926555E-5
1.9553919E-4
1.4803576E-4
2.6160944E-4
1.01073E-4
4.282173E-5
7.112371E-5
3.529839E-5
-2.9057424E-5
2.8601873E-5
6.5452325E-5
6.6679706E-5
-7.539974E-5
-6.500042E-5
4.201008E-5
1.0396487E-4
1.1249566E-4
5.3706673E-5
3.830911E-5
-7.735028E-5
-2.0561205E-5
-6.486267E-5
4.571032E-5
-1.0805024E-5
1.3884636E-4
1.4741565E-4
6.412204E-5
1.1130333E-4
8.6792155E-5
1.3704688E-4
1.1971526E-4
6.19941E-5
1.8025519E-4
9.2120084E-5
1.1290661E-4
2.9882332E-5
7.580777E-5
3.8231276E-5
1.8176836E-5
1.8291287E-4
7.1411734E-5
-1.0325403E-4
1.0013348E-4
8.785695E-6
1.0502304E-4
1.1461128E-5
-9.5963056E-5
-1.2928591E-4
-4.5548124E-5
-1.1239248E-4
-2.799135E-5
-1.2955196E-4
-1.000103E-4
-2.0567098E-4
-4.7742124E-5
-2.1290654E-4
-1.1671115E-4
-1.627829E-4
-6.170603E-5
-1.2856573E-4
-3.3637723E-5
-1.04563354E-4
6.4531974E-5
5.9583715E-5
9.320787E-5
-1.3687354E-4
1.4028286E-4
5.1563162E-5
8.329192E-5
5.8410526E-5
1.5103909E-4
2.1844944E-4
4.9124108E-5
8.910409E-5
5.8001802E-5
6.983659E-5
8.690537E-5
7.616983E-5
1.20924335E-4
9.596218E-5
3.58962E-5
-3.8780057E-5
-5.134298E-5
3.8814305E-6
5.73796E-5
-8.229619E-5
-8.4349034E-5
-1.7394427E-4
-1.8854233E-4
-7.888506E-5
-1.1574638E-4
-1.7998791E-4
-2.1631035E-4
-2.2971943E-4
-7.282771E-5
-2.2046205E-4
-1.5758447E-4
-2.4947242E-4
-2.2680675E-4
-1.8237194E-4
-9.392747E-5
-6.0870112E-5
-1.5897293E-5
-1.5281426E-4
-8.408024E-5
-1.690639E-4
8.190857E-6
5.3650117E-5
-1.519994E-4
1.3661082E-5
2.739853E-6
-5.1829764E-5
-4.1847707E-5
-3.073966E-5
-3.1206055E-5
2.3790863E-5
1.0247583E-5
6.006785E-5
1.638584E-5
-2.6912732E-5
-1.9716961E-5
-1.12811475E-4
-8.152361E-6
-4.9152146E-7
1.225691E-4
6.376277E-5
-7.0912533E-6
7.142428E-5
-3.1793523E-5
8.5200045E-5
3.8655216E-5
8.725086E-5
1.2137125E-4
7.3956595E-5
-1.1647851E-5
1.5146389E-4
6.032676E-5
-3.9485545E-5
-4.7384594E-5
-5.3967447E-5
-4.245472E-5
2.9936447E-5
-8.558657E-5
-2.6446053E-6
-6.226493E-5
-4.0255098E-5
-5.1103347E-5
-2.5306706E-5
1.2508081E-4
7.023535E-5
-1.05580526E-4
-1.0676848E-5
-1.8245197E-5
5.92597E-5
1.327819E-5
-2.9491332E-5
-9.15549E-5
6.985559E-5
5.101606E-6
1.13140144E-4
-5.8746245E-5
2.6711781E-5
7.0767037E-6
1.408114E-4
1.8720582E-5
7.9010555E-5
-9.005903E-5
1.4660493E-5
-7.867833E-5
-7.264755E-5
-8.7517394E-5
-6.40182E-5
-1.0156243E-4
8.3973555E-6
2.8679484E-5
-8.4095685E-5
-8.8606226E-5
7.050431E-5
1.7349587E-6
7.385638E-5
1.6120352E-5
-1.3991275E-5
-1.1248993E-5
-1.9337855E-5
-5.436894E-5
2.3301202E-5
9.254798E-6
8.482974E-5
8.175428E-5
2.3563135E-4
7.9825346E-5
1.18761796E-4
2.8925198E-5
1.6455841E-4
1.8925517E-4
1.9537301E-4
2.1095769E-4
1.9516445E-4
1.7231429E-4
2.2530138E-4
1.3549431E-4
2.0160356E-4
6.79043E-5
2.984924E-4
1.500092E-4
3.2173112E-4
1.441307E-4
2.349909E-4
6.369674E-5
1.4903487E-4
2.8615656E-5
9.555406E-5
1.3011455E-4
1.1986165E-4
2.8318751E-5
1.16797324E-4
-5.9648108E-5
1.2001333E-4
-9.2659815E-5
3.067417E-5
1.14929215E-4
3.0795316E-5
-1.0187539E-4
-5.202485E-5
-7.744771E-5
-2.9651366E-5
-1.2725576E-4
-9.323712E-5
-1.8078617E-4
-1.02269536E-4
-1.8929153E-4
-4.9432138E-6
-5.8564627E-5
2.7619708E-7
-5.6512905E-5
-1.1170959E-4
-1.366359E-4
-2.0805464E-4
-1.7637725E-4
-7.504162E-5
-1.9277493E-4
-3.5643857E-6
-1.1725145E-4
2.1632903E-5
3.0531269E-6
-1.8209306E-5
-2.8024617E-6
1.1308189E-5
-1.0778969E-4
8.1141494E-5
-1.0487276E-4
9.912237E-5
-1.1388358E-5
3.2435204E-5
1.3286292E-4
9.221567E-5
-1.3432035E-5
4.6173034E-5
8.176481E-6
2.2704658E-5
-7.3881074E-6
7.940839E-6
-8.081527E-5
-1.0001179E-4
-1.14151284E-4
-5.9978893E-6
-1.5777831E-4
-1.4903996E-4
-1.5271444E-5
-9.9308665E-5
-9.483407E-5
-1.3526263E-4
-2.9652764E-4
-1.9140018E-4
-2.2096731E-4
-2.384792E-4
-2.9122952E-4
-2.9754563E-4
-4.0130128E-4
-3.6562516E-4
-3.423264E-4
-3.8460727E-4
-4.890671E-4
-5.075536E-4
-4.5146645E-4
-3.2472514E-4
-4.804555E-4
-3.3320504E-4
-4.5122078E-4
-3.7580388E-4
-3.0962838E-4
-4.1971513E-4
-3.6167208E-4
-3.9394546E-4
-2.8248195E-4
-3.3119292E-4
-2.6068444E-4
-2.6935778E-4
-2.8657934E-4
-2.531539E-4
-2.488901E-4
-3.976182E-4
-1.8773369E-4
-2.7555E-4
3.7374198E-6
-2.741124E-4
-2.1904434E-6
-2.6393266E-4
5.5977907E-5
-3.331217E-4
1.3520512E-4
-3.9060306E-4
2.1448932E-4
-3.6487385E-4
3.592781E-4
-7.088028E-4
6.0712674E-4
8.814965E-4
-0.0037708564
0.0015817134
0.0021145244
0.0015581064
-0.0046135862
9.50357E-4
4.202216E-4
-4.5584026E-4
-0.0010080633
0.0010663043
-7.9025247E-4
-0.0020997603
0.0014184725
0.0011429552
-5.677214E-4
1.5921058E-4
0.0015762448
4.7123738E-4
-2.2494435E-4
-2.2896066E-4
0.0017717372
-2.2730319E-4
-3.2639984E-4
8.041384E-4
-4.7439968E-5
-0.0011127003
-6.398076E-4
-6.646604E-4
-0.0017072556
-0.0022205254
-0.0010763487
1.404746E-4
2.8452693E-4
8.793335E-4
0.0014645241
0.0014523187
8.852595E-4
0.0010586382
7.8822E-4
1.4297804E-4
5.9106424E-5
9.392919E-4
9.995496E-4
3.5186396E-5
3.951125E-4
7.145308E-4
4.1320644E-4
-4.6834533E-4
-5.220914E-5
4.0577629E-4
4.0955474E-5
-9.8725E-4
-5.422324E-4
-1.8859626E-4
-2.3221251E-5
-2.7303814E-4
7.2573785E-5
2.3492407E-4
4.0406059E-4
4.1578148E-4
4.9623253E-4
9.36798E-5
4.7537257E-4
3.995861E-4
5.19174E-4
-1.3348942E-4
3.372107E-4
1.972594E-4
4.0104557E-4
-3.4148074E-4
2.991489E-4
5.3346547E-4
9.253867E-4
1.7804926E-4
4.284618E-4
-9.801935E-5
3.5398692E-4
-4.3111853E-5
2.9232117E-4
-2.3946479E-4
1.6461254E-6
-4.145561E-4
1.4119362E-4
2.4910005E-5
6.934422E-4
2.0419125E-4
5.7687704E-4
1.3773849E-4
4.643251E-4
-2.6959968E-5
2.3903971E-4
-2.304818E-4
1.6929547E-5
-2.5456652E-4
3.5825305E-4
1.150268E-5
7.792871E-4
4.543739E-4
7.464399E-4
-5.084399E-5
4.287598E-4
-1.4977087E-4
2.282565E-4
-3.2073355E-4
9.662969E-6
-4.0564546E-4
1.5019516E-4
-2.7096138E-4
2.783379E-4
-1.38487E-4
2.7435564E-4
-2.6040847E-4
2.834028E-4
-2.6994632E-4
2.28941E-4
-4.5303185E-4
3.0297553E-5
-4.6174787E-4
2.1533686E-4
-2.6547626E-4
3.0185905E-4
-2.2434986E-5
5.155089E-4
-5.7462574E-5
4.3537302E-4
-8.713829E-5
3.8720598E-4
-1.9763314E-4
3.0003395E-4
-2.8309991E-4
1.5067647E-4
-7.5495377E-4
2.4006345E-4
-2.726016E-4
8.526873E-5
-6.585592E-4
-4.44216E-5
-1.4133702E-4
-1.7169658E-4
-6.1675266E-4
-2.2748599E-4
-5.1842333E-4
-3.6965872E-4
-4.021436E-4
-1.6657308E-4
-3.3449318E-4
-7.4910786E-5
-7.675817E-4
-9.251861E-5
-6.0875935E-4
2.4776082E-4
-5.464294E-4
-1.6489383E-4
-1.6127582E-4
2.1150973E-4
-5.7380984E-4
1.2862746E-4
-1.8744926E-4
-1.3158136E-4
-3.6681382E-4
8.5977E-5
1.1058208E-4
7.8019635E-5
-1.648885E-4
4.299093E-4
-1.9604637E-4
-4.3942648E-5
-2.995956E-4
1.3430316E-4
-1.7562465E-4
-2.8371142E-5
-1.6023263E-5
3.4521864E-4
5.2031526E-5
1.7717095E-4
-4.4676195E-5
3.2327615E-4
7.08908E-5
1.6053821E-4
1.2843881E-4
3.8355653E-4
2.1511802E-4
2.2910425E-4
6.940775E-5
2.7265542E-4
9.8029355E-5
1.5894069E-4
1.25697E-4
3.5623478E-4
1.6494401E-5
2.351785E-4
1.9867064E-5
3.5904333E-4
1.5862948E-4
1.7889777E-4
7.7915254E-5
2.3435628E-4
-1.820002E-4
1.17482676E-4
-6.134375E-5
7.0885806E-5
1.3040251E-5
6.344463E-5
-5.5701756E-5
1.7014008E-4
2.900466E-5
2.14114E-4
-2.0538595E-5
1.5305587E-4
-9.4458715E-5
2.7967533E-4
1.1954183E-4
1.7480565E-4
9.1658054E-5
2.865852E-4
-6.477328E-5
2.9869803E-4
2.3653505E-4
3.4933173E-4
7.62245E-5
2.3985474E-4
7.642702E-5
2.717996E-4
5.418029E-5
1.6089188E-4
-2.9094614E-5
1.0369858E-4
-2.679075E-4
-1.0869603E-4
-2.634264E-4
2.084437E-5
-3.3199502E-4
-1.1544214E-4
-3.3398115E-4
-1.0440896E-4
-3.9054904E-4
-1.6516219E-4
-3.0886795E-4
-8.487839E-5
-4.495553E-4
-1.761824E-4
-3.6329564E-4
-1.04779756E-4
-3.0425485E-4
7.936406E-6
-2.593905E-4
-1.1791541E-4
-1.9167217E-4
-8.743598E-5
-3.4180205E-4
-2.0608003E-4
-3.2713034E-4
-1.8570648E-4
-3.1263995E-4
-1.1178555E-4
-1.2554441E-4
-1.057179E-4
-2.5687175E-4
-9.636183E-5
-2.1537479E-4
-8.813415E-5
-1.5488238E-4
-1.0834596E-4
-2.3327876E-4
4.3986995E-5
1.716277E-4
-9.068771E-4
-3.6641612E-4
0.0012160721
1.3740914E-5
-3.5952157E-4
-8.322833E-4
7.08738E-5
1.8112446E-4
6.820284E-4
1.3713683E-4
2.3532406E-4
-1.0479059E-4
6.674731E-5
-4.636282E-5
-1.4057521E-4
-6.8164977E-6
4.5961558E-4
2.0087138E-4
1.2827184E-4
-1.0853348E-4
-1.5896714E-4
-2.5629057E-4
-5.822912E-5
-7.679846E-5
3.6601746E-4
1.9693797E-4
4.6510564E-4
6.7146943E-4
6.11356E-4
2.4028792E-4
-9.8964876E-5
-1.9422027E-4
4.0090532E-4
2.0470773E-4
3.0618592E-4
-7.976848E-5
4.90186E-5
-2.845078E-4
1.19297816E-4
7.460669E-5
2.4715357E-4
-9.879775E-5
2.5634858E-4
2.8641286E-4
2.50546E-4
2.2892357E-4
4.7278916E-4
2.1204072E-4
4.8477182E-4
3.9792797E-4
4.3789778E-4
2.909331E-4
1.6072471E-4
1.8444391E-4
1.1276778E-4
-2.4845244E-4
1.1389469E-6
-5.9615024E-5
1.5813985E-4
1.4879758E-4
3.5616817E-4
1.7851735E-4
2.9384988E-4
3.0945995E-4
5.493773E-5
6.6138884E-5
1.0037957E-4
-2.3728224E-5
-1.6707773E-4
4.222185E-5
-2.7246026E-5
6.832822E-5
9.0816015E-5
2.636331E-4
1.6334593E-4
7.052901E-5
-4.824013E-5
-4.9360067E-5
-1.1085159E-4
-1.4745204E-4
-1.9469994E-4
-2.479057E-4
-2.108068E-4
-4.399367E-5
2.0796985E-4
2.661516E-4
1.9631378E-4
1.1775234E-4
3.447907E-4
-2.798539E-5
-2.6980297E-5
-1.5184158E-4
-1.4097583E-4
-1.7022637E-4
-8.814993E-5
-1.3651368E-4
6.747861E-7
7.9925536E-5
2.0341539E-4
1.5276398E-4
2.2220112E-5
1.2870917E-4
6.661292E-5
-1.0033099E-4
-2.0225688E-4
-2.5831998E-5
2.0119927E-5
-1.2877394E-4
-3.7707374E-5
1.3338402E-4
2.1432673E-4
2.2219881E-4
2.6639495E-5
5.8403442E-5
1.4705726E-4
8.382651E-5
-1.1390442E-4
-9.869458E-5
-1.4123408E-4
-1.3133675E-5
-3.0271964E-5
-2.9326163E-6
1.2783891E-4
1.4846292E-4
2.59075E-5
1.6307994E-4
1.11533416E-4
1.3602753E-4
-8.3258186E-5
-9.5094314E-5
-1.9882304E-4
-2.1688244E-4
-1.1758048E-4
-1.5034321E-4
-2.0064613E-4
-1.1845242E-4
-3.2562006E-5
-1.2203899E-4
-4.5054192E-5
-2.2383465E-4
-2.7329288E-4
-2.8933003E-4
-2.8171128E-4
-2.8473797E-4
-3.5509115E-4
-4.8230248E-4
-4.8874255E-4
-2.124023E-4
-3.3810662E-4
-2.764798E-4
-4.2461124E-4
-4.3021626E-4
-6.01388E-4
-6.249588E-4
-7.719213E-4
-7.030454E-4
-6.5631134E-4
-6.2982977E-4
-5.814054E-4
-4.8270682E-4
-5.34088E-4
-3.9482705E-4
-5.328669E-4
-5.255363E-4
-2.6894812E-4
-3.9574754E-4
-5.0524465E-4
-4.2198235E-4
-3.4760407E-4
-4.0167387E-4
-3.09574E-4
-4.5112887E-4
-2.06935E-4
-2.8525825E-4
-1.2045676E-4
-1.4152125E-4
-1.733209E-4
-2.0510446E-4
-1.7851134E-4
-2.6666027E-4
-2.1395527E-4
-2.3619707E-4
-2.630952E-4
-2.06844E-4
-1.4071965E-4
-1.7744424E-4
-1.7472314E-4
-1.8572267E-4
-1.7908524E-4
-4.967406E-5
-1.650499E-4
-1.658265E-4
-1.18778196E-4
-3.3458156E-4
-1.2361462E-4
-1.3234072E-4
-2.0137505E-4
-2.2705921E-4
-1.6227923E-4
-7.584083E-5
-1.3887756E-4
-1.1035087E-5
2.2535982E-5
2.7412996E-5
6.6601766E-5
2.0330552E-5
1.251203E-4
2.003471E-4
4.788125E-5
1.19390956E-4
1.4804424E-4
2.703191E-4
3.2009845E-4
3.404565E-4
4.0181063E-4
2.51393E-4
3.5998356E-4
2.7517558E-4
3.473252E-4
3.982488E-4
4.170628E-4
3.1700497E-4
3.6268617E-4
4.754107E-4
5.7374605E-4
3.8605288E-4
3.5875055E-4
3.6371982E-4
4.8419595E-4
4.5165754E-4
3.207575E-4
4.408889E-4
3.6468115E-4
3.242349E-4
2.8733723E-4
2.308038E-4
1.0640512E-4
2.2040005E-4
1.9650854E-4
2.822163E-4
2.670314E-4
1.7528111E-4
2.6166992E-4
2.623333E-4
2.1128496E-4
2.1236115E-4
1.3670094E-4
-3.7278347E-5
5.104757E-5
8.9148154E-5
1.7987843E-5
5.4126745E-6
5.1655938E-5
-1.2356117E-4
3.671303E-5
1.05473155E-5
-4.5077526E-5
1.2365423E-4
8.3518076E-5
-4.6397807E-5
1.0345256E-4
6.672678E-5
8.748365E-5
1.004557E-4
3.0752872E-7
1.1514526E-5
1.1686512E-5
7.706556E-5
3.758678E-5
1.2036491E-4
-2.4956344E-5
-3.5822217E-5
1.0425578E-4
1.905265E-5
-4.7644276E-5
2.2802164E-5
-1.6326761E-5
1.1722715E-4
1.2274577E-4
1.6329176E-4
1.3079896E-4
3.180503E-4
1.8670314E-4
2.5931827E-4
1.4550399E-4
9.918823E-5
1.6902377E-4
8.266648E-5
1.4459205E-4
1.590183E-4
3.3509903E-4
1.3424119E-4
3.3822056E-4
3.8742187E-4
2.385526E-4
9.82617E-5
2.6412055E-4
2.815043E-4
4.3813876E-4
2.407346E-4
2.5253114E-4
2.1737003E-4
2.789125E-4
7.849897E-5
1.4943897E-4
1.4860077E-4
2.2497278E-4
2.9952617E-4
2.0808632E-4
2.2801232E-4
7.1075825E-5
2.1169192E-4
2.9011705E-4
1.9648187E-4
1.5979976E-4
1.7624191E-4
2.589238E-4
2.1228961E-4
2.1135808E-4
2.854183E-4
2.1025317E-4
2.9153744E-4
2.4995854E-4
1.4582548E-4
1.7846053E-4
7.568938E-6
6.13185E-5
1.13204886E-4
1.676099E-4
1.128358E-4
6.1003087E-5
6.315208E-5
1.679394E-4
4.182816E-5
8.5745356E-5
1.9881389E-5
3.028643E-4
1.3903323E-4
2.6486692E-4
8.14375E-5
9.421788E-5
5.7552847E-5
1.0615619E-4
-8.847755E-5
1.2523553E-4
-1.6598433E-4
-5.6185345E-5
-1.4938008E-4
-5.47219E-5
1.2912597E-5
-1.2154354E-4
-1.6410674E-4
-1.5103332E-4
-1.2951199E-4
-1.4782447E-4
-1.8769239E-4
-1.2556768E-4
-1.3163367E-4
-1.3220783E-4
-1.2156491E-4
-1.781826E-4
-1.0430206E-4
-9.088499E-5
-2.0250081E-4
-2.1884622E-4
-1.5306672E-4
-7.087053E-5
-2.2320259E-4
-1.8688427E-4
-2.959111E-4
-9.6648E-5
-3.4047698E-4
-1.9818108E-4
-2.3766665E-4
-1.328574E-4
-3.513773E-4
-2.1580061E-4
-4.27255E-4
-2.4280944E-4
-4.140689E-4
-3.186977E-4
-2.6108313E-4
-3.2341943E-4
-4.0586776E-4
-1.7793654E-4
-2.632299E-4
-3.4465283E-4
-5.082376E-4
-2.9444764E-4
-3.9469812E-4
-2.2856584E-4
-2.5380947E-4
-2.2156323E-4
-6.9080363E-4
-3.142519E-4
-2.1571257E-5
-2.932151E-4
-5.0491927E-4
-4.4142772E-4
-5.032504E-4
-3.4696813E-4
-2.1403757E-4
-2.1739621E-4
-4.3386477E-4
-3.981661E-4
-3.7745776E-4
-3.7595214E-4
-3.0342865E-4
-3.5739085E-4
-4.7700308E-4
-5.0734385E-4
-5.7156535E-4
-2.4065192E-4
-2.7974046E-4
-3.6190703E-4
-7.2556E-4
-6.1486027E-4
-4.8316107E-4
-4.2063787E-4
-3.642606E-4
-2.3531841E-4
-3.680027E-4
-2.3062299E-4
-3.1023737E-4
-3.0097933E-4
-3.1147193E-4
-9.064307E-5
-2.5533536E-4
-3.1385152E-4
-3.2862133E-4
-3.84193E-4
-2.7806233E-4
-1.2879848E-4
-1.55084E-4
-1.8460804E-4
-1.06400665E-4
-2.1571177E-4
-2.1276975E-4
-2.9910915E-4
-3.7114706E-4
-3.1196378E-4
-3.665489E-4
-4.0651523E-4
-2.2897044E-4
-1.8289022E-4
-2.0658266E-4
-1.7076514E-4
-2.9876022E-4
-2.316361E-4
-1.3024287E-4
-1.689331E-4
-2.8921096E-4
-2.1277046E-4
-3.281221E-4
-3.275649E-4
-3.2445526E-4
-2.4897818E-4
-2.2845551E-4
1.2275584E-5
-1.7085348E-4
-7.595072E-5
-7.4706463E-6
7.0929695E-5
-9.912581E-5
-1.3475385E-4
-2.8704567E-4
-1.6683321E-4
-2.574706E-4
-1.5214451E-4
-2.228259E-4
-7.8184836E-5
9.820988E-5
6.809377E-5
2.1310986E-4
2.0693941E-4
2.5365426E-4
1.3746507E-4
1.5461925E-5
7.766539E-6
7.3838E-5
-2.4616742E-5
-3.5089113E-5
-2.6354048E-5
1.2630329E-4
2.1505778E-4
3.277178E-4
4.0447913E-4
3.9890094E-4
4.977861E-4
4.5605376E-4
2.668435E-4
2.8187313E-4
3.3774241E-4
2.4752785E-4
3.4638558E-4
2.4760948E-4
3.860569E-4
2.3248051E-4
4.284466E-4
3.442062E-4
5.389845E-4
3.467153E-4
4.2921628E-4
2.9467957E-4
2.8127074E-4
3.0012254E-4
3.5073142E-4
1.541331E-4
2.5054812E-4
2.3293817E-4
3.5500168E-4
3.88308E-4
4.7497687E-4
2.4400414E-4
2.4861397E-4
3.7317481E-4
2.8689395E-4
9.808623E-5
2.2629029E-4
2.1418283E-4
3.1975665E-4
4.145792E-4
2.9001254E-4
3.8782042E-4
3.3466236E-4
3.196325E-4
5.237856E-4
3.2282362E-4
4.3982922E-4
2.8494815E-4
3.4962536E-4
3.273169E-4
3.1419983E-4
2.9200668E-4
4.1488648E-4
3.1435705E-4
4.5350625E-4
4.296919E-4
5.09952E-4
4.140383E-4
5.459352E-4
4.074049E-4
4.039541E-4
4.1338374E-4
4.194484E-4
5.590945E-4
4.497523E-4
5.217911E-4
5.1124813E-4
6.35103E-4
6.0939783E-4
6.4889155E-4
6.173382E-4
5.3033006E-4
5.854621E-4
5.4750073E-4
5.104237E-4
4.537287E-4
6.7180075E-4
4.40026E-4
4.225889E-4
4.3209398E-4
5.135183E-4
5.119341E-4
4.5839287E-4
3.0432246E-4
3.7288573E-4
3.0078483E-4
2.747987E-4
9.538721E-5
2.5221976E-4
2.7363258E-4
3.044356E-4
1.3374897E-4
1.2842282E-4
2.4301824E-5
6.987091E-5
-7.3175965E-5
1.7067212E-4
-9.615624E-5
2.9735E-5
-1.2817478E-4
2.3527202E-6
-3.640091E-4
-1.3816445E-4
-7.1179726E-5
-4.6115547E-5
-3.2801405E-4
-3.2215274E-4
-3.4784514E-4
-3.2728107E-4
-3.240928E-4
-1.4348945E-4
-2.8154388E-4
-2.322907E-4
-2.9507076E-4
-4.0394548E-4
-3.5406192E-4
-2.6535123E-4
-3.833406E-4
-2.191126E-4
-1.07263724E-4
-1.11974776E-4
-9.5441996E-5
-1.3724869E-4
-1.6027711E-4
-1.6118734E-4
-3.9929588E-4
-2.9239838E-4
-2.7209884E-4
-2.480244E-4
-2.5880846E-4
-2.3618471E-4
-2.6561093E-4
-1.4782055E-4
-2.025079E-4
-1.3929255E-4
-2.2308648E-4
-1.3186748E-4
-2.0008905E-4
-2.731145E-5
-7.032626E-5
-2.9201503E-5
-7.666942E-5
1.1826773E-5
-1.9584894E-4
4.483861E-5
1.5638858E-5
6.671172E-5
-1.0384923E-4
1.2907847E-4
-1.1791469E-5
3.9253126E-5
6.146217E-5
1.2105817E-4
-6.46534E-5
1.694707E-4
-1.3407843E-5
6.1762585E-5
-4.3596256E-6
-6.436851E-5
-1.366562E-4
-8.8975095E-5
-1.3299262E-4
2.6406397E-5
2.605897E-6
-5.5239485E-5
6.0543553E-6
-2.6687313E-4
-7.896739E-5
-1.240158E-4
-6.9613096E-5
-5.706193E-5
-1.2188077E-4
-3.5204594E-5
-4.6529683E-5
3.0576433E-5
9.712816E-8
-4.1914504E-7
-5.5399367E-5
1.0890616E-4
7.124363E-5
-2.5493475E-5
-3.049881E-5
7.3325544E-5
4.9986254E-5
-1.951638E-6
5.672937E-5
1.9753343E-4
4.2173244E-5
2.0706517E-4
4.8631697E-5
1.3762161E-4
-3.504825E-5
7.930048E-5
7.589315E-5
9.2881535E-5
1.7406634E-4
1.20165525E-4
5.5518773E-5
2.2159355E-5
9.517175E-5
2.6026147E-4
1.8951778E-4
7.465893E-5
1.6926751E-4
1.4424254E-4
1.6041742E-5
-6.948506E-5
9.909728E-5
1.4864565E-4
1.4303916E-4
1.8402397E-4
1.1920563E-4
1.2921664E-4
-1.0749391E-4
1.16295465E-4
9.282899E-5
1.4802281E-5
-2.4539999E-5
7.898045E-5
-1.1144783E-4
-5.4124597E-5
-1.15762305E-4
-1.0576072E-4
-3.0665094E-4
-1.21525256E-4
-1.9060953E-4
-2.0095157E-4
-1.336822E-4
-8.257316E-5
-2.1469628E-4
-1.502554E-4
-1.8831616E-4
-1.2282471E-4
-1.6766053E-4
-6.530594E-5
-9.705234E-5
-1.0899536E-4
-1.6196478E-4
-7.2421804E-5
-1.0211603E-4
-1.2507531E-4
-2.3696803E-4
-2.3202078E-6
-1.488197E-4
-5.5918543E-5
8.174252E-6
3.3279453E-6
-4.603229E-5
-1.3504133E-5
-1.793905E-5
-1.6340256E-5
-2.477123E-5
-4.4377415E-5
-1.74732E-5
5.3046762E-5
-7.354418E-6
1.372339E-5
1.0712592E-5
4.2831478E-5
-1.0452803E-4
3.729434E-5
3.377401E-5
9.424766E-5
1.6907088E-5
1.7371395E-4
1.2114867E-4
2.196376E-4
2.1892694E-4
2.0984454E-4
8.4654E-5
2.4316015E-4
2.170599E-4
2.291661E-4
1.4060849E-4
2.4389203E-4
3.525695E-5
1.6832886E-4
1.1227241E-4
1.9255167E-4
1.5785724E-4
1.352568E-4
9.9605764E-5
1.9263549E-4
1.3190522E-4
1.572214E-4
-7.5970376E-5
1.2746395E-4
6.709613E-5
5.379842E-5
-2.7747212E-5
-4.7216754E-6
-2.758449E-5
-4.3199692E-5
-1.0521599E-4
-1.05510335E-4
-1.2125251E-4
-1.3913492E-4
-1.4878382E-4
-1.3495212E-4
-2.6727372E-4
-2.5313423E-4
-3.6468467E-4
-2.0510542E-4
-3.6468962E-4
-3.1154166E-4
-5.12377E-4
-2.504687E-4
-3.780838E-4
-2.9161072E-4
-5.036188E-4
-4.2174672E-4
-5.4014556E-4
-4.605854E-4
-5.301659E-4
-4.6835473E-4
-5.209515E-4
-4.4745705E-4
-5.307735E-4
-4.3846745E-4
-4.5661474E-4
-3.7881435E-4
-3.9168246E-4
-3.267188E-4
-3.4383917E-4
-4.637413E-4
-4.1255247E-4
-4.548429E-4
-3.9220278E-4
-3.3480595E-4
-2.3139697E-4
-3.2168868E-4
-2.1142306E-4
-1.7643123E-4
-1.5932196E-4
-1.9317555E-4
-3.3701098E-4
-2.949674E-4
-3.2407016E-4
-1.6800605E-4
-2.8360492E-4
-8.5834225E-5
-2.280554E-4
-1.222419E-4
-2.1785701E-4
-1.0128461E-4
-2.6407125E-4
-1.3518166E-4
-2.9752078E-4
-2.3157317E-4
-4.2654132E-4
-1.7119249E-4
-3.8716767E-4
-1.2207702E-4
-2.5939802E-4
-1.7031768E-4
-2.7734262E-4
-1.3129627E-4
-1.239025E-4
-4.8205522E-5
-9.160216E-5
-2.0042977E-4
-1.5069368E-4
-1.08332606E-4
-1.5926387E-4
-8.1975886E-5
6.54371E-5
-2.4799112E-5
9.721232E-5
2.227249E-4
7.153608E-5
1.9562875E-4
2.0259216E-4
1.7804229E-4
1.7306847E-4
2.633338E-4
2.2323165E-4
3.2446624E-4
1.13806964E-4
2.8714346E-4
1.6754925E-4
2.8467167E-4
2.9393434E-4
3.8126006E-4
1.9576236E-4
3.471623E-4
3.3954234E-4
3.6095968E-4
2.8685917E-4
3.7342255E-4
2.8676083E-4
3.6778752E-4
3.4093176E-4
4.046442E-4
3.2304288E-4
3.0593982E-4
2.3350328E-4
2.9094185E-4
2.5718604E-4
3.6337817E-4
2.938144E-4
3.146843E-4
3.217573E-4
2.616164E-4
1.9117107E-4
1.6635956E-4
1.115983E-4
4.928768E-5
1.1955957E-4
2.1290233E-4
1.8789909E-4
7.601955E-5
1.994585E-4
9.006305E-5
2.0512316E-4
2.6210088E-5
1.349803E-5
1.655986E-4
7.925266E-5
1.5980625E-4
-9.126811E-5
4.3896457E-6
6.751248E-5
2.5086052E-5
-6.596058E-5
-2.2761249E-5
-5.832647E-5
-7.503031E-5
-1.4443568E-5
6.3345404E-5
-1.4962183E-5
-1.5684984E-4
-9.982181E-5
-6.182485E-5
-7.9034406E-5
9.067785E-5
1.2914046E-4
9.559998E-5
9.9493285E-5
2.3316275E-4
2.1958999E-4
1.4654674E-4
1.9459792E-4
1.4532957E-4
3.669678E-4
1.6291047E-4
3.1596655E-4
1.5920404E-4
2.4039172E-4
1.634251E-4
2.569998E-4
2.7483716E-4
3.3127447E-4
1.3670011E-4
2.5330888E-4
2.4314503E-4
2.1834784E-4
3.2954192E-4
1.7306316E-4
1.4179408E-4
1.7232621E-4
1.4901375E-4
3.1943803E-4
3.3903547E-4
2.2501705E-4
1.7643426E-4
8.979838E-5
8.409761E-5
1.3932996E-4
2.0386331E-4
1.2649794E-4
1.5793736E-4
4.9272563E-5
7.882414E-5
3.8470436E-5
1.2574453E-4
1.0111934E-4
4.061269E-5
5.0562885E-5
-1.3990018E-4
3.6190355E-5
-1.1589709E-4
8.579801E-5
-2.5123023E-5
-5.372585E-5
-1.495025E-4
-1.2569984E-4
-1.4586467E-4
-9.398673E-5
-2.7936551E-4
-1.1703891E-4
-2.5044885E-4
-1.9708578E-4
-2.2356148E-4
-1.4311305E-4
-2.998884E-4
-2.4451467E-4
-3.2125204E-4
-2.288397E-4
-3.1168252E-4
-2.9220962E-4
-4.384027E-4
-4.59302E-4
-4.9322064E-4
-3.3846998E-4
-4.878965E-4
-4.7531386E-4
-4.0940347E-4
-5.0522236E-4
-4.690084E-4
-4.3454292E-4
-4.994419E-4
-6.656512E-4
-4.3253927E-4
-5.900969E-4
-5.4140546E-4
-6.0666725E-4
-5.850447E-4
-4.6975486E-4
-5.62279E-4
-5.4611376E-4
-6.5274694E-4
-5.004653E-4
-6.763813E-4
-6.6563766E-4
-7.2258234E-4
-5.9221586E-4
-6.645447E-4
-3.7130972E-4
-5.140128E-4
-4.423434E-4
-5.279188E-4
-4.836759E-4
-4.6103282E-4
-4.1269363E-4
-4.0799167E-4
-4.0537614E-4
-5.3865375E-4
-3.5026134E-4
-4.145841E-4
-4.5666166E-4
-3.5093457E-4
-3.2317126E-4
-3.690193E-4
-2.3838435E-4
-2.561417E-4
-4.113119E-4
-3.9321632E-4
-3.958482E-4
-2.8616498E-4
-3.6690987E-4
-2.7614128E-4
-3.3141862E-4
-3.2897244E-4
-2.653175E-4
-1.8315384E-4
-2.4739766E-4
-1.3837972E-4
-2.510781E-4
-1.4115758E-4
-2.1981428E-4
-1.8597362E-4
-3.7117126E-5
-2.9377936E-5
-5.8802867E-5
-1.580395E-4
-1.0790076E-4
-5.2843337E-5
1.313407E-4
1.3589897E-4
1.5936478E-4
9.51332E-5
1.7741328E-4
2.0788705E-4
1.9925307E-4
1.3886271E-4
2.6437073E-4
1.3041231E-4
3.5043148E-4
3.5407185E-4
2.1665357E-4
2.0314177E-4
2.880202E-4
2.4327904E-4
2.951021E-4
3.1233087E-4
2.698522E-4
3.507631E-4
3.197082E-4
2.8202904E-4
1.5424147E-4
2.9446682E-4
1.6022462E-4
2.3981562E-4
1.9469419E-4
1.3389846E-4
2.0986238E-4
2.7778285E-4
6.056078E-5
1.1799446E-4
9.30194E-5
1.0651389E-4
6.3703745E-5
1.1899106E-4
-2.6772517E-5
2.1132344E-5
-8.736949E-6
4.161571E-5
-1.6902357E-5
9.980295E-5
8.246509E-5
9.639609E-5
1.3749239E-4
5.623187E-5
7.182697E-5
6.173529E-5
1.8850187E-5
-8.552809E-6
1.6178626E-4
1.3775683E-4
1.6373272E-4
5.8575115E-5
7.646164E-5
2.4923088E-4
3.8549042E-4
2.0000676E-4
2.3379916E-4
2.9302368E-4
1.970263E-4
2.7575804E-4
2.2070626E-4
2.875385E-4
2.642647E-4
3.6923366E-4
3.044969E-4
4.1066582E-4
4.1326808E-4
4.3591412E-4
3.0434647E-4
3.28257E-4
3.6447833E-4
3.829049E-4
3.433261E-4
2.774877E-4
4.795416E-4
4.228038E-4
5.4831395E-4
4.8249552E-4
4.6393272E-4
4.7694342E-4
5.5394234E-4
4.02476E-4
4.8811082E-4
4.1147965E-4
5.63238E-4
4.5045183E-4
5.172343E-4
3.797512E-4
5.425888E-4
4.6511306E-4
4.2160283E-4
4.4566445E-4
4.687081E-4
5.0109375E-4
5.277997E-4
4.6140602E-4
3.9764956E-4
3.5827505E-4
3.4157187E-4
3.6048077E-4
2.8659578E-4
4.434817E-4
3.6234173E-4
3.449837E-4
2.1830206E-4
3.4945042E-4
1.7397104E-4
2.7907648E-4
1.3666021E-4
1.700229E-4
2.3634003E-4
1.5742551E-4
1.3463518E-4
1.05626095E-4
-1.0599154E-5
3.929583E-5
-1.8210067E-6
-1.6115395E-5
7.1527516E-6
-7.31461E-5
-1.2813682E-4
-1.7120207E-4
-2.4073193E-4
-1.9893049E-4
-9.9552366E-5
-2.6153272E-4
-1.9058355E-4
-2.6377622E-4
-1.6946494E-4
-3.6005958E-4
-2.239012E-4
-2.679759E-4
-6.3365405E-5
-2.4545897E-4
-2.8533456E-4
-3.8900357E-4
-3.2766978E-4
-1.7057535E-4
-2.7480657E-4
-3.215597E-4
-1.4275474E-4
-2.7171624E-4
-2.4718666E-4
-2.2336957E-4
-2.1349995E-4
-2.1984863E-4
-2.2927327E-4
-2.5087246E-4
-2.1557734E-4
-2.1027468E-4
-1.473458E-4
-1.8540201E-4
-2.4268973E-4
-2.9959527E-4
-2.1231837E-4
-2.7221424E-4
-1.8637044E-4
-3.6816965E-4
-2.9282813E-4
-2.887023E-4
-1.8478849E-4
-3.230871E-4
-2.873823E-4
-5.137245E-4
-3.8392187E-4
-3.7753116E-4
-1.1071846E-4
-3.4329353E-4
-3.2078926E-4
-4.217294E-4
-3.2577428E-4
-2.1870733E-4
-2.3591E-4
-3.5229058E-4
-2.4987877E-4
-4.5780087E-4
-2.679424E-4
-2.8734462E-4
-2.4081781E-4
-2.690162E-4
-1.4740632E-4
-1.6041612E-4
-1.5682985E-4
-1.6964613E-4
-2.4738023E-4
-2.135677E-4
-1.7887441E-4
-1.6207367E-4
-9.471907E-5
-1.1171156E-4
-1.0079331E-4
-1.3123539E-4
-6.0351827E-5
-5.992311E-6
-3.6769678E-5
-1.6600192E-5
-1.1140698E-4
-1.8154422E-4
1.0682279E-4
-8.369089E-6
1.4729311E-5
-1.2172938E-4
1.0621543E-4
5.1619165E-5
1.2692544E-4
5.1844163E-5
1.1506279E-4
8.395661E-5
9.0399604E-5
2.2529377E-5
1.6486895E-4
1.7190221E-4
2.9616058E-4
1.5199772E-4
2.3637056E-4
1.5492733E-4
2.2840718E-4
2.6033848E-4
2.1216978E-4
2.0352814E-4
1.7230307E-4
1.9921094E-5
1.6733176E-4
2.8693708E-4
2.5885028E-4
1.9289761E-4
1.9144958E-4
2.684904E-4
2.998313E-4
4.033711E-4
3.013214E-4
2.33983E-4
2.4365084E-4
2.9068984E-4
2.8797457E-4
2.832834E-4
3.4538383E-4
2.7740488E-4
3.7686803E-4
3.020702E-4
3.5432167E-4
2.698598E-4
3.7414004E-4
2.3617953E-4
3.7363137E-4
3.5317644E-4
3.8721258E-4
2.1023455E-4
3.6753865E-4
4.23935E-4
4.6600896E-4
3.6496425E-4
4.183429E-4
3.163668E-4
3.0668435E-4
3.3270835E-4
4.2397738E-4
3.7555056E-4
3.4961101E-4
3.0673196E-4
2.9003216E-4
3.8131198E-4
4.301025E-4
4.4190383E-4
3.6342876E-4
3.3096343E-4
4.2204163E-4
4.5766824E-4
3.3272448E-4
3.5881327E-4
3.4223913E-4
4.257782E-4
4.1236923E-4
3.649152E-4
3.2411737E-4
2.677946E-4
3.2867663E-4
2.8588178E-4
3.208341E-4
3.201457E-4
2.5956202E-4
1.835989E-4
2.8828997E-4
2.322617E-4
3.1310398E-4
1.6827525E-4
3.1266923E-4
2.5597544E-4
2.7360805E-4
1.6169038E-4
2.256465E-4
1.6562246E-4
2.2366624E-4
1.6430137E-4
1.7931288E-4
1.0848128E-4
1.1499815E-4
1.9511952E-4
-8.050584E-6
9.129E-5
-3.258727E-5
9.125039E-5
-1.5132456E-5
1.0690774E-4
6.657424E-5
1.2652422E-4
5.31899E-5
8.903198E-5
-6.511009E-5
-1.09849325E-5
-2.125371E-5
4.134278E-5
-9.370787E-5
-5.4211592E-5
-4.7224385E-5
-1.5249531E-4
-1.7526478E-4
-1.576561E-4
-1.10621964E-4
-1.2655168E-4
-3.3601522E-4
-2.9498283E-4
-3.4736222E-4
-3.6089527E-4
-2.4124357E-4
-2.899198E-4
-3.886242E-4
-6.2467426E-4
-4.1734127E-4
-4.515758E-4
-4.9941806E-4
-5.484783E-4
-4.660341E-4
-5.2169675E-4
-5.2003487E-4
-6.9492665E-4
-6.2288926E-4
-7.0589705E-4
-6.8530726E-4
-7.581743E-4
-7.829833E-4
-7.0659193E-4
-7.0421357E-4
-7.8231934E-4
-8.5280975E-4
-7.438159E-4
-7.6122896E-4
-7.221109E-4
-8.302389E-4
-7.7217043E-4
-8.2658714E-4
-6.152524E-4
-7.3175307E-4
-6.9190847E-4
-6.699597E-4
-6.28798E-4
-6.0788787E-4
-4.043238E-4
-5.5119616E-4
-5.1517267E-4
-4.8452106E-4
-4.9308746E-4
-3.8927348E-4
-4.167595E-4
-3.737905E-4
-4.298191E-4
-2.523035E-4
-3.4238675E-4
-2.9805064E-4
-3.5787286E-4
-5.8819995E-5
-1.9843824E-4
-7.6496566E-5
-1.5599468E-4
-8.2842045E-5
-2.1751049E-4
-1.6965975E-4
-1.8100893E-4
-6.3591826E-5
-1.653376E-4
-1.352233E-4
-1.6192408E-4
-4.386854E-5
-3.846602E-5
-2.1626806E-6
-6.8250694E-5
-1.9340267E-4
-1.21813566E-4
-9.6612566E-5
-3.8963335E-5
-3.166485E-5
-1.1717701E-4
-1.04560546E-4
-1.0192524E-4
-1.2467118E-4
2.1858661E-5
-5.114692E-5
3.945222E-5
1.5335527E-5
-1.0742585E-4
-8.382704E-5
-1.7866671E-4
-1.6190673E-4
-1.351591E-4
8.232236E-8
-1.1623782E-4
2.6198617E-5
-5.0847593E-5
3.8381102E-5
-1.4289613E-4
-5.8484296E-5
-1.1755195E-4
4.935185E-5
-6.186773E-5
-6.423354E-5
-2.5117342E-6
3.9527524E-5
1.5114628E-5
8.1859616E-5
-3.2649055E-5
-9.380089E-5
1.119178E-5
5.7946392E-5
1.16385214E-4
-9.933494E-5
-1.4664567E-5
-1.1405976E-4
5.409854E-5
4.4446926E-5
-1.6894071E-5
-3.608994E-5
-3.817304E-6
-1.1119522E-4
8.0112564E-5
2.7338501E-5
4.9593214E-5
-2.693957E-5
1.5006906E-4
1.4987703E-4
2.538531E-4
2.1688404E-4
1.7391596E-4
2.0727966E-4
2.3860892E-4
3.454171E-4
2.7315412E-4
2.3996834E-4
2.4876394E-4
3.240829E-4
2.9275703E-4
4.5542E-4
2.9040498E-4
2.7088125E-4
2.466856E-4
3.8240958E-4
4.4498846E-4
4.6317276E-4
3.807905E-4
3.314898E-4
4.6286112E-4
2.9990645E-4
4.898117E-4
3.644775E-4
3.9237467E-4
2.1797697E-4
3.8277576E-4
3.5506146E-4
4.2731976E-4
2.1638803E-4
2.6781578E-4
2.2768104E-4
3.4070425E-4
3.2796228E-4
2.9042183E-4
1.3617019E-4
2.6110382E-4
1.2908646E-4
2.2925824E-4
2.007828E-4
3.1024977E-4
1.9653996E-4
3.152063E-4
1.898614E-4
2.6481715E-4
1.591678E-4
3.9281952E-4
2.2757082E-4
1.6037392E-4
2.3599953E-4
1.6922818E-4
1.6879439E-4
1.4911992E-4
2.8841192E-4
2.3128331E-4
1.9190715E-4
1.1141304E-4
1.606976E-4
2.069431E-4
1.2667138E-4
8.36462E-5
4.06023E-5
3.21778E-5
8.674705E-6
-2.685961E-5
-6.608633E-5
-1.9006284E-5
2.5563995E-5
4.9575865E-5
-1.9357727E-4
-3.7491456E-5
-1.7274886E-4
-3.1562602E-5
-1.7331821E-4
-1.3324995E-4
-2.4420454E-4
-1.8056577E-4
-3.0807286E-4
-2.2521484E-4
-3.0217218E-4
-2.1431966E-4
-3.711771E-4
-2.6606623E-4
-3.345303E-4
-2.880197E-4
-4.2025244E-4
-2.8098482E-4
-3.646691E-4
-4.398331E-4
-2.9240604E-4
-3.5878178E-4
-3.0131702E-4
-5.042462E-4
-3.9736193E-4
-3.0544476E-4
-3.0745583E-4
-3.900061E-4
-4.429434E-4
-4.0539968E-4
-3.5966653E-4
-2.8057332E-4
-4.5410887E-4
-4.1658813E-4
-2.7010613E-4
-3.190434E-4
-3.820797E-4
-3.3544612E-4
-3.8394754E-4
-3.5860046E-4
-4.3909057E-4
-3.2041865E-4
-4.833845E-4
-4.597234E-4
-5.2759564E-4
-3.607313E-4
-4.1223448E-4
-3.6177444E-4
-5.090788E-4
-4.0627574E-4
-4.3630583E-4
-2.654771E-4
-5.2424613E-4
-3.3626257E-4
-4.3605987E-4
-3.223935E-4
-3.0143402E-4
-3.2484546E-4
-2.441467E-4
-3.6598346E-4
-2.5377652E-4
-3.533674E-4
-2.5031233E-4
-2.6141515E-4
-2.093923E-4
-2.8665602E-4
-1.9201772E-4
-1.785411E-4
-4.814724E-5
-2.6904044E-4
-2.3633084E-4
-6.0567614E-5
-7.195295E-5
-5.5085526E-5
-1.0396718E-4
-5.9474583E-5
4.663084E-5
1.2984248E-5
-5.791741E-6
1.6952255E-7
6.581193E-5
1.3324784E-4
2.9396982E-5
1.0320993E-4
9.863443E-5
2.1460484E-4
1.1169634E-4
1.274451E-4
1.3253797E-4
1.9751757E-4
1.08098066E-4
1.08736545E-4
1.9110198E-4
1.7709052E-4
1.7159976E-4
7.062571E-5
1.7694886E-4
2.0776175E-4
2.5169368E-4
2.1099443E-4
2.3811753E-4
3.0150358E-4
2.1410713E-4
1.9140869E-4
2.9701975E-4
2.0599568E-4
2.1185762E-4
8.3972816E-5
1.8657015E-4
9.338804E-5
1.4562953E-4
1.0363341E-4
1.7124324E-4
1.2820499E-4
1.6067266E-4
1.6555926E-4
2.2850012E-4
2.2533159E-4
1.8495259E-4
3.1731826E-5
1.096179E-4
1.034848E-4
1.6676892E-4
3.465218E-4
2.1485034E-4
3.023083E-4
1.654246E-4
1.9419903E-4
2.4545655E-4
2.4722534E-4
1.7863898E-4
1.9016821E-4
1.5950514E-4
1.8902434E-4
3.009317E-4
1.4551758E-4
1.7938224E-4
2.0519902E-4
1.3723693E-4
9.95538E-5
5.202998E-5
8.052281E-5
1.3628262E-4
5.0208324E-5
1.0734624E-4
-3.6012025E-6
6.2387175E-5
2.2532938E-6
8.7190216E-5
5.3460284E-5
3.435358E-5
-8.642249E-5
-6.164044E-8
-1.962387E-5
-1.725659E-5
-1.20466066E-4
-7.706007E-5
-7.5618154E-5
-6.664352E-5
-4.5880815E-6
-1.3256684E-4
2.6753887E-5
-1.5731431E-4
-1.6755323E-5
-1.891203E-4
-8.078398E-6
-3.8059854E-5
-5.78291E-5
-3.0647125E-4
3.9487888E-5
-1.894591E-4
-8.262987E-5
-1.4873761E-4
-1.8505883E-4
-1.8320647E-4
5.150248E-5
-3.975867E-5
-6.0779876E-5
-5.31292E-5
-2.756571E-5
1.8325616E-5
-5.5899694E-5
-1.4189388E-4
-1.3597055E-4
-1.2297546E-4
-1.5137067E-4
-1.3332453E-4
-1.3735375E-4
-1.6186538E-4
-1.746866E-4
4.509793E-5
-7.171345E-5
-8.71279E-5
-2.2086165E-4
-1.7423205E-4
-1.4055203E-4
-1.9291739E-4
-9.472763E-5
-2.5908955E-4
-2.2078474E-4
-2.825298E-4
-2.6642063E-4
-4.0967728E-4
-3.1751368E-4
-3.814578E-4
-2.5431643E-4
-4.4650098E-4
-2.962387E-4
-3.6657712E-4
-3.3782158E-4
-4.6835913E-4
-2.7978377E-4
-5.731497E-4
-3.290338E-4
-4.53673E-4
-3.0486743E-4
-4.3781567E-4
-2.3636373E-4
-2.1559186E-4
-3.1628212E-4
-3.4442646E-4
-1.9140076E-4
-3.056118E-4
-2.9415786E-4
-2.4045273E-4
-2.0267355E-4
-1.2489647E-4
-1.6985284E-4
-1.2771742E-4
-1.6956466E-4
-3.1682855E-5
-9.3197166E-5
-3.1208874E-5
2.9531155E-5
4.3140644E-5
5.5052817E-5
8.084501E-5
-1.8980127E-5
3.7987245E-6
1.1582147E-5
5.166607E-5
1.1364706E-4
1.5605446E-4
8.103112E-5
9.7303935E-5
2.6589536E-4
9.275208E-5
2.0150856E-4
1.2439112E-4
1.2275869E-4
7.952624E-5
2.6144492E-4
3.9878854E-5
3.0444944E-4
7.035709E-5
9.983097E-5
1.3496444E-4
1.5682996E-4
1.6237065E-4
6.0941147E-5
1.7306909E-4
1.16894436E-4
1.9334927E-4
2.702532E-5
5.4234908E-5
-5.0171784E-5
3.7383277E-5
-8.820735E-6
1.3454896E-4
-1.6604192E-5
9.252696E-7
5.1579163E-6
9.481161E-6
1.112634E-5
-6.272117E-7
-8.49588E-5
2.1465709E-4
5.1871037E-5
8.696441E-5
7.3110874E-5
-2.226684E-5
-1.43028765E-5
-4.5166624E-5
-2.7151911E-5
6.502687E-5
1.0823983E-4
-1.2919896E-5
7.927936E-5
1.536297E-5
1.2380387E-4
7.470942E-5
1.1615478E-4
-9.446564E-5
2.144558E-5
-9.778116E-5
1.1150837E-4
1.1475539E-4
1.2191728E-4
2.0688093E-4
1.2435413E-4
3.2649397E-5
6.771764E-5
1.12988935E-4
6.12682E-5
1.7832665E-4
1.8411185E-4
9.759536E-5
9.238145E-5
1.3629954E-4
6.6127393E-7
2.160845E-4
1.4061082E-4
2.335054E-4
2.4166979E-5
1.3216899E-4
2.0167058E-4
2.4112915E-4
8.4385916E-5
1.5916795E-4
2.5072423E-4
2.1297463E-4
2.1488394E-4
2.1970537E-4
2.2432156E-4
1.8752896E-4
1.6065178E-4
9.391995E-5
2.0366338E-4
1.5328663E-4
2.5530547E-4
1.07161024E-4
2.560694E-4
5.6994053E-5
3.1682604E-4
1.4580076E-4
1.9548456E-4
1.896395E-4
3.0685213E-4
2.6844564E-4
2.0346511E-4
1.9519206E-4
2.2997458E-4
1.2316192E-4
1.8696477E-4
1.1188058E-4
2.8589831E-5
8.877277E-5
6.5208354E-5
1.2253213E-4
1.453844E-4
2.1725865E-4
9.062194E-5
3.489031E-5
4.7256795E-5
1.0628931E-4
3.070322E-5
1.0604029E-4
3.7753536E-5
4.604657E-5
-3.694103E-5
3.706494E-5
6.184306E-6
-1.6556969E-5
-5.084881E-5
-6.2377185E-5
-3.3285152E-5
-7.417685E-5
-2.126051E-5
-6.3161184E-5
4.7643938E-5
-3.8492108E-5
8.343161E-5
3.1473883E-5
1.1694517E-4
-1.1049533E-4
4.3461496E-5
-1.4768045E-4
-9.395274E-6
1.113757E-5
3.6604397E-5
2.0777496E-5
9.515134E-7
-8.597808E-5
-1.3829903E-5
-3.122976E-5
6.893911E-5
5.1756968E-5
4.3816817E-5
-5.5102268E-5
-4.5986886E-5
8.478473E-5
3.9836123E-5
3.5946097E-5
-7.172419E-5
-1.1323343E-5
-8.1594546E-5
-5.3253305E-5
-2.0258491E-4
-1.1843191E-4
-1.04807266E-4
-8.6999775E-5
-7.568646E-5
-1.0583439E-4
-5.6318815E-5
-2.290114E-4
-1.675433E-4
-1.9653016E-4
-1.77781E-4
-2.3121435E-4
-1.0490047E-4
-1.6378352E-4
-1.3637288E-4
-2.515925E-4
-9.837718E-5
-2.1400447E-4
-2.0486125E-4
-2.4299567E-4
-6.027081E-5
-1.8023081E-4
-2.058387E-4
-1.6810626E-4
-1.5973611E-4
-1.8265845E-4
-1.7450486E-4
-1.5208028E-4
-6.4802916E-5
-1.349177E-5
-1.6740311E-4
-1.9033988E-4
-2.3409772E-4
-2.7755433E-4
-1.6304023E-4
-5.3682536E-5
-1.802826E-4
-6.0468537E-5
-1.462624E-4
-1.2769396E-4
-6.817848E-5
-1.0448633E-4
-4.2783176E-5
-5.348718E-5
-2.4952209E-5
-8.251995E-6
2.6870725E-6
-1.5815556E-5
5.6169065E-5
7.39732E-5
-4.4068684E-6
4.519348E-5
2.6600845E-5
9.755075E-6
-1.2992317E-5
-2.0647056E-5
3.2017237E-5
9.3313196E-5
5.7046604E-5
8.840275E-7
5.9684637E-5
7.197034E-5
1.7304412E-5
1.2665626E-4
7.176781E-5
5.874356E-5
8.9862064E-5
1.0399934E-4
1.4634724E-4
1.8875486E-4
1.7010889E-4
1.3073855E-4
5.7439625E-5
1.4089032E-4
2.3935825E-5
1.5593418E-4
7.234913E-5
2.0828392E-4
2.3428893E-4
2.0358954E-4
2.291305E-5
1.3956043E-4
7.317674E-5
1.3412342E-4
1.9355146E-4
3.1099928E-5
1.0481794E-4
2.1597811E-4
1.5348919E-4
1.13545735E-4
1.7844465E-4
1.5388077E-4
1.4347289E-4
1.246003E-4
1.06399566E-4
8.5935295E-5
1.08002874E-4
4.305811E-5
1.3826197E-4
2.0348001E-4
1.9137541E-4
7.2335926E-5
9.093199E-5
5.9373502E-5
1.5466283E-4
1.7159857E-4
2.809874E-4
1.4800212E-4
1.0527309E-4
2.1966784E-4
1.3691702E-4
1.3370573E-4
2.1229894E-4
1.8870788E-4
8.080291E-5
2.0901817E-4
1.3747925E-4
1.7196304E-4
2.1154445E-4
1.4681101E-4
1.6877054E-4
2.690585E-4
2.333857E-4
2.1613995E-4
1.208312E-4
1.7913662E-4
1.6028102E-4
2.9932114E-4
1.9430027E-4
1.8044226E-4
2.1813001E-4
1.18888915E-4
2.3661082E-4
1.21609846E-4
1.7096105E-4
1.8156035E-4
2.6125993E-4
1.3084851E-4
1.5578252E-4
-5.275826E-6
1.3610498E-4
6.5433866E-5
1.0996693E-4
-5.134135E-5
1.3565106E-4
-1.3299478E-5
-1.0708177E-5
-5.936332E-5
-3.5939593E-5
-1.4995677E-4
-1.0958675E-4
1.0217975E-4
-1.2133585E-4
-9.787562E-5
-1.3321535E-4
-1.2854525E-4
-1.08781176E-4
-8.835398E-5
-5.8412083E-5
-1.719027E-4
-6.6783774E-5
-1.3565326E-4
-1.219576E-4
-1.2970215E-4
-1.9401424E-4
-2.5791352E-4
-1.6732288E-4
-1.387939E-4
-1.1431228E-4
-2.9012628E-4
-1.8470625E-4
-1.9861462E-4
-1.2045881E-4
-3.1467504E-4
-1.7788672E-4
-3.427277E-4
-7.046795E-5
-1.6390668E-4
-2.7751786E-4
-2.1170216E-4
-4.3880784E-5
-2.0969428E-4
-7.293868E-5
-2.001728E-4
-1.4714549E-4
-2.1231499E-4
-8.042237E-5
-1.745709E-4
-1.0626852E-4
-2.7857788E-4
-2.0975656E-4
-8.9076304E-5
-7.925978E-5
-2.8484505E-5
-1.8651725E-5
-3.690414E-6
-4.5065877E-5
-9.081157E-5
-1.2300529E-4
-2.9646131E-5
-9.847961E-5
1.8377403E-5
-2.0418758E-5
1.0400407E-4
-5.0211882E-5
-4.6816847E-5
-6.44131E-5
-1.1354434E-4
-5.509353E-5
-1.4321998E-4
-7.586088E-5
-2.261132E-4
-9.498332E-5
-1.9324421E-4
-1.2720036E-4
-1.3494739E-4
-9.217521E-5
-1.3947516E-4
-1.5873537E-5
-2.1748776E-4
4.6025766E-6
-1.6135653E-4
-1.1513072E-4
-2.6254985E-4
-6.546154E-5
-1.8768222E-4
-1.2668507E-4
-2.1372517E-4
-1.037783E-4
-3.208888E-4
-8.362224E-5
-1.2671553E-4
-1.309838E-4
-1.2723058E-4
-1.3763685E-4
-5.024322E-5
-1.1786112E-4
-1.1621565E-4
-1.6489245E-4
3.0184374E-5
-6.6399996E-5
6.4642336E-5
-1.4095628E-5
-1.3458822E-4
-7.572459E-5
6.419786E-5
2.2878705E-5
5.1720795E-6
8.318296E-5
9.8465556E-5
1.3664541E-4
-2.304636E-5
3.3952812E-5
1.4235367E-4
1.662923E-4
1.0396437E-4
7.398023E-5
-4.1971107E-5
1.1607021E-4
7.7373414E-5
1.1891889E-4
-3.075157E-5
1.07256914E-4
1.4478938E-5
1.9316922E-4
1.03450744E-4
9.088115E-5
2.6336755E-5
5.443845E-5
1.4387791E-4
1.1742567E-4
2.9969224E-5
8.8943474E-5
1.6902809E-4
1.2535989E-4
1.2351328E-4
1.1282921E-4
6.776954E-5
1.6600536E-5
1.0006961E-4
1.4087642E-4
5.0921808E-5
2.5178892E-5
-1.4957589E-5
-5.5040473E-5
5.7002467E-6
-6.909023E-5
-1.1141903E-5
-2.9680292E-5
-8.052106E-5
-1.0517676E-4
-2.4881723E-5
-1.5895916E-5
-8.634945E-5
-1.07880296E-4
8.323188E-6
-3.1543303E-5
-9.779303E-5
-8.152612E-5
-1.9511321E-4
-1.1335257E-4
-6.4117536E-5
-5.3619984E-5
-9.85772E-5
-8.4334875E-5
-1.3632394E-4
-8.935276E-5
-4.0491035E-5
-1.067827E-4
-1.9918256E-4
-1.3706608E-4
-3.763201E-5
-8.9088906E-5
2.5937854E-5
-3.7858834E-5
-8.0160855E-5
-2.6075612E-4
2.9124269E-5
-7.3381525E-5
-2.308788E-5
-1.4582514E-4
1.1726271E-4
-7.0006616E-5
1.3326891E-4
-8.6383814E-5
2.1018946E-5
-5.6797027E-5
1.8227765E-5
-5.9433987E-5
-1.0443047E-4
-8.808639E-5
8.659975E-5
7.815504E-6
1.18944874E-4
-5.6535344E-5
1.2399946E-6
5.3758064E-5
3.932213E-5
9.675276E-5
8.973391E-5
1.4019858E-4
7.118202E-5
1.579078E-4
1.4600107E-4
2.522902E-4
2.0202417E-4
2.0700562E-4
2.0570838E-4
8.819195E-5
1.0273082E-4
8.8089684E-5
1.2881754E-4
1.00651225E-4
1.6829425E-4
1.07211185E-4
2.3481662E-4
1.04412735E-4
1.8247434E-4
7.2115517E-6
9.675081E-5
6.707322E-5
1.8286495E-4
9.144922E-5
1.224505E-4
9.226331E-5
9.853281E-5
-7.113978E-5
4.740367E-5
2.9819033E-5
7.293135E-5
-2.7398808E-5
-6.798939E-5
-7.094534E-5
-5.9380007E-5
-7.0506314E-5
-1.0642648E-4
1.0212403E-5
-3.7044643E-5
-3.5284935E-5
-9.5218435E-5
-5.901935E-5
-3.2159547E-5
7.233887E-5
-1.4926499E-4
-1.4573941E-4
-1.35102E-4
-1.544513E-4
-2.0777195E-4
-1.8927343E-4
-1.6415873E-4
-1.937533E-4
-9.920551E-5
-1.635725E-4
-2.1763654E-4
-1.6656805E-4
-1.7874858E-4
-2.580533E-4
-2.9103053E-4
-2.4129728E-4
-1.7218007E-4
-2.1455002E-4
-1.5263472E-4
-1.8081964E-4
-2.269032E-4
-3.749778E-4
-2.504568E-4
-1.9234416E-4
-2.1763514E-4
-2.2677449E-4
-1.6199998E-4
-2.3713782E-4
-1.5126956E-4
-2.0676483E-4
-1.2311249E-4
-8.3501254E-5
-1.3012637E-4
-9.609378E-5
-2.000125E-4
-1.8972198E-5
-1.1039149E-4
3.2252927E-5
-3.2897897E-5
4.8176837E-5
-1.13413844E-4
9.541792E-5
-2.284572E-5
1.2941974E-4
-5.9380814E-5
1.20904E-4
-1.3111032E-5
1.5508624E-5
2.2138263E-5
1.0508448E-4
5.081382E-5
1.4700422E-4
2.6524829E-5
1.2675856E-4
2.1579313E-4
1.487375E-4
2.2658388E-4
2.4820596E-4
1.8633933E-4
1.1962591E-4
1.7173465E-4
1.7524786E-5
2.7448032E-4
2.3924893E-4
2.286895E-4
2.4365076E-4
3.0642876E-4
2.0254416E-4
3.006738E-4
2.9656422E-4
2.957078E-4
2.6024526E-4
2.6266152E-4
3.3487077E-4
2.7082895E-4
3.0060366E-4
2.8483523E-4
3.8212346E-4
2.8540718E-4
2.380788E-4
2.1387586E-4
3.7571017E-4
2.826816E-4
4.1565037E-4
2.3817176E-4
2.4102454E-4
2.7848405E-4
3.355421E-4
2.7405046E-4
3.938912E-4
2.2180572E-4
3.325129E-4
2.2064938E-4
3.9159931E-4
3.3823235E-4
2.7173976E-4
1.8502412E-4
2.4020001E-4
2.3872039E-4
1.2410672E-4
1.8535677E-4
1.7746356E-4
2.1192768E-4
2.445423E-4
2.2202788E-4
1.20822915E-4
2.5401587E-4
1.8137619E-4
1.4940539E-4
2.5686282E-5
3.4790686E-5
-3.440947E-5
-2.7675811E-5
4.6507306E-5
-7.170991E-5
7.935635E-5
-8.5671054E-5
1.0409611E-6
-2.2223002E-4
-1.533639E-4
-2.4784822E-4
-1.5822105E-4
-2.5755088E-4
-1.8701186E-4
-1.8507481E-4
-1.1399095E-4
-2.1916421E-4
-2.5092994E-4
-2.2098882E-4
-1.7612384E-4
-2.2658803E-4
-1.5964166E-4
-2.753709E-4
-1.936612E-4
-2.2934169E-4
-1.8015617E-4
-1.4060883E-4
-2.1095289E-4
-2.1291015E-4
-2.6441197E-4
-3.072403E-4
-2.4078078E-4
-2.1571109E-4
-3.0268467E-4
-1.5175481E-4
-2.5310816E-4
-1.941423E-4
-3.605098E-4
-3.1968532E-4
-1.7223576E-4
-1.7411324E-4
-1.3711888E-4
-2.3562461E-4
-1.5676026E-4
-1.7931807E-4
-8.189825E-5
-2.0050973E-4
-1.864346E-4
-9.446996E-5
-5.0378043E-5
-2.3300959E-4
-9.466773E-5
-1.4850327E-4
-1.022693E-4
-1.8385604E-4
-6.561832E-5
-1.268519E-4
-7.428488E-5
-1.6185695E-4
-1.6459808E-5
-4.719973E-5
-9.482933E-6
3.295393E-5
5.5107623E-5
-5.210238E-5
8.92938E-5
-4.04209E-5
2.0342713E-5
1.18783566E-4
-7.38495E-5
3.4302106E-5
1.2178213E-4
2.3197959E-4
-3.0712E-5
4.6553203E-5
2.5618725E-5
1.4364414E-4
2.3643337E-5
5.448642E-5
8.3764215E-5
1.3968811E-4
8.320217E-5
9.7268705E-5
1.4982357E-4
2.0992407E-4
1.5053312E-4
1.3415504E-4
9.619948E-5
5.1944022E-5
9.266858E-5
7.373664E-5
1.8253479E-4
1.5793493E-4
2.1896826E-4
6.130954E-5
6.444322E-5
1.08145705E-5
2.2078365E-4
3.4603723E-5
2.174569E-5
1.0358353E-4
9.1486494E-5
3.271494E-5
-1.1704201E-6
2.5442268E-5
-4.5666093E-5
3.068803E-5
-7.917851E-5
1.2409955E-5
-9.952982E-6
6.063535E-6
-1.4464968E-4
7.435675E-6
-4.8834474E-5
6.911131E-5
-9.845222E-5
5.0403887E-6
-5.6246612E-5
1.9587913E-5
-1.5484396E-4
-9.553294E-5
-1.277896E-4
-8.066427E-5
-7.859058E-5
-8.191392E-5
-1.1050491E-4
-2.1710839E-5
-2.1324327E-4
-6.4225766E-5
-1.578033E-4
-1.8132798E-4
-8.392802E-5
-4.0728697E-5
-7.331242E-5
-9.370399E-5
1.1093595E-5
-1.8291286E-5
6.48966E-5
-4.0737625E-5
-2.614146E-5
-6.774588E-6
8.3068866E-5
-6.898303E-5
3.2627748E-5
1.1126095E-4
1.07765314E-4
1.1277538E-4
1.1497105E-4
1.3466529E-4
9.602425E-5
1.3671377E-4
1.3539416E-4
3.3762833E-4
2.1806719E-4
2.711964E-4
2.5298406E-4
3.7264905E-4
3.4658035E-4
3.5707236E-4
3.5562718E-4
4.2361332E-4
4.042175E-4
4.1866367E-4
4.8767118E-4
4.2043303E-4
3.8403686E-4
4.046294E-4
4.8721718E-4
4.4625712E-4
5.267568E-4
3.751832E-4
4.5749944E-4
3.2233872E-4
3.8976036E-4
4.117151E-4
4.946014E-4
4.5101583E-4
4.7189463E-4
2.6448842E-4
4.057438E-4
4.0570137E-4
4.1185453E-4
2.4583004E-4
3.5712204E-4
2.3669578E-4
2.902829E-4
1.6226484E-4
3.3642718E-4
1.9636237E-4
2.0855325E-4
2.2232013E-4
1.8683475E-4
1.17676485E-4
6.353289E-5
6.015511E-5
4.7864836E-5
9.110307E-5
-2.4322415E-5
7.703322E-5
-2.4691606E-5
-1.4493128E-4
-1.03562685E-4
4.9334144E-6
-7.3698364E-5
-1.991404E-5
-9.6945165E-5
-1.1005467E-4
-8.168411E-5
-1.3727021E-4
-1.1611367E-4
-2.9349414E-4
-1.5910176E-4
-2.4941092E-4
-2.0570989E-4
-1.8973538E-4
-7.6193515E-5
-2.6649077E-4
-1.5879855E-4
-2.1810873E-4
-8.198545E-5
-3.061882E-4
-1.4818272E-4
-1.972416E-4
-8.491784E-5
-1.751654E-4
-2.0403089E-4
-1.4947887E-4
-1.6359269E-4
-5.5915065E-5
-1.1041057E-4
-1.1615992E-4
-1.6004754E-4
-1.11946574E-4
-2.4871386E-4
-8.660751E-5
-9.4865485E-5
-1.4839818E-4
-7.2016046E-5
-1.3363974E-4
-1.6127928E-4
-7.372446E-5
-4.927637E-5
-6.906062E-5
-9.812611E-5
-4.2352905E-5
-5.930843E-5
-7.28123E-5
-2.3744328E-6
1.0046345E-5
-2.4071329E-5
-9.3013245E-5
-6.144336E-5
-1.6431346E-4
1.9017145E-5
1.1610655E-6
3.2038482E-5
-5.9289214E-5
-1.0557658E-5
-7.323624E-5
-3.395964E-5
-8.952771E-5
-3.4945813E-5
-1.5600829E-4
-1.7874658E-5
-1.0975142E-4
-4.4114627E-6
2.218015E-5
7.0310125E-7
-1.2737636E-4
-6.762068E-5
1.4514291E-5
4.018353E-5
2.7167818E-5
9.453547E-6
-2.4728415E-5
-7.177994E-5
5.284143E-5
-8.791293E-6
-2.6115288E-6
5.1200254E-7
-6.469358E-5
-1.06406E-4
5.926979E-5
-7.0274284E-5
-7.610417E-5
-1.4331029E-4
-1.4326538E-4
-1.2897022E-4
-7.8383746E-5
-2.1432443E-5
-2.7223345E-4
-1.497173E-4
-2.7899112E-4
-1.5352185E-4
-2.1051127E-4
-6.757291E-5
-2.153089E-4
-1.2424443E-4
-1.6999868E-4
-9.6313735E-5
-2.6084745E-4
-6.1562045E-5
-2.8809675E-4
-1.03537845E-4
-2.8754014E-4
-2.2660143E-4
-3.2985635E-4
-1.1980044E-4
-3.121283E-4
-1.9943625E-4
-2.3102194E-4
-1.4724326E-4
-2.2498479E-4
-2.0251962E-4
-1.2410979E-4
-2.2614287E-4
-2.2414146E-4
-1.8032105E-4
-2.1007333E-4
-1.10083485E-4
-1.6028949E-4
-7.208224E-5
-1.7335391E-4
-3.402878E-5
-1.2512175E-4
-2.055957E-4
-1.869627E-4
-5.8877064E-5
-1.3113223E-4
1.8880854E-5
-9.463251E-5
7.746281E-5
-3.3188794E-6
1.359856E-4
4.3436215E-5
1.5396933E-4
6.452857E-6
2.9328917E-4
6.11903E-5
3.5265757E-4
1.4904691E-4
2.525307E-4
1.9471167E-4
2.987435E-4
1.7307661E-4
3.404887E-4
2.9244748E-4
3.9645532E-4
2.3627313E-4
4.669419E-4
3.6135057E-4
4.0583464E-4
4.2598232E-4
5.087973E-4
3.108899E-4
5.291974E-4
4.2033216E-4
4.947236E-4
3.6365088E-4
5.177013E-4
5.01458E-4
5.145722E-4
4.674174E-4
4.9100275E-4
4.3805802E-4
4.574343E-4
3.852189E-4
5.4183864E-4
3.8693432E-4
5.23688E-4
4.4924795E-4
3.8632398E-4
2.964697E-4
1.903061E-4
2.809058E-4
3.8736349E-4
2.4422127E-4
3.4602493E-4
1.930971E-4
3.6379637E-4
1.3684129E-4
3.1011112E-4
1.4831034E-4
2.1388389E-4
8.333314E-5
2.2455036E-4
1.1414814E-4
7.762019E-5
-7.0941074E-5
1.2416014E-4
9.939183E-5
7.056309E-5
-8.314593E-5
2.4002204E-5
-4.333426E-5
1.3701547E-5
-1.1980511E-4
-6.0035178E-5
-4.153004E-5
-7.481164E-5
-2.9655239E-5
-6.646253E-5
-7.043433E-5
-9.155475E-5
-2.0660365E-4
-1.4688629E-4
-2.2446926E-4
-1.5581265E-4
-2.4687563E-4
-9.619482E-5
-1.7593152E-4
-1.2939097E-4
-8.973035E-5
-9.395733E-5
-1.4307059E-4
-1.6397906E-4
-1.4991606E-4
-6.783194E-5
-1.2344286E-4
-1.5541686E-4
-2.0195721E-4
-7.423565E-5
-2.0678746E-4
-9.203695E-5
-1.6226195E-4
-6.0068167E-5
-2.1529628E-4
-1.6676435E-4
-2.070587E-4
-8.138845E-5
-1.3522017E-4
-9.494049E-5
-1.7629533E-4
-4.9684088E-5
-3.244236E-5
-7.162323E-5
-8.8569024E-5
-4.9452323E-5
-3.8464023E-5
-1.8578085E-4
-6.304005E-7
-1.4884445E-4
-1.4866289E-6
-1.7048884E-4
-9.5638854E-5
1.3767164E-5
4.0153212E-5
-5.756528E-5
-2.2852022E-5
-1.8354081E-5
-4.2258495E-7
6.2368905E-5
-3.244221E-4
3.783624E-4
-5.919118E-4
5.298633E-4
-6.9468806E-4
-5.503956E-4
8.0566725E-4
1.1175529E-4
-2.441753E-4
8.8092725E-5
-9.2183414E-5
1.2847768E-4
-1.0728077E-4
4.7151526E-4
-1.7794172E-4
4.087952E-4
-1.1284847E-4
-4.7790862E-4
5.770592E-4
1.5254466E-4
-6.362949E-5
-1.01246325E-4
1.7548216E-4
-2.0276055E-5
4.386502E-5
-1.8271998E-5
-1.3295888E-4
-1.600467E-4
-1.6146041E-4
-1.2623961E-4
-1.0395638E-4
-9.189751E-5
-1.426493E-4
-1.2843723E-4
-2.69399E-4
-1.8385434E-4
-2.2311056E-4
-1.1377489E-4
-9.6367265E-5
-9.5719864E-5
-9.863291E-5
-1.2354353E-4
-2.2594804E-4
-9.4168056E-5
-1.4829027E-4
-1.3348025E-4
-1.3501171E-4
1.3507484E-6
-9.981896E-5
5.0228465E-7
-1.8287612E-4
-1.3003491E-4
-2.4922797E-4
1.4496277E-5
-2.8581164E-5
-9.251441E-5
-2.1679458E-4
1.7706105E-5
-1.9373004E-4
-1.4204445E-4
-1.5420918E-4
-1.3641629E-4
-1.0525999E-4
1.71236E-5
2.5260262E-5
-7.505736E-5
-1.2343048E-4
-6.973267E-5
-1.3377995E-4
7.496253E-5
6.545085E-6
1.3178786E-4
-4.2587424E-5
-2.6849179E-5
-2.8998195E-6
-1.4016756E-5
-1.3419882E-4
-3.711708E-5
-2.5370804E-5
1.7717251E-4
8.2663115E-5
2.0840603E-4
3.7181944E-5
5.3168988E-5
-1.4153101E-4
9.210559E-5
1.5738902E-5
1.1734099E-4
6.944105E-5
2.5666365E-4
-2.0530859E-5
2.7420832E-4
-1.6418968E-5
1.1742649E-4
7.6339056E-5
2.2918703E-4
2.5811687E-5
1.5157055E-4
1.1177511E-4
2.2669518E-4
6.837974E-5
2.6384604E-4
1.1928889E-4
1.9547871E-4
2.7131027E-4
1.4805501E-4
1.8111146E-4
1.7463867E-4
3.21396E-4
2.1841194E-4
3.438284E-4
2.1569474E-4
2.5876955E-4
2.5720903E-4
4.413778E-4
2.881444E-4
3.8393986E-4
2.1000304E-4
1.947367E-4
2.8177933E-4
3.303517E-4
3.018031E-4
1.20008925E-4
2.839283E-4
9.268718E-6
4.8556208E-4
-3.0446626E-4
8.4638613E-4
-8.450824E-4
0.0012559313
-0.0016197823
0.0022688874
-0.002887388
0.0038610746
-0.004599872
0.0059402464
-0.0069342437
0.008253468
-0.009862094
0.011393391
-0.012792427
0.015063469
-0.016055843
0.018088695
-0.019446658
0.020561788
-0.022096032
0.022383096
-0.023511318
0.024384571
-0.022405405
0.0053024497
0.045923334
-0.11850694
0.23250104
-0.26679733
0.3675962
-0.38024282
-0.47810718
0.8831163
0.57368237
-0.5903284
-1.0
-0.57310057
-0.24574889
0.39970618
0.6210521
0.7044299
0.38105646
0.21321517
-0.015987415
-0.023931943
-0.015666546
0.3357113
0.15100467
0.24070044
0.085770816
-0.106475785
0.07825635
-0.8694776
-0.05906501
0.73339975
-0.17648908
-0.8098932
-0.67646277
-0.4597151
-0.102992944
0.2190209
0.27628347
0.20473048
-0.02445774
-0.04706669
-0.060357407
-0.07579226
-0.018537268
0.10958126
0.13765736
0.071298465
0.0031601198
-0.1212753
-0.18723921
-0.09781829
-0.058069207
-0.11786933
-0.11821624
-0.04718731
-0.027585102
-0.10168327
-0.1317201
-0.07791408
-0.013880932
-0.06549953
-0.095861785
-0.04820424
-0.05372293
-0.07548929
-0.06246713
-0.002285662
0.05158624
0.04876628
0.027333671
0.013544525
0.037353102
0.08291051
0.11804495
0.114179626
0.0904114
0.06447441
0.059854135
0.07282076
0.099561535
0.14478078
0.16354942
0.14601716
0.09206131
0.05730751
0.026665708
0.01766817
0.04178875
0.081572466
0.10687414
0.116631225
0.083871745
0.020825949
0.0010610073
0.010028702
0.028809361
0.05464821
0.07016492
0.06577546
0.06417449
0.055501908
0.05162674
0.050787855
0.05315113
0.049556464
0.045216065
0.04960842
0.05051374
0.052347872
0.03730958
0.023203526
0.025432764
0.04304974
0.03353894
0.016912943
0.016274337
0.013040125
0.009979165
0.0033189536
0.0041813557
0.005210565
0.015809663
0.021738641
0.015735444
0.018012676
0.023818033
0.018291235
0.009452258
0.008044782
0.012010019
0.017168777
0.02504432
0.02798189
0.022640435
0.0052686087
-0.0031942716
-0.011747506
-0.019938428
-0.01297114
-0.0019614622
-2.6538753E-4
-0.014641584
-0.018599873
-0.022085214
-0.025648233
-0.03262801
-0.036433514
-0.024601035
-0.016915726
-0.016009944
-0.02637007
-0.026154365
-0.023817498
-0.027497986
-0.028471744
-0.028705638
-0.03370846
-0.035422754
-0.03453311
-0.037867364
-0.04190909
-0.04601776
-0.04803199
-0.04714288
-0.042263962
-0.04546023
-0.04698104
-0.05135553
-0.05279265
-0.05217838
-0.0464394
-0.04226761
-0.04141445
-0.03269654
-0.03166645
-0.042352907
-0.04646506
-0.04123772
-0.029118616
-0.025546325
-0.029193874
-0.029196277
-0.034065347
-0.034147613
-0.032317933
-0.030252047
-0.025708701
-0.0226753
-0.023022544
-0.02289611
-0.020416593
-0.018806886
-0.017678833
-0.015956065
-0.01485562
-0.01203545
-0.008430194
-0.005629648
-0.0051241997
-0.0055992426
-0.005518911
-0.0062048165
-0.006369841
-0.0059224023
-0.0054978863
-0.0047363685
-0.003932287
-0.0036760424
-0.0035218159
-0.0031070958
-0.0028224308
-0.002738793
-0.0023515187
-0.0019567744
-0.0016102702
-0.001303353
-0.0010691349
-8.7731035E-4
-6.9007603E-4
-4.936024E-4
-3.026006E-4
-1.548339E-4
-6.088607E-5
-1.37202105E-5
-0.0
