* Impulse Response data saved by REW V5.20 Beta 12
* IR is normalised
* IR window has been applied
* IR is not the min phase version
* Source: Microfone (E-MU 0404 | USB), no input selected, Left channel, volume: no control
* Dated: 29/06/2017 15:59:58
* Measurement: jun 29 15:59:58
* Excitation:  128k Log Swept Sine, 1 sweep at -14,0 dBFS  Using a loopback as a timing reference
* Response measured over: 1,8 to 20.000,2 Hz
0.012881326489150524 // Peak value before normalisation
6003 // Peak index
6231 // Response length
2.0833333333333333E-5 // Sample interval (seconds)
-0.125 // Start time (seconds)
* Data start
0.0
-9.895446E-11
-6.160216E-10
-1.5045678E-9
-1.9195823E-9
-2.9918434E-9
-4.8074584E-9
-6.4604495E-9
-1.5957863E-8
-1.3007219E-8
-1.2731637E-8
-5.1087747E-9
-1.28389175E-8
-2.3633575E-9
2.2201979E-8
5.1211096E-8
1.1229799E-8
8.1650086E-8
4.279555E-8
7.394448E-8
9.2703296E-8
6.75649E-8
5.6738877E-8
8.591595E-8
7.130045E-8
5.148335E-8
5.094812E-8
5.906312E-8
5.1299242E-8
-6.083373E-10
-1.4338771E-7
3.3939195E-8
-6.900891E-8
-1.03281195E-7
-4.5949932E-8
-9.090994E-8
-1.2250318E-7
-2.7647837E-7
-1.5730501E-7
-4.0010665E-8
2.1944608E-7
2.1718354E-7
2.291982E-7
2.8775648E-7
4.9024675E-7
6.168127E-7
8.1905597E-7
4.0135188E-7
4.3237486E-7
4.188558E-7
6.334338E-7
7.2881215E-7
3.7917127E-7
3.8646618E-7
3.3312077E-7
3.4210203E-7
1.7615012E-7
3.303021E-7
-1.8513457E-7
-2.7022722E-7
-4.2974008E-7
-5.098452E-7
-9.28679E-7
-5.037967E-7
-8.7564104E-7
-9.2082286E-7
-1.4892559E-6
-4.9341617E-7
-4.6482242E-7
-6.26614E-7
-4.853247E-7
1.9694234E-7
-1.6400259E-7
-1.9557282E-7
4.329122E-7
-5.1259065E-8
1.3854428E-7
1.0302721E-6
9.483805E-7
9.4783326E-7
4.5570508E-7
3.4607302E-7
1.3681847E-6
1.728904E-6
9.4825344E-7
1.0208719E-6
-3.0066744E-7
-1.0341435E-6
-2.529578E-7
-8.241875E-7
-1.1559737E-6
-1.5236433E-6
-1.3238356E-6
-1.030431E-6
-2.1692879E-6
-1.2680462E-6
-2.8302497E-6
-1.855346E-6
-2.301452E-6
3.5641432E-7
-1.4905296E-6
1.3262684E-7
-2.9747016E-6
-7.3492714E-7
-1.7900649E-6
4.1582882E-7
-1.7026832E-6
-1.092753E-6
-2.2120016E-6
-1.1117014E-6
-1.8441372E-6
4.8561634E-7
-2.533895E-6
-5.663113E-7
8.426734E-8
-1.2417631E-6
-3.4789218E-6
-2.3543153E-7
-1.7856953E-6
-4.3230222E-7
5.7133286E-7
-1.0318807E-6
-1.9692318E-6
-8.008536E-7
-1.8847938E-8
-2.2756751E-6
-2.024573E-6
-2.842235E-6
-2.751155E-6
3.350324E-7
-1.7483479E-6
-3.714981E-6
-3.2345658E-6
-3.5547941E-6
-2.1842436E-7
-1.1883549E-6
3.8570946E-7
-1.7776053E-6
-1.6504415E-6
-3.5359133E-7
-3.4829443E-6
-3.26293E-8
-2.3376895E-6
2.031546E-6
-6.416968E-7
-9.258864E-8
-2.4325307E-6
1.1269711E-6
-9.3257927E-7
1.8388091E-6
-1.9740644E-6
1.5803527E-6
-7.367566E-8
3.239969E-6
-2.6111961E-6
1.5391695E-6
-5.082683E-7
7.085126E-7
1.2806624E-6
2.832367E-7
-2.1005927E-7
-2.9002686E-6
6.608321E-7
-1.750148E-6
1.5163657E-7
1.1334141E-7
7.0593273E-7
4.4607495E-7
3.2975986E-6
-2.4131105E-6
-1.579472E-8
-5.7154165E-7
1.9933125E-6
2.6578076E-7
3.4130278E-7
3.373063E-6
1.0540887E-6
3.668472E-6
1.5589176E-6
2.5813206E-6
-2.7542083E-6
6.335312E-6
2.4289957E-6
6.7902465E-6
-9.28006E-7
2.5293323E-6
-3.60928E-6
4.2926245E-6
-9.067967E-7
3.3402441E-6
1.1609463E-7
-1.3658849E-6
-3.1037998E-6
-2.00537E-6
-2.0366845E-6
8.038301E-7
-4.4269304E-6
3.6599258E-6
-3.9025053E-6
2.5942431E-6
1.9535524E-7
4.128656E-6
-1.6389307E-6
3.469198E-6
3.869636E-6
5.1729376E-6
2.9994335E-6
6.9726416E-6
6.136871E-6
3.5291823E-6
3.5587439E-6
4.826568E-6
8.4926905E-6
1.3825545E-6
8.1285924E-7
6.3879015E-6
3.1287111E-6
6.6966895E-6
2.8475279E-6
5.3974345E-6
5.0581107E-6
5.4589104E-6
3.1173615E-6
3.9284187E-6
5.2688924E-6
1.393418E-5
3.9386346E-6
9.647015E-6
2.5411825E-6
1.1718698E-5
3.580763E-6
1.6913213E-5
4.012754E-6
8.381973E-6
2.6519747E-6
1.0755409E-5
9.824778E-6
1.6352462E-5
2.7253798E-6
7.073142E-6
-2.6314492E-6
6.5873937E-6
6.6518614E-6
3.4007653E-6
-2.9356204E-6
3.7099242E-6
-7.898946E-7
1.3973239E-6
3.2586968E-6
-2.8218196E-7
-7.686805E-6
-4.6748387E-6
1.2298799E-6
6.2119116E-6
-7.481413E-7
-1.7779137E-6
6.200023E-6
5.223625E-6
-8.126403E-7
-3.582112E-6
-2.0702853E-6
6.6913813E-6
-6.359737E-6
-4.5444094E-6
2.2444415E-6
3.3732138E-6
3.496028E-6
-1.0715877E-7
-3.2494904E-6
6.3538864E-6
-1.07630285E-5
4.295323E-6
-4.860339E-6
2.3762865E-7
-5.9880726E-6
3.4137756E-6
-9.702443E-6
1.637348E-6
-5.14438E-6
1.4867847E-5
-5.0177428E-6
5.222416E-6
3.8262565E-6
6.1853875E-6
-3.834488E-7
7.3561046E-6
-6.7775995E-6
-6.765176E-7
6.616713E-7
-1.1924119E-6
-6.843019E-6
-1.9899003E-6
-8.737155E-6
-2.9601451E-6
-1.38690375E-5
-9.666919E-6
-7.0221695E-6
-9.768282E-6
-8.913194E-6
-6.302825E-6
-1.914784E-5
-1.0871717E-5
-1.1349585E-5
3.0907727E-6
-5.194023E-6
-4.5581137E-6
-8.647933E-6
9.364383E-8
-5.3150156E-6
1.2264678E-5
-5.5809223E-6
1.7195463E-6
-2.289144E-6
2.328282E-5
-4.8805355E-6
1.4255082E-5
3.2179687E-6
6.080503E-6
-9.360168E-6
1.4747001E-5
-5.4573734E-6
1.2794172E-5
-1.3672036E-6
1.7487808E-5
6.095323E-6
1.0951967E-5
-7.6879505E-6
7.5923376E-6
-4.0805503E-6
-1.02924205E-5
-7.433794E-6
-2.5838544E-6
-5.2440596E-6
9.071911E-6
-6.1965698E-6
1.091514E-5
-7.5552966E-6
9.167845E-7
-1.7417718E-5
-5.643645E-6
-1.3365922E-5
-1.22537485E-5
-2.2692766E-5
8.466301E-6
-1.3715206E-5
-1.6942477E-6
-1.496779E-5
-7.3816213E-6
-1.4006696E-5
1.1810845E-5
-1.2206892E-5
-1.7997165E-6
-9.770924E-6
1.3920685E-5
-1.5441368E-5
1.1652141E-5
-1.3850106E-5
2.3169203E-5
-8.512702E-6
7.094208E-6
-9.364632E-6
1.1346036E-5
-5.7566654E-6
1.0967705E-5
-1.2205848E-5
7.129692E-6
-1.2298849E-5
5.3761155E-6
-3.8035355E-6
1.0061053E-5
-2.8246126E-5
-7.5078833E-6
-2.245015E-5
-2.0632182E-5
-3.3877343E-5
-1.3649524E-5
-4.4631888E-5
-3.1482126E-5
-2.7546947E-5
-1.4216085E-5
-3.5858684E-5
-1.6015825E-6
-1.33469475E-5
1.7911725E-6
-2.6652397E-5
-5.9952604E-6
7.841767E-6
2.091837E-5
-1.2979199E-6
2.2486607E-5
9.238967E-6
3.2477223E-5
1.4089569E-5
4.634871E-5
6.414176E-6
2.167419E-5
1.5234649E-5
3.8009814E-5
5.4693464E-6
1.6679536E-5
-1.0976959E-5
1.8885417E-5
-1.3013363E-5
4.5249676E-6
-2.730735E-5
5.263365E-6
-2.6091082E-5
-6.205746E-6
-4.3754375E-5
-9.000441E-6
-2.3815037E-5
4.8364923E-6
8.56651E-6
7.1757304E-6
1.0990439E-6
5.1638317E-6
1.7183088E-6
2.7818669E-5
2.9734958E-5
2.7917005E-5
2.4836841E-5
6.343905E-5
3.7768048E-5
3.3177974E-5
1.16446545E-5
4.323409E-5
1.4893688E-5
2.3980967E-5
1.1840272E-5
2.7905535E-5
2.9046676E-5
2.6452753E-5
-1.6710348E-5
2.6723694E-6
-9.379678E-6
-4.9329537E-6
-2.503022E-5
-9.683727E-6
-3.542787E-5
-9.96187E-7
-1.1206958E-5
7.68641E-6
-3.0092474E-6
2.2237282E-5
-3.616542E-5
-2.9780606E-6
-1.1384845E-5
3.4395656E-5
7.6085526E-6
4.3275322E-5
-1.5528201E-6
1.3496512E-5
1.207677E-5
3.892599E-5
-1.1850449E-5
1.4495107E-5
4.6415485E-6
8.6644595E-6
1.3351245E-5
2.1524946E-5
-2.0506948E-5
1.6073704E-5
9.770855E-6
1.1606959E-5
1.1636884E-5
1.8516866E-5
7.4501195E-6
3.057968E-5
1.0155155E-5
2.4020128E-5
7.5287755E-7
1.066806E-5
-1.4293391E-6
3.0720315E-5
7.675415E-6
3.7368096E-5
-2.1807848E-5
1.5236234E-5
-2.373696E-5
-6.0547524E-7
-2.5721341E-5
-1.9913517E-5
-4.5837445E-5
-9.638098E-6
-7.023771E-5
2.1006555E-5
-6.634146E-5
-2.2578202E-5
-5.1651426E-5
-1.8109084E-5
-5.6589157E-5
-6.1102273E-6
-2.3179038E-5
1.0942526E-5
-1.7806227E-5
1.6567617E-5
1.38378155E-5
3.8937433E-5
1.1793985E-5
5.341276E-5
-2.1340766E-5
3.1491127E-5
1.5948664E-5
3.3398417E-5
-5.0367507E-6
1.49856405E-5
2.7166465E-5
2.0619986E-5
-4.4118833E-6
2.2420123E-5
-1.34877055E-5
2.5099396E-5
2.263783E-5
-2.5438043E-5
-1.5829226E-5
2.3371207E-5
-1.9572533E-5
-3.1952147E-6
-2.0681706E-5
3.8453254E-5
-1.790518E-5
1.2488938E-5
-3.0574716E-5
5.4331937E-5
1.9072728E-5
5.4985907E-5
-1.2921553E-6
2.609449E-5
-3.1859108E-6
6.25028E-5
-2.8580294E-5
7.135079E-5
4.3480186E-6
6.069268E-5
-5.4548923E-6
4.2835887E-5
-8.222582E-6
2.2845088E-6
-5.9659715E-6
3.100788E-5
-4.426081E-5
1.20627965E-5
-2.9577164E-5
1.1608444E-6
-7.421687E-5
-1.2310494E-6
-1.7575472E-5
2.4708472E-5
2.0622343E-5
1.2171704E-5
-4.7099147E-6
3.480903E-5
1.9834462E-5
6.556853E-5
2.3756253E-5
8.612152E-5
-2.1139988E-6
4.2268406E-5
4.488048E-6
2.6126436E-5
2.839878E-6
8.683943E-5
-7.727827E-6
5.40903E-5
-5.0483295E-6
4.7021585E-5
-5.4211738E-5
1.0936035E-5
-3.0611965E-5
6.427871E-5
-6.0268594E-5
7.534615E-6
-9.223432E-5
4.213638E-5
-4.523789E-5
2.1496355E-5
-7.41454E-5
3.2695185E-5
-6.203796E-5
1.1494422E-5
-2.734144E-5
3.004409E-5
-4.014315E-5
5.990194E-5
-1.1541023E-5
4.7981423E-5
-2.644743E-5
5.382663E-5
-4.697993E-5
1.3250423E-5
-2.1977377E-5
5.181314E-5
-2.4721043E-5
8.264562E-6
-1.9661251E-5
6.691532E-5
-8.1836596E-8
2.7202248E-5
1.1109652E-5
3.134821E-5
-1.6168506E-5
5.2068648E-5
-2.8878321E-6
5.0667953E-5
-3.805021E-5
5.5552566E-5
-6.492622E-5
7.0537404E-5
-7.119529E-5
5.117446E-5
-2.6801528E-5
8.0202866E-5
-3.7036956E-5
4.093129E-5
-2.777682E-5
3.305359E-5
-4.753994E-5
4.0879837E-5
-6.266513E-5
2.8732473E-5
-5.935486E-5
1.1459115E-5
-7.5439435E-5
4.145688E-5
-9.546566E-5
2.4498218E-5
-5.2965483E-5
5.6035886E-5
8.14014E-6
5.322453E-5
-3.6307603E-5
7.018976E-5
2.0629551E-7
1.0095341E-4
-1.7651819E-6
8.7103195E-5
-2.144964E-6
1.3009741E-4
2.1135047E-5
7.1733135E-5
-1.36582785E-5
1.06612744E-4
2.428401E-5
9.050917E-5
1.0579841E-5
6.482235E-5
-3.0325853E-5
3.738432E-5
-6.218011E-5
4.7816426E-5
-1.1268735E-4
5.1178595E-5
-9.960024E-5
5.8451584E-5
-7.907575E-5
7.712704E-5
-9.090891E-5
4.8449816E-5
-7.674265E-5
5.849142E-5
-1.0941018E-4
4.5268567E-5
-8.983494E-5
9.707369E-5
-4.165338E-5
1.291228E-4
-1.8499113E-5
6.534765E-5
-3.7208243E-5
3.7936134E-5
-5.4715943E-5
1.0593377E-4
-3.3799628E-5
1.1369516E-4
-3.5083605E-5
9.3558E-5
-7.1884846E-5
1.4684335E-4
-6.05067E-5
9.7109994E-5
-3.1156906E-5
9.39628E-5
-4.677091E-5
7.006085E-5
-8.803071E-5
1.1989883E-4
-8.362566E-5
7.2430994E-5
-6.910814E-5
9.194651E-5
-6.842646E-5
7.6091594E-5
-1.0890395E-4
1.4940304E-5
-1.445995E-4
6.945089E-5
-1.0587866E-4
6.3249856E-5
-1.528905E-4
7.5505246E-5
-8.492898E-5
8.428955E-5
-1.3677015E-4
5.532334E-5
-1.17600764E-4
1.0650059E-4
-1.2102767E-4
7.089483E-5
-9.45328E-5
1.2906678E-5
-4.4366432E-5
4.6489095E-5
-7.292954E-5
4.884325E-6
-5.1309264E-5
3.270777E-5
3.8919454E-5
-1.5319078E-5
6.209037E-5
-3.68647E-5
9.668848E-5
-6.600146E-5
2.3075982E-4
-1.097568E-4
4.6255038E-4
-3.4963049E-4
-0.0019974185
0.0038088518
-0.0012204709
-8.6652243E-4
-0.0010890787
7.148728E-4
-3.2944555E-4
4.7877443E-4
4.399679E-4
8.4960746E-4
-0.0016897564
0.002534359
-0.0011500019
-0.0023500945
-0.0015382082
-4.4577775E-4
4.4030554E-4
0.0025838835
0.0019821408
0.0013403178
-6.445799E-5
-2.7404478E-4
-0.0015529484
-0.0019716031
-0.0020682688
-2.4115508E-5
4.512054E-4
0.0011225152
6.8412954E-4
9.77293E-4
8.155239E-5
2.9901668E-4
-3.0529316E-4
-1.4370546E-5
-2.0239512E-4
5.694116E-5
-1.19352706E-4
9.0257425E-5
-2.0432279E-4
3.059325E-4
1.8056581E-4
3.1628323E-4
-2.4987504E-4
2.6817448E-4
-1.8777898E-4
-1.8025139E-4
-4.3354108E-4
2.491666E-4
2.0994516E-6
2.8913358E-4
-1.7526258E-4
-1.340967E-4
-6.0784956E-4
-3.70436E-4
-5.96842E-4
-3.6438963E-5
-1.958029E-4
1.8336417E-4
3.2272434E-5
2.4761708E-4
-9.328002E-5
1.9430772E-4
6.8670444E-5
2.082451E-4
1.16795534E-4
4.3923574E-4
1.7076902E-4
2.5081687E-4
1.0148905E-4
2.4174554E-4
1.7023174E-4
3.2464848E-4
1.7246319E-4
3.6000108E-4
1.4620167E-4
1.7203682E-4
8.623207E-5
-5.898592E-5
-2.387076E-4
-2.7653083E-4
-3.2717633E-4
-2.8972063E-4
-1.249963E-4
9.816072E-5
-4.2036332E-5
-2.312011E-5
-2.8411375E-4
-3.1643128E-4
-4.280639E-4
-3.5383878E-4
-3.1905883E-4
-1.6714039E-5
7.517201E-5
2.191069E-4
2.7685732E-5
1.1538359E-5
-2.1865308E-4
-3.27469E-6
-1.1483838E-4
2.3537426E-4
9.7975266E-5
4.4444395E-4
2.0272557E-4
2.7726498E-4
-1.5122649E-4
1.787955E-4
2.259241E-5
3.8327096E-4
2.105057E-4
4.7918383E-4
1.1736435E-4
2.1238466E-4
-3.0418806E-4
-3.902805E-5
-2.843586E-4
5.4445856E-5
-1.109154E-4
3.5235123E-4
9.719559E-5
2.4858056E-4
-2.1449475E-4
-5.742797E-5
-3.8660146E-4
-2.1553013E-5
-1.6432678E-4
1.9763283E-4
-1.2723256E-4
1.6038286E-4
-2.243529E-4
1.850301E-4
-3.6024308E-4
7.004917E-5
-1.1191581E-4
2.0033066E-4
-2.2189686E-4
1.7060582E-4
-2.6370247E-4
2.5873448E-4
-1.509406E-4
2.713616E-4
-5.4713826E-5
3.190831E-4
-2.2386255E-4
3.6009733E-4
-1.938197E-4
1.7816844E-4
-2.0158567E-4
2.3625173E-4
-1.7570198E-4
1.7449261E-4
-2.1537613E-4
1.18124066E-4
-2.9769697E-4
1.8954538E-4
-1.7054412E-4
2.077955E-4
-1.4481504E-4
1.5937915E-4
-1.8063733E-4
1.07471875E-4
-1.1359529E-4
1.9757882E-4
-9.590251E-5
1.614841E-4
-3.4471475E-5
1.3395585E-4
-1.394381E-4
6.148251E-5
-1.3799888E-4
4.2707194E-5
-6.647487E-5
1.0262446E-4
9.59252E-6
4.3067463E-5
-2.3471414E-4
-8.453614E-5
-1.9105515E-4
4.0642168E-5
-1.4554662E-5
1.654645E-4
1.2010559E-4
1.5687352E-4
5.8069227E-6
-1.5194971E-5
-1.9103572E-4
-6.2419706E-5
-4.3199034E-5
6.8829046E-5
6.791003E-5
1.0005435E-4
-6.237855E-5
-8.23705E-5
-2.0537798E-4
-2.1446968E-4
-1.9561773E-4
-1.3457256E-4
-6.7428715E-5
-1.359275E-4
-3.3183405E-5
-9.703745E-5
-4.2883872E-5
-4.8652022E-5
7.403032E-5
-5.0571456E-5
1.7490427E-4
8.674736E-6
1.0458324E-4
-9.0468784E-5
8.585439E-5
-5.716494E-5
1.05299274E-4
-2.7155123E-5
1.448206E-4
-5.6587876E-5
1.5982859E-4
8.5788524E-5
1.45975E-4
1.9455385E-5
1.985757E-4
3.6095033E-5
1.3071223E-4
5.491034E-5
1.7075059E-4
1.8754244E-4
2.2991402E-4
1.8521435E-4
1.1316011E-4
1.1723065E-4
1.15592404E-4
4.7390935E-5
-3.2904623E-5
4.0623556E-5
-2.1490006E-5
4.298438E-6
2.4334744E-5
1.5316973E-4
7.213167E-5
5.1424882E-5
-2.1488271E-5
1.1818067E-4
2.130323E-5
1.6888858E-5
7.606757E-5
9.017864E-5
8.865242E-5
3.9714432E-5
-2.5303336E-5
-1.4476768E-5
7.720453E-6
-8.729511E-5
-1.4034761E-5
-4.508979E-5
-6.1032268E-5
-8.213897E-5
-8.20265E-5
-5.620036E-5
-8.221177E-5
-1.6551792E-4
-1.06363426E-4
-2.0840451E-4
-1.4649937E-4
-1.4911706E-4
-2.0568588E-5
-2.259617E-4
1.2263971E-4
-6.129565E-4
2.3530236E-4
2.8964298E-4
-5.7491346E-4
1.3871499E-5
-2.6419645E-4
-5.2872983E-5
-4.6053558E-4
-6.539669E-5
-2.8880592E-4
-7.3829804E-5
-1.0318801E-4
-3.625708E-5
-1.2285414E-4
-1.9979477E-4
-9.484925E-5
-1.7300741E-4
-1.9510878E-4
-1.8750655E-4
1.247546E-4
-1.7285765E-5
4.951771E-5
5.969141E-5
2.402097E-4
-1.3884921E-4
-3.969359E-4
-4.8816987E-4
-1.611082E-4
-3.226257E-5
-1.35037E-4
-4.075704E-4
4.3646354E-4
4.822843E-4
3.7692432E-4
-1.9873485E-4
-2.0659859E-4
-2.7661247E-4
-3.1875193E-4
-5.136302E-4
-3.4356455E-4
-2.5583606E-4
-4.9499277E-4
-5.021496E-4
-3.8429745E-4
-2.5799373E-4
-1.6846965E-4
1.4845969E-4
3.014296E-4
4.7453283E-4
3.636706E-4
4.2769747E-4
1.6139259E-4
1.07987544E-4
-1.21788726E-4
-9.2320914E-7
-1.3436777E-4
-7.551755E-5
-2.5049207E-5
4.4872137E-5
-2.4490798E-4
-2.2856638E-4
-1.2867844E-4
7.1744624E-5
2.2614375E-5
6.9419664E-5
2.3333899E-4
2.425474E-4
2.9228439E-4
3.3777225E-4
4.978958E-4
4.0907672E-4
5.627575E-4
5.496537E-4
6.6181767E-4
5.4919795E-4
5.764805E-4
3.5216345E-4
4.4882784E-4
2.5337655E-4
3.9823557E-4
3.7353052E-4
4.7118997E-4
3.5196028E-4
3.3779195E-4
9.7706936E-5
1.4641244E-4
-1.3114624E-5
-7.57668E-5
-1.9544143E-4
-9.6248594E-5
-1.16745236E-4
-2.176863E-4
-3.321265E-4
-3.61572E-4
-4.1817946E-4
-5.072296E-4
-5.0586177E-4
-5.453114E-4
-3.221105E-4
-3.5325214E-4
-2.845086E-4
-2.7907256E-4
-2.4266947E-4
-1.508751E-4
-1.1533589E-4
2.544424E-5
1.097978E-4
1.5651375E-4
1.0164224E-4
1.4291244E-4
6.527864E-5
8.03292E-5
1.5692937E-4
1.8046191E-4
2.3589631E-4
2.7035404E-4
2.7129432E-4
2.3929305E-4
2.1822887E-4
3.0537817E-4
1.05682E-4
3.1424002E-4
1.8011413E-4
3.0916143E-4
2.7108515E-4
2.7640464E-4
5.7421646E-5
1.0828247E-4
-6.600868E-5
-2.2241447E-5
-1.023216E-4
6.487254E-5
7.718536E-7
-1.0521265E-4
-2.6310404E-4
-2.938939E-4
-2.6857833E-4
-1.852938E-4
-2.2031902E-4
-1.7210774E-4
-2.3091091E-4
-2.1440281E-4
-3.6029393E-4
-2.66493E-4
-2.6073988E-4
-2.1139349E-4
-2.6425874E-4
-2.3312865E-4
-1.6583342E-4
-1.7829204E-4
-1.4996258E-4
-7.410667E-5
-1.5514049E-4
-1.3779027E-4
-1.4260554E-4
-1.0587009E-4
-2.3683839E-4
-8.9713925E-5
-1.5969168E-4
-4.6447214E-5
-7.6991324E-5
2.18974E-6
-3.185995E-5
5.3101627E-5
2.5271556E-5
1.1039489E-4
-1.4937432E-5
5.1019208E-5
4.8956885E-5
-3.6949863E-5
-4.1185536E-5
-5.4314994E-5
-1.19952645E-4
-1.4495718E-5
-2.228308E-4
-7.75646E-5
-1.5314617E-4
-2.167254E-4
-3.57887E-4
-2.5603967E-4
-2.2849924E-4
-1.4637505E-4
-2.3604592E-4
-1.3559792E-4
-3.0840648E-4
-1.9800362E-4
-1.6415704E-4
-1.1134501E-4
-1.464398E-4
3.442488E-5
-5.2572996E-5
4.4792694E-5
-7.913083E-5
2.554035E-5
-3.530977E-5
3.7347938E-5
7.69709E-5
7.231001E-5
-7.2574854E-5
1.4579222E-4
1.3687713E-5
8.664974E-5
2.3929785E-4
1.4197195E-4
7.914931E-5
2.720329E-4
3.961876E-4
3.837773E-4
2.7593315E-4
3.11842E-4
2.5024154E-4
2.1704972E-4
2.0606707E-4
1.3444715E-4
1.8215047E-4
6.577412E-5
7.286263E-5
1.8518844E-5
1.5654057E-5
-4.5137826E-5
-9.917076E-5
-1.5547834E-4
-9.072099E-5
-1.3911759E-4
-1.286374E-4
4.1080515E-5
-7.734166E-5
-1.6688985E-4
-4.314715E-5
-6.168018E-5
-3.3906195E-5
4.265177E-5
-6.988853E-5
-2.4756078E-5
-1.9246766E-6
6.320018E-5
-1.9213912E-5
8.5949425E-5
-1.5876658E-5
2.149433E-4
1.1095943E-4
1.7592919E-4
9.217304E-5
2.540891E-4
2.1348575E-4
4.1655483E-4
3.4272193E-4
4.296915E-4
2.4283463E-4
4.6924315E-4
4.0629943E-4
3.6063575E-4
2.819861E-4
4.3969255E-4
3.872038E-4
2.8945407E-4
3.141062E-4
3.5315732E-4
3.7446097E-4
3.4705753E-4
2.1914484E-4
2.5738406E-4
2.4289057E-4
3.0765525E-4
2.8249106E-4
2.8984717E-4
1.4467568E-4
1.419019E-4
2.529081E-4
1.8036396E-4
1.6503963E-4
2.2132248E-4
8.1709564E-5
1.122234E-4
1.14400624E-4
5.018098E-5
-2.454824E-5
2.3001176E-5
-5.2939817E-5
5.102172E-6
-1.7449139E-4
-1.2356868E-4
-7.094975E-5
-1.7296035E-5
-2.4451566E-4
-1.5153432E-4
-2.0717569E-4
-1.0816052E-4
-3.380813E-4
-1.1578334E-4
-2.7850852E-4
-5.7763962E-5
-1.794304E-4
-1.4750448E-4
-2.3698235E-4
-3.559114E-5
-1.3150823E-4
-9.167227E-5
-2.5671208E-4
-2.2080018E-4
-1.3777442E-4
-1.1445548E-4
-1.5309139E-4
-1.8177768E-4
-1.8436289E-4
-2.3308268E-4
-1.9062964E-4
1.7788307E-5
-4.873672E-5
-1.5466566E-4
-8.879444E-5
-1.2645962E-4
-8.70665E-5
-3.797622E-7
4.0156418E-5
9.379147E-5
-5.6018118E-5
4.434373E-5
7.9875594E-5
-3.1141713E-5
-7.245704E-5
7.404126E-5
-1.0784687E-4
6.4019834E-5
-1.120867E-4
3.0584084E-5
-1.578933E-4
4.012472E-5
-1.3512214E-4
-1.4719991E-4
-9.2366856E-5
1.5395886E-5
-8.693571E-5
5.5279586E-5
-6.860729E-5
-9.546531E-5
-2.1432171E-4
-1.5956469E-4
-3.3756602E-4
-2.7382467E-4
-2.8857635E-4
-3.3739096E-4
-3.751773E-4
-4.8079333E-4
-2.4484828E-4
-2.7645277E-4
-3.6896815E-4
-4.4441444E-4
-3.5248324E-4
-4.8644716E-4
-4.353207E-4
-4.4294118E-4
-4.0587655E-4
-3.0528125E-4
-3.3541422E-4
-5.376544E-4
-5.621282E-4
-5.4920936E-4
-5.123342E-4
-4.918722E-4
-4.5740994E-4
-4.6000807E-4
-3.5975315E-4
-4.7645965E-4
-3.4698963E-4
-2.4636387E-4
-3.2828734E-4
-1.3090206E-4
-2.1399569E-4
-2.1361641E-4
-2.7809478E-4
-5.0504113E-5
-1.8008654E-4
-7.607117E-5
-2.1329573E-4
-1.3881657E-4
-4.047426E-7
-6.040796E-5
-1.01266625E-4
9.683167E-5
-5.247244E-6
1.7333169E-6
1.2197763E-4
-8.567858E-5
2.5858128E-4
8.5668384E-5
-3.1877877E-5
-1.4291116E-4
2.5638868E-5
2.7147491E-5
1.2249796E-4
1.1409018E-4
-6.2440726E-5
-3.3898116E-4
2.569847E-4
-7.086944E-5
-1.286257E-4
-1.2479455E-4
-1.4682773E-4
-1.6713537E-5
-3.0774092E-5
6.4102687E-6
-6.4953207E-7
-3.2129145E-5
-4.6389476E-5
-8.559358E-6
-9.062106E-5
-2.0312027E-4
2.800362E-6
-5.5358996E-5
-1.5679524E-4
-2.899302E-4
-3.1092757E-4
5.828573E-5
1.2780451E-4
1.7845984E-4
-1.4877843E-4
4.195677E-5
-2.3741658E-4
-2.3179033E-4
-1.8706928E-4
9.001509E-6
4.3550004E-5
2.4723879E-5
-3.5725276E-5
5.129687E-5
-1.2332985E-4
-7.458241E-5
-1.1278461E-4
-1.1321009E-4
-1.6858186E-5
6.894541E-5
1.3328726E-4
5.4340842E-5
4.1986917E-5
-1.5475636E-5
-4.8576636E-5
-1.4243466E-4
-3.4913966E-5
9.516867E-5
5.8864545E-5
2.555568E-5
-2.5515094E-5
7.729064E-6
9.376786E-5
2.7022662E-4
2.6275794E-4
1.3326145E-4
2.8840784E-4
3.0919217E-4
2.273173E-5
1.9839834E-4
2.0917169E-4
3.4128677E-4
2.1649161E-4
2.9238907E-4
1.356178E-4
3.1167272E-4
2.572435E-4
3.2622265E-4
2.938209E-4
3.231655E-4
4.0064537E-4
4.3135817E-4
3.1796703E-4
3.6516186E-4
2.692133E-4
3.9349945E-4
2.5015796E-4
1.7235105E-4
1.5963806E-4
1.723931E-4
2.2260935E-4
2.046857E-4
1.819756E-4
1.4858478E-4
4.6159395E-5
-6.1880295E-5
-6.821241E-5
2.7095468E-5
-8.948198E-5
-7.541949E-5
-6.3231986E-5
-1.1432408E-4
-4.8820737E-5
-1.5714795E-4
-1.1730165E-4
-1.3732896E-4
-1.239428E-4
-2.2516533E-5
-1.0314023E-4
-1.5971538E-4
4.647069E-5
-4.2821266E-5
1.4741469E-5
1.0541221E-4
-3.9160826E-5
1.3964534E-4
1.9971404E-4
3.2709044E-4
1.6807993E-4
3.5394152E-4
2.544682E-4
3.925407E-4
3.1836118E-4
4.491843E-4
7.9894025E-4
8.037609E-4
5.79825E-4
5.362168E-4
4.920319E-4
6.53889E-4
5.418454E-4
6.288831E-4
7.5555575E-4
8.559094E-4
8.542591E-4
5.946974E-4
4.4448877E-4
2.475829E-4
1.4713162E-4
3.387539E-4
5.2592164E-4
5.8877433E-4
5.267219E-4
2.5114263E-4
6.459149E-5
-1.7996732E-5
-1.4770807E-4
-2.0666327E-4
-1.7322732E-4
-1.04188366E-4
-6.683901E-5
-1.2695584E-4
-2.1196043E-4
-1.3322754E-4
-1.8699629E-4
-1.4445322E-4
-1.6403916E-4
-1.5776511E-4
-2.6654708E-4
-1.6823105E-4
-2.4806475E-4
-1.2079076E-4
-1.7931865E-4
-2.5849952E-4
-2.6322014E-4
-2.1616832E-4
-3.6080694E-4
-2.2464602E-4
-2.3915098E-4
-3.1363086E-6
-1.7691946E-4
-1.2215118E-4
-1.15705414E-4
-7.820501E-5
-7.7883524E-5
-9.1796544E-5
-1.0178939E-4
9.7827746E-5
6.530038E-5
1.0364707E-4
2.889964E-5
-9.732731E-6
1.1941611E-5
5.459011E-5
6.474009E-5
1.1441235E-4
8.853311E-5
4.755548E-5
-3.1450312E-5
5.4395565E-5
-1.6273526E-4
-8.736496E-5
-1.20167446E-4
-9.622905E-5
-2.2586026E-4
-2.6249085E-4
-2.9027768E-4
-1.6656183E-4
-2.4738215E-4
-1.367311E-4
-3.2193353E-4
-1.457009E-4
-4.6388898E-4
-1.4154756E-4
-3.8366573E-4
-2.8968038E-4
-3.2903644E-4
4.9524875E-5
-2.2585188E-4
-8.432188E-5
-1.9528015E-4
-1.7602084E-4
-3.321065E-4
-1.475569E-4
-1.3293412E-4
-2.7076436E-5
-8.5946565E-5
-2.0944593E-5
-1.5385584E-4
-2.3352008E-4
-3.5653033E-4
-5.043385E-4
-5.075145E-4
-2.7859854E-4
-2.3304959E-4
-1.2112781E-4
-9.7242155E-5
-1.0583699E-4
-3.348897E-4
-4.925544E-4
-6.090871E-4
-5.6529924E-4
-6.353331E-4
-5.377149E-4
-5.288578E-4
-4.6722795E-4
-4.898269E-4
-3.7369062E-4
-5.781042E-4
-3.3674887E-4
-6.026671E-4
-3.6008144E-4
-3.577901E-4
-3.001852E-4
-4.217276E-4
-1.6359697E-4
-3.9402302E-4
-1.7935778E-4
-4.3087848E-4
-3.651366E-4
-3.3197922E-4
-2.1327261E-4
-2.7671456E-4
-2.259579E-4
-1.9996641E-4
-6.359113E-5
-1.2110073E-4
9.1321635E-6
-1.3201249E-4
-1.30664375E-5
9.822352E-5
1.329792E-4
6.2301646E-5
6.952392E-5
9.518366E-5
1.3440801E-4
5.892354E-5
8.5200416E-5
7.531204E-5
7.909559E-6
4.887404E-5
-1.0146704E-4
-1.8776655E-4
-1.8901075E-4
-1.5479952E-4
-1.5803418E-4
-2.6859416E-4
-2.947186E-4
-4.5666224E-4
-5.0505856E-4
-3.5481094E-4
-3.2227577E-4
-5.1981065E-4
-4.961411E-4
-5.453049E-4
-6.0938555E-4
-6.604264E-4
-4.517207E-4
-5.7709625E-4
-4.7216995E-4
-6.33833E-4
-5.75475E-4
-5.745265E-4
-5.2800594E-4
-5.456848E-4
-5.7362794E-4
-4.755749E-4
-4.2919067E-4
-4.0330083E-4
-2.8131655E-4
-2.936395E-4
-3.692125E-4
-3.0574505E-4
-2.2225225E-4
-1.69633E-4
-3.0175273E-4
2.2490887E-5
-2.4042363E-5
5.235961E-5
-4.389458E-5
1.51350205E-5
1.8236977E-5
1.136488E-4
3.975047E-5
1.962456E-5
1.3504212E-4
2.263002E-4
1.5406082E-4
8.872917E-5
2.5913154E-4
2.3171518E-4
2.824194E-4
1.4438186E-4
2.7670944E-4
2.2559772E-4
2.50662E-4
2.4829776E-4
3.4302459E-4
1.5579628E-4
3.0032525E-4
1.921047E-4
4.161652E-4
1.8236648E-4
1.7464878E-4
1.6559428E-4
2.7833425E-4
1.8121368E-4
2.7059956E-4
1.1538991E-4
2.464945E-4
7.733951E-5
2.026887E-4
9.956807E-5
1.1181555E-4
1.0751143E-4
1.594329E-4
1.9979778E-4
1.8513437E-4
1.2992533E-4
2.0299829E-4
1.332548E-4
1.5114581E-4
1.0644333E-4
1.4041053E-4
4.6604302E-5
1.6535587E-4
4.6467267E-5
8.6305205E-5
2.6400964E-4
1.3309093E-4
-2.0234216E-5
3.4725897E-5
2.7742282E-5
7.424656E-5
3.778319E-5
2.0022584E-4
1.3450168E-4
1.9834648E-4
1.4048125E-5
2.592926E-4
1.36418E-4
2.751813E-4
1.4467706E-4
2.2551257E-4
1.2710085E-4
3.57388E-4
3.5761317E-4
4.9028895E-4
3.2714498E-4
5.550044E-4
4.986429E-4
4.896568E-4
5.8577105E-4
5.3736416E-4
5.249576E-4
5.663906E-4
6.5041095E-4
6.8517565E-4
5.6509074E-4
5.824399E-4
6.1018055E-4
4.989473E-4
6.1564177E-4
6.89513E-4
6.128168E-4
5.7476776E-4
5.37343E-4
4.5470416E-4
4.717413E-4
3.9070303E-4
4.5678706E-4
3.4480225E-4
4.5743122E-4
3.1192286E-4
2.4076579E-4
2.352966E-4
1.1945952E-4
1.3717482E-4
-3.6270092E-5
7.608646E-5
-7.418142E-5
-6.961273E-5
-2.1757332E-4
-6.535323E-5
-1.2733582E-4
-4.8953752E-5
-1.7833246E-4
-2.4077095E-4
-2.9861947E-4
-1.2563291E-4
-6.3729E-5
-4.1759486E-5
-1.1609848E-4
-1.2632787E-5
1.3543479E-4
7.8260004E-5
3.2216216E-5
-2.723724E-5
-1.6955826E-4
-7.416936E-5
6.549376E-5
1.5888199E-4
9.407684E-5
2.2540853E-4
4.1181422E-4
3.0232142E-4
4.5240822E-4
2.9068484E-4
4.719656E-4
3.9588558E-4
5.716148E-4
5.7471305E-4
4.7093828E-4
4.2991535E-4
4.4449864E-4
5.360087E-4
4.7053245E-4
4.4821043E-4
4.919603E-4
5.45383E-4
3.6665978E-4
5.862456E-4
5.5122876E-4
4.3994392E-4
3.2419618E-4
4.222832E-4
1.3576869E-4
4.067913E-4
2.0758333E-4
2.038783E-4
1.714414E-4
5.9132988E-5
7.559203E-5
-5.2683656E-5
-1.6621516E-4
2.3409728E-5
-2.0737962E-4
-1.2871042E-4
-2.3235762E-4
-3.2634067E-4
-2.4946226E-4
-4.238895E-4
-3.6869285E-4
-2.8906594E-4
-3.468932E-4
-3.2208354E-4
-4.423728E-4
-4.1369424E-4
-3.045918E-4
-4.022559E-4
-4.0074348E-4
-4.7425932E-4
-3.985373E-4
-2.9036612E-4
-3.1544076E-4
-3.319243E-4
-2.952739E-4
-3.9879608E-4
-3.3103238E-4
-3.7553415E-4
-3.6704048E-4
-2.446727E-4
-2.9916473E-4
-1.9624506E-4
-2.3806193E-4
-1.1389294E-4
-2.121634E-4
-8.871837E-5
-2.1282879E-4
-4.269157E-5
-2.945433E-4
-1.10892746E-4
-8.327828E-5
6.616653E-5
1.519986E-4
7.871469E-5
4.5295154E-5
-2.4693905E-5
-3.3151882E-5
1.5319914E-4
1.3721666E-4
1.3437266E-4
2.291374E-4
3.120037E-4
2.5858893E-4
2.7856405E-4
2.4446865E-4
2.0067971E-4
1.6011033E-4
6.481641E-5
2.45899E-4
1.07162814E-4
2.2527328E-4
6.0468756E-6
6.7277084E-5
9.485187E-5
5.8530863E-5
6.4451044E-5
1.2103123E-4
6.63401E-5
-6.694786E-5
6.723428E-5
-8.82032E-5
-5.1171934E-5
-1.1216824E-4
-1.639732E-4
-6.231217E-5
-1.7196954E-4
-2.9370468E-4
-3.4075545E-4
-3.001725E-4
-1.9819528E-4
-2.2353375E-4
-2.5530564E-4
-3.496779E-4
-2.3912491E-4
-3.196825E-4
-2.88117E-4
-3.5214497E-4
-2.9335375E-4
-2.6178683E-4
-1.4338885E-4
-2.5332096E-4
-1.841741E-4
-2.0165858E-4
-1.1171247E-4
-2.3582167E-4
-1.6344832E-4
-7.013429E-5
-2.379264E-4
-1.7238758E-4
-1.6981142E-4
-1.4958644E-4
-2.7368663E-4
-6.2507104E-5
-1.7903381E-4
-1.5754895E-5
4.4340963E-5
2.9280438E-5
-3.8820366E-5
7.2009774E-5
-1.1430124E-4
-8.953495E-5
-5.1808645E-5
6.8484136E-5
5.5751527E-5
7.270865E-5
3.62472E-5
6.0324768E-5
-2.0893436E-5
1.1409417E-4
1.0570826E-4
2.931065E-4
1.5949465E-4
1.1771177E-4
2.0020796E-4
7.9023856E-5
9.936739E-5
5.984418E-5
1.2692196E-4
-7.0034152E-6
6.623514E-5
-3.1020936E-5
-1.8887948E-5
-7.1539514E-5
-2.0844904E-4
-1.3563644E-4
-1.0989636E-4
-1.2588037E-4
-2.3436236E-4
-1.7683418E-4
-2.4008229E-4
-1.273347E-4
-3.6297808E-4
-3.5837205E-4
-5.183872E-4
-4.2546177E-4
-4.2814703E-4
-3.5911982E-4
-5.341142E-4
-4.6097612E-4
-5.3150195E-4
-5.584308E-4
-4.7052637E-4
-3.838861E-4
-4.416948E-4
-4.00537E-4
-5.1217986E-4
-4.4248786E-4
-4.0284474E-4
-3.7653642E-4
-4.0094825E-4
-2.0904398E-4
-2.4605982E-4
-1.6857982E-4
-1.4899236E-4
-1.3285337E-4
-8.3175284E-5
1.178868E-5
1.841001E-5
1.3115053E-5
1.8566615E-4
1.2427557E-4
1.6327116E-4
2.6136357E-4
2.104798E-4
2.3006309E-4
2.8754227E-4
1.7296265E-4
1.874974E-4
1.6485521E-4
2.8390356E-4
1.5806458E-4
1.9740153E-4
2.574391E-4
5.3564385E-5
5.4927892E-5
1.1795879E-6
1.1521313E-4
2.2939475E-6
8.9149085E-5
-4.8564027E-5
-3.486393E-5
-3.6819576E-5
-1.4761853E-4
-1.888877E-4
-1.1301944E-4
-1.5433754E-4
-1.2733016E-4
-2.5818037E-4
-2.5316942E-4
-3.0254968E-4
-4.0080101E-4
-2.4798047E-4
-3.9041837E-4
-3.8557398E-4
-3.6852667E-4
-3.5232506E-4
-4.4194376E-4
-4.5579698E-4
-4.239374E-4
-2.2416032E-4
-4.3172267E-4
-2.5211205E-4
-3.9729185E-4
-2.7948915E-4
-3.054159E-4
-1.6977436E-4
-3.199702E-4
-2.1375155E-4
-7.987495E-5
-1.8284663E-4
-4.870484E-5
-8.029859E-5
7.073905E-5
1.1687548E-4
1.2240853E-4
2.3344817E-4
1.834391E-4
2.2518304E-4
2.8745647E-4
2.134672E-4
2.7765907E-4
2.4897515E-4
3.4693652E-4
1.4465293E-4
2.2258174E-4
2.2245964E-4
2.7984465E-4
1.8794047E-4
2.4702083E-4
2.8955474E-4
1.8138521E-4
1.1799657E-4
6.8993715E-5
1.6874356E-4
1.5551261E-4
1.755774E-4
9.523805E-5
1.0185445E-4
6.19247E-5
1.5967824E-5
-7.845557E-5
-2.651394E-5
-7.218056E-5
8.441177E-5
4.623499E-5
5.501739E-5
-1.7097777E-4
-1.6657946E-4
-1.0210677E-4
-2.9791867E-5
-6.849224E-5
-2.2086539E-4
-1.46960265E-5
-7.3306155E-6
-8.600286E-6
-1.3696601E-5
4.7560505E-5
-1.6117476E-5
8.6713546E-5
2.3008546E-5
1.2225057E-5
1.2993674E-4
9.0148234E-5
1.7499915E-4
2.8240422E-4
2.6322593E-4
3.486003E-4
3.574927E-4
3.43557E-4
2.1961816E-4
3.3006375E-4
2.3126461E-4
1.5905782E-4
1.4708625E-4
1.3607372E-4
2.2233294E-4
3.499321E-4
3.077418E-4
1.6958186E-4
6.630108E-5
1.3921388E-4
1.8453738E-4
1.2994462E-4
1.7769264E-4
8.771444E-5
1.5974956E-4
1.9099955E-4
1.8689767E-4
1.5161198E-4
1.9995161E-4
8.81184E-5
4.573187E-5
1.8053206E-4
4.7636957E-5
8.916984E-5
1.03950166E-4
4.0008537E-5
7.195542E-5
6.430107E-5
4.8896312E-5
2.4047263E-4
2.0197353E-4
3.9103063E-4
1.9258128E-4
2.411967E-4
2.0419084E-4
3.5385913E-4
1.0875224E-4
1.4999918E-4
1.1720268E-4
2.095995E-4
1.9329548E-4
1.9881841E-4
1.9026961E-4
2.4777852E-4
3.966329E-4
1.0805084E-4
7.377056E-5
9.788447E-5
1.3888205E-4
1.8310364E-4
1.8272361E-4
7.2073424E-5
2.0137994E-4
1.0697103E-4
7.580377E-5
2.2668214E-6
2.3820203E-6
-3.325185E-5
-5.2656296E-6
5.2832915E-5
1.50133E-5
-1.2359436E-4
-7.536728E-5
-1.7717805E-4
-2.505294E-5
8.555924E-6
-4.1012412E-5
-4.608659E-5
-2.2429948E-4
-7.86148E-6
-7.852661E-7
-3.3704523E-6
-9.536004E-5
9.568244E-6
-1.6909387E-4
-3.210326E-5
1.6940814E-5
7.5316704E-5
5.281982E-5
-3.580535E-5
-2.1762742E-5
-1.2984514E-5
-1.4204103E-4
-2.262952E-5
-2.0229448E-4
3.4870278E-5
1.5855478E-5
5.828351E-5
-1.3332212E-4
-2.6427352E-4
-1.4866496E-4
-1.482181E-4
-3.494374E-5
-1.8900879E-7
-1.3731325E-4
-1.20131626E-4
-1.0477182E-4
-2.5585896E-4
-2.5138262E-4
-2.6087518E-4
-3.68672E-4
-2.232511E-4
-3.372097E-4
-2.71948E-4
-2.6129038E-4
-2.6538267E-4
-1.9086836E-4
-3.328057E-4
-2.1638347E-4
-2.8224752E-4
-3.1819128E-4
-2.4489252E-4
-3.2936977E-4
-2.3640473E-4
-2.5226956E-4
-1.17743315E-4
-3.4473705E-4
-2.7659224E-4
-3.0833032E-4
-2.2648132E-4
-2.2404114E-4
-1.30086E-4
-2.8138063E-4
-2.672955E-4
-3.0247017E-4
-8.425566E-5
-1.49214E-4
-1.4447577E-4
-2.5382603E-4
-1.5560974E-4
-9.44388E-5
-1.6975733E-4
-2.0981717E-4
-9.042827E-5
-1.5857219E-4
-3.574491E-5
-7.6864766E-5
-5.2257386E-5
-2.0842817E-4
-1.5699757E-4
-8.949612E-5
-1.3526165E-4
-1.9223635E-5
-2.3284338E-4
-1.2674359E-4
-1.2485743E-4
-1.2915838E-4
-1.7413271E-4
-1.0424254E-4
-1.2537219E-4
-2.1946641E-4
-1.3847469E-4
-1.9959478E-4
-1.528341E-4
-1.3366589E-4
-7.888609E-5
-2.3935664E-4
-6.3714775E-5
-8.2479535E-5
-1.0098744E-4
-1.00108016E-4
5.0430248E-5
-2.888843E-5
-3.923632E-5
-7.92327E-5
-3.357627E-6
-1.4651802E-4
3.4181663E-5
-7.209276E-5
-6.180455E-5
-3.666088E-5
-1.0706753E-5
-1.7007378E-4
-1.022905E-4
-1.2983337E-4
-6.2442814E-5
-6.9601534E-5
-2.6599082E-5
1.7414734E-5
-7.156792E-6
1.6815389E-4
5.5632913E-6
-2.3460667E-5
-6.948968E-5
2.6266303E-5
4.091238E-5
1.244109E-4
5.7482976E-5
-4.1536437E-5
1.788698E-4
1.2903845E-4
1.2053804E-4
1.3884026E-4
1.6288208E-4
6.547112E-5
1.2916556E-4
3.9259434E-5
1.5704487E-4
2.2084441E-5
7.713656E-5
4.809028E-5
1.7963433E-4
7.4248725E-5
1.6178026E-4
9.004291E-5
2.651011E-4
1.6076158E-4
2.6864864E-4
3.220818E-4
2.9522437E-4
2.3811754E-4
4.2753032E-4
2.9798664E-4
3.4307817E-4
1.10093264E-4
1.8144897E-4
3.5680688E-4
2.8874198E-4
2.8115162E-4
2.1703256E-4
2.4254674E-4
2.2201036E-4
2.3389845E-4
1.8032292E-4
2.0366166E-4
2.6470976E-4
1.9060449E-4
1.7752728E-4
2.9808082E-4
1.3795431E-4
7.629526E-5
1.6482509E-4
1.572272E-4
1.231739E-4
8.516415E-5
1.4822153E-4
1.270264E-4
1.1332591E-4
5.069546E-5
1.2758152E-4
2.0847266E-4
6.369113E-5
1.9611475E-4
2.5165078E-4
1.19988305E-4
7.546632E-5
9.0279325E-5
2.7292478E-4
1.18694756E-4
2.2471785E-4
2.6834512E-5
2.1385228E-4
1.7863832E-4
1.295639E-4
8.097188E-5
3.1391348E-4
2.102485E-4
2.6230482E-4
1.5483376E-4
2.5020257E-4
1.3257988E-4
9.539764E-5
1.636371E-4
2.4902401E-4
2.1859034E-4
2.3279853E-4
1.7521816E-4
1.4435497E-4
4.4042343E-5
4.5962556E-6
4.8702195E-6
5.5119704E-5
-4.6363995E-5
-4.1021403E-6
-1.3347823E-4
-1.0863203E-4
-8.624743E-5
-1.0331188E-4
-1.3555083E-4
-9.623679E-5
-9.2445254E-5
-4.686561E-5
-1.0614762E-4
8.654217E-6
-1.6804873E-4
-1.1673242E-5
-1.0081571E-4
7.266155E-5
-1.3382827E-4
-2.702875E-5
-2.496325E-5
8.52394E-5
1.1587371E-5
1.2925176E-4
8.249814E-5
1.3148857E-4
1.98811E-4
2.9528464E-4
2.6178543E-4
2.607975E-4
2.0402667E-4
3.047976E-4
1.8732045E-4
2.0440394E-4
2.7205076E-4
1.8700949E-4
1.4762959E-4
1.8727046E-4
2.4118272E-4
2.2572976E-4
1.4852166E-4
1.8679284E-4
8.748557E-5
-1.3393312E-6
-5.8537876E-7
-2.7336326E-5
-2.7558808E-5
-2.6763719E-5
-3.599919E-5
-4.291304E-5
-1.5546716E-4
-2.484292E-4
-3.1120318E-4
-1.8362048E-4
-3.4914847E-4
-2.840625E-4
-3.4140088E-4
-1.7768657E-4
-2.857173E-4
-2.86517E-4
-3.448241E-4
-1.9571201E-4
-2.990612E-4
-1.9643152E-4
-2.383128E-4
-1.458258E-4
-2.911257E-4
-8.100162E-5
-2.1236473E-4
-5.3548312E-5
-7.903078E-5
2.1002304E-6
7.787434E-5
5.3817494E-5
-2.4044482E-5
7.454934E-5
2.3192307E-4
1.946741E-4
1.8474569E-4
2.7998458E-4
2.642235E-4
2.7976316E-4
1.9536461E-4
1.7235427E-4
1.8377665E-4
1.8424426E-4
1.1837627E-4
1.7891917E-4
1.1235266E-4
6.605769E-5
8.487548E-5
1.17628435E-4
6.593804E-5
1.1132751E-4
1.2779975E-4
9.3312156E-5
-3.8716527E-5
-5.632478E-5
3.3229883E-6
6.2039406E-5
-1.2448257E-4
6.35473E-5
6.450766E-5
9.56543E-5
-9.493213E-5
1.613257E-4
-1.3126632E-4
6.167429E-5
-7.2509494E-5
1.7670874E-4
-1.719513E-5
6.164136E-5
2.7645801E-5
1.928184E-4
-6.880515E-5
1.3307559E-4
-1.6536408E-4
4.799466E-5
6.848645E-5
-2.0065822E-7
-3.6238158E-5
7.986846E-5
9.295782E-6
5.022189E-5
-1.2173266E-4
-5.4891003E-5
2.5877867E-5
-9.8810415E-6
3.599736E-5
-9.710342E-5
-8.542065E-5
1.0011709E-5
-5.068732E-5
-3.6414087E-5
6.387053E-6
-6.058897E-5
-1.2506767E-4
9.402182E-5
-2.7270515E-5
1.1518406E-4
-1.4521E-4
7.970621E-5
-1.6829003E-4
-5.087235E-5
-1.4011379E-5
1.7191694E-4
-1.9469555E-5
1.4043682E-4
8.0296E-6
1.7256223E-4
-3.901693E-5
1.01305566E-4
4.495869E-5
1.6534187E-4
1.7667447E-4
1.6519432E-4
4.9077134E-5
3.3534743E-4
1.02566904E-4
2.878536E-4
1.6314202E-4
2.7384394E-4
1.6039387E-4
3.140954E-4
1.540127E-4
3.0047592E-4
1.7462205E-4
2.3833322E-4
1.04271174E-4
1.5233652E-4
1.5127921E-4
9.793849E-5
9.246639E-5
5.4471282E-5
3.4766417E-5
-2.4263687E-5
-1.4725389E-5
9.340498E-5
-2.5805362E-4
-8.933728E-5
-2.7036935E-4
-9.924803E-5
-2.6645066E-4
-1.7729076E-4
-3.0150198E-4
-1.16845236E-4
-2.9239355E-4
-1.3951502E-4
-3.468215E-4
-1.5622853E-4
-2.6578677E-4
-8.778148E-5
-3.4226268E-4
-9.393831E-5
-2.0986586E-4
-7.1465976E-5
-3.6777323E-4
7.747045E-6
-2.7073917E-4
-6.5257336E-5
-1.3060083E-4
1.048031E-4
-1.230022E-4
-2.1424357E-5
-2.0897535E-4
-1.7518803E-5
-1.2687642E-4
-9.157063E-5
-7.693625E-5
-8.791061E-5
-3.509596E-5
1.4474234E-4
-4.19706E-5
-8.764341E-5
-1.1132985E-5
1.1713968E-4
-2.4912548E-5
-2.8086292E-6
-4.9407718E-5
1.7736535E-5
-2.3640749E-5
1.4412333E-4
-3.3950044E-5
1.3318204E-4
-7.941235E-5
4.9012993E-5
-1.6658958E-4
1.3240908E-5
-2.0479273E-4
-8.0601596E-5
-3.0421425E-4
1.1768731E-6
-2.889714E-4
-6.0650647E-5
-3.805965E-4
-2.920406E-4
-3.7331964E-4
-2.0418531E-4
-3.8600454E-4
-1.5722353E-4
-5.182357E-4
-2.917721E-4
-3.866598E-4
-3.0178102E-4
-6.132673E-4
-4.8095398E-4
-5.298631E-4
-4.5933644E-4
-5.7350885E-4
-3.9358504E-4
-4.2662883E-4
-3.834226E-4
-5.7260966E-4
-4.5617853E-4
-5.1381893E-4
-3.3900188E-4
-4.4053758E-4
-3.154821E-4
-4.7033533E-4
-2.750902E-4
-3.1045836E-4
-2.451284E-4
-3.6088706E-4
-1.8197879E-4
-2.7441038E-4
-3.2057017E-4
-3.9441977E-4
-1.9886404E-4
-2.1941522E-4
-7.600818E-6
-2.368719E-4
-2.490649E-6
-1.9513183E-4
3.417314E-5
-2.3809243E-5
-2.0999223E-5
-1.1067583E-4
-1.2956654E-4
1.6276043E-5
-5.819783E-6
2.4898633E-4
4.737741E-5
1.3975344E-4
-7.735798E-5
4.156058E-4
-6.572665E-4
7.8211183E-4
7.588476E-4
-0.003998572
0.002412582
0.00241125
0.0012711769
-0.0040340926
-1.7981833E-6
0.0015460909
-2.7964602E-4
-0.001361971
4.7145705E-4
-0.0012559828
4.1965075E-4
8.319013E-4
0.001772658
0.0012853738
7.35794E-4
-5.399807E-4
-0.0013905922
-9.557864E-4
-7.587804E-4
-1.6797334E-4
8.020251E-4
4.5090835E-4
5.032135E-4
-3.8401177E-4
1.1615194E-4
-3.1985276E-4
-7.9403486E-5
-6.2143564E-4
-1.9095396E-4
-4.028607E-4
2.6497024E-4
2.3728746E-4
0.0010554254
3.5076827E-4
-1.2530024E-4
-6.1413547E-4
1.7316008E-4
-2.5360825E-4
-6.8459945E-4
-7.6835696E-4
7.290479E-4
8.45717E-4
5.5236515E-4
5.9701054E-4
0.0015233438
0.0013846818
0.0010780115
4.6585276E-4
7.072956E-4
7.331349E-4
5.936984E-4
1.42277E-4
1.6034444E-4
2.7083544E-4
4.7004689E-4
2.1801001E-4
2.6765998E-4
4.4240215E-4
8.6974015E-4
5.1860133E-4
3.163968E-5
-2.2939967E-4
-1.3258855E-4
-5.0071615E-4
-7.200302E-4
-7.682355E-4
-1.8368578E-4
-2.4805104E-4
-3.6567132E-4
-4.1782812E-4
4.0567952E-4
2.647621E-4
1.3249762E-4
-2.7668022E-4
-1.9929814E-4
-1.9350133E-4
-3.1057367E-5
-2.567103E-4
-2.987315E-4
-4.1717783E-4
-1.2356279E-4
5.86542E-5
2.2213261E-4
4.623503E-4
6.028936E-4
5.479736E-4
3.4559847E-4
1.681412E-4
7.873921E-6
-6.5737644E-5
-9.4418945E-5
-2.228907E-4
-5.8233876E-5
1.8924839E-4
5.8589096E-4
6.7081425E-4
4.4252232E-4
4.3695045E-4
3.0225073E-4
8.878418E-5
2.2311277E-4
9.952524E-6
2.367614E-5
-7.4393274E-6
-8.6794855E-5
-1.2884615E-4
9.323516E-5
-6.316773E-5
2.481721E-4
1.1542098E-4
2.7412156E-4
-1.1954211E-6
2.0707179E-4
-6.808167E-5
-2.3096982E-4
-4.0000043E-4
-2.126869E-4
-4.2090192E-4
-4.557924E-5
-1.3424763E-4
1.2224649E-4
-8.9542424E-5
5.7328303E-5
-3.4132612E-5
-3.7156497E-5
-2.0314117E-4
-2.8583802E-6
-2.6963145E-4
-1.8111891E-4
-2.5483558E-4
-2.3742761E-4
-3.7258686E-4
-1.8167855E-4
-2.8249776E-4
-3.1465583E-4
-3.885508E-4
-3.1103802E-4
-2.4291835E-4
-3.0265056E-4
-6.620523E-4
-6.1315775E-4
-2.7709178E-4
-1.2092157E-4
-5.19029E-4
-2.3456907E-4
-4.048943E-4
1.3888835E-4
-4.726081E-4
-4.8187593E-4
-1.9064193E-4
-8.2261984E-5
-3.354057E-4
-4.955548E-4
-5.9414306E-4
-1.15282695E-4
-3.0057656E-4
-3.703529E-5
5.5428696E-5
3.566723E-4
3.5284998E-4
5.165195E-4
5.0451263E-4
5.0833746E-4
2.8447685E-4
4.8327868E-4
3.626325E-4
3.837488E-4
2.7269105E-4
1.1882631E-4
-3.822513E-5
3.347185E-5
8.833828E-5
-1.2707055E-4
-5.121028E-5
-1.3396153E-5
-1.5064139E-5
4.2710613E-5
2.5519797E-5
-1.609156E-4
1.13774964E-4
1.2359001E-5
5.036814E-5
1.9146011E-5
1.3715748E-4
4.451076E-5
1.9003879E-4
5.3380354E-5
3.2783046E-4
2.6766525E-4
3.0802717E-4
1.8747416E-4
3.482802E-4
2.8894102E-4
3.0899022E-4
1.8780217E-4
2.1724503E-4
1.3873494E-6
4.134349E-5
5.855614E-5
4.5899254E-5
-6.739587E-5
1.4834505E-4
-1.297387E-4
-3.467566E-5
-1.0823537E-4
2.5502053E-5
-1.7146696E-4
-1.2615083E-4
-2.0187013E-4
6.380158E-6
-4.2986616E-5
-2.0329138E-5
-5.5593056E-5
-3.5752964E-5
-6.8107714E-5
2.629727E-4
1.0952571E-4
1.5620224E-4
4.0306928E-5
1.9028694E-4
6.642247E-5
1.6854261E-4
-2.892707E-7
9.163027E-5
-9.5197385E-5
1.6649037E-5
-1.2493304E-4
-9.2456416E-5
-1.0062509E-4
-8.8857305E-5
-2.2929239E-4
-2.181331E-4
-2.7210978E-4
-2.7808326E-4
-2.8381916E-4
-2.7036955E-4
-3.1525333E-4
-1.8595603E-4
-2.5840392E-4
-3.7836394E-4
-2.811756E-4
-2.4612976E-4
-2.9571878E-4
-3.3769573E-4
-2.7579174E-4
-2.7290487E-4
-2.4312433E-4
-1.4459706E-4
-6.853787E-5
-2.1290715E-4
-2.5166527E-4
3.5440194E-6
-2.181802E-4
-1.2352351E-4
-6.21923E-5
1.1205745E-4
6.6470544E-5
2.7908167E-4
-6.903626E-5
2.6252406E-4
1.6579509E-4
1.377303E-4
-1.7529659E-4
2.0685862E-4
3.507752E-4
-6.137171E-4
-1.06612395E-4
0.0012942713
-2.3644464E-4
-2.570528E-4
-4.7371563E-4
3.3225387E-4
6.0654354E-5
4.473142E-4
1.4085122E-4
2.2185985E-4
-8.3200706E-5
1.8244247E-4
9.363206E-5
1.5753656E-4
5.7046826E-5
2.282936E-4
1.2006295E-4
2.1198008E-4
1.9008771E-4
1.7129982E-4
-1.1506628E-5
-1.0543468E-4
-1.2234013E-4
1.7839E-4
1.7780633E-4
6.1922346E-4
9.3305967E-4
7.36258E-4
2.750417E-4
-1.4201841E-5
2.1258487E-4
7.876896E-4
4.928564E-4
4.4458333E-4
3.666586E-5
-1.0210385E-4
-3.0155745E-4
-1.3841879E-4
-1.9182707E-4
-1.747485E-4
-1.8280375E-4
-1.8145858E-4
-3.7401365E-4
-1.789828E-4
-1.2294213E-4
1.8312167E-4
1.4166906E-4
3.4551005E-4
3.6194542E-4
6.418228E-4
5.355901E-4
5.636189E-4
5.2286714E-4
5.1208446E-4
1.9979342E-4
1.5710937E-4
6.0774946E-5
2.9491264E-4
3.0909755E-4
3.6202327E-4
4.4984867E-5
3.1975762E-4
3.762391E-4
9.478423E-5
4.1128198E-5
-1.682471E-4
-1.196299E-4
-1.1449762E-4
-2.8013793E-4
-3.4426374E-4
-1.2227299E-4
9.313264E-5
-4.938337E-5
-4.9634356E-5
-1.8997508E-4
-5.5830944E-5
-1.05541745E-4
-1.297878E-4
-2.2551302E-4
2.9800638E-5
3.1843334E-5
2.7701017E-4
2.0300383E-4
3.7783437E-4
2.9848525E-4
3.0356928E-4
1.0455092E-4
5.2840267E-5
3.8776907E-5
-6.796565E-5
-3.4823114E-4
-2.6656373E-4
-2.264438E-4
-1.7271623E-4
-1.4602726E-4
3.233002E-5
1.191766E-4
1.9614173E-4
1.7328272E-4
2.7855944E-5
-1.08068896E-4
-1.2272246E-4
-4.6019373E-5
-1.9076685E-4
8.9806104E-5
-1.4621906E-5
-3.4286066E-5
1.6632883E-4
2.3461545E-4
2.6782995E-4
2.5080613E-4
2.1997206E-5
3.2945576E-5
-4.2161428E-5
5.4804575E-5
-1.5064461E-4
-2.0276169E-4
-1.9557803E-4
-1.8460237E-4
-1.2849351E-4
-1.3390937E-4
1.2757265E-5
-5.2546766E-6
-2.6494763E-5
-3.2446434E-5
-1.2412916E-6
-1.3210425E-4
-1.4619196E-4
-2.9437075E-4
-1.7576365E-4
-2.3394187E-4
-1.2906714E-4
-2.3649645E-4
-7.208995E-5
-2.9139893E-4
-2.621566E-4
-3.6158494E-4
-3.2045855E-4
-3.1099212E-4
-4.6673932E-4
-3.8115474E-4
-5.492452E-4
-4.7381307E-4
-4.7984804E-4
-7.6383236E-4
-6.1279436E-4
-2.739963E-4
-3.3138494E-4
-3.1704752E-4
-5.099256E-4
-4.7587475E-4
-5.148287E-4
-4.94702E-4
-6.868105E-4
-6.811664E-4
-5.9067964E-4
-5.274916E-4
-4.9253565E-4
-4.2720622E-4
-3.809692E-4
-2.8417248E-4
-3.311491E-4
-2.6192405E-4
-1.0389494E-4
-1.7086501E-4
-1.3465437E-4
-2.9840032E-5
-8.3318315E-5
-1.4443473E-4
-4.9928723E-5
-1.2952312E-4
7.58937E-5
-1.2658954E-4
7.146691E-5
-4.767163E-5
-5.2368257E-5
-4.8705035E-5
-1.9212152E-4
-2.7716343E-4
-1.2870217E-4
-1.0266247E-4
-9.89429E-5
-9.876347E-5
-1.2405626E-4
-2.6453432E-4
-2.6564783E-4
-1.06191335E-4
-1.4821158E-4
-7.8750774E-5
-1.0118267E-4
-1.2353412E-4
-7.753598E-5
-1.9873512E-5
9.906202E-6
-6.41116E-5
1.12083064E-4
1.5974623E-4
8.859228E-5
1.5082596E-4
1.0354088E-4
2.3213688E-4
2.2660843E-4
1.606163E-4
2.8487993E-4
2.8585957E-4
3.7448676E-4
2.241268E-4
3.525733E-4
3.8920506E-4
4.2646352E-4
3.7449814E-4
5.181027E-4
4.5218942E-4
3.9769174E-4
4.7163395E-4
4.334406E-4
3.7735782E-4
3.394564E-4
3.3948343E-4
5.208578E-4
3.7233424E-4
5.3628307E-4
4.6377827E-4
3.8293537E-4
4.6652416E-4
5.626072E-4
4.4408534E-4
4.042519E-4
3.7586494E-4
3.579842E-4
3.6260593E-4
3.730237E-4
2.9047328E-4
1.603029E-4
-7.5487806E-6
5.830452E-5
1.9688105E-4
1.0979453E-4
1.08286236E-4
1.6700733E-5
1.3915858E-4
1.3023171E-4
2.0849107E-4
-3.9585306E-5
6.858197E-5
2.7616017E-5
3.6971236E-5
7.042783E-5
-1.2456361E-4
9.785172E-5
6.106096E-5
-2.8274284E-5
9.955336E-6
-5.330515E-5
-5.9317077E-5
2.4024714E-5
-1.4620899E-4
7.992694E-5
2.1478787E-5
1.4226444E-4
1.0100394E-4
1.1564392E-4
1.9375075E-4
1.911745E-4
5.7055808E-5
1.3124118E-4
3.9056937E-5
2.0910059E-4
1.4937513E-4
1.1876111E-4
2.1756011E-4
1.2566274E-4
2.1002894E-4
9.925438E-5
2.1740254E-4
1.4079396E-4
1.1455447E-4
3.5864452E-4
2.8308234E-4
2.6528884E-4
2.2906283E-4
2.183696E-4
2.1508936E-4
1.3555188E-4
1.5227716E-4
2.2529106E-4
1.3274055E-4
2.1913326E-4
3.0660065E-4
3.3748045E-4
3.6053147E-4
4.47317E-4
2.7641366E-4
4.3296107E-4
2.9223697E-4
2.4952897E-4
2.6749706E-4
4.403906E-4
3.7027636E-4
3.965659E-4
2.8225363E-4
2.8592133E-4
2.2090627E-4
1.3319959E-4
1.6924004E-4
3.5129924E-4
1.709825E-4
1.4279105E-4
1.4891045E-4
3.060777E-4
1.9400609E-4
3.166488E-4
2.7961898E-4
9.625605E-5
7.840875E-5
1.04709456E-4
1.0256146E-4
8.3597755E-5
1.2983824E-4
5.8712554E-5
1.7380557E-4
2.1025366E-5
7.595505E-5
-1.3630351E-4
-6.059242E-5
6.7224166E-5
2.6621818E-4
1.1732735E-4
4.6043195E-5
7.3340874E-5
1.1921714E-4
1.8578967E-4
-8.845823E-6
1.5153036E-4
1.013544E-4
5.4526572E-5
5.1371768E-5
2.736773E-5
-3.1348798E-5
-3.5428084E-6
-1.0468512E-4
-4.5655074E-6
-1.3204821E-4
-9.016107E-6
-1.2312915E-4
-1.1809532E-4
-2.1347786E-4
-6.294574E-5
3.355953E-5
-1.545073E-4
-2.3969686E-4
-2.0527556E-4
-7.314417E-5
-1.0910059E-4
-2.2780547E-5
-2.1200623E-4
-8.196471E-5
-1.2928234E-4
-3.6677113E-5
-1.0931272E-4
-5.4418717E-5
-1.08656925E-4
-1.7657185E-4
-2.0241569E-4
-9.9224075E-5
-2.2491717E-4
-2.6920103E-4
-3.3872615E-4
-3.1930758E-4
-4.134678E-4
-2.8059402E-4
-4.0437255E-4
-3.969309E-4
-4.2045317E-4
-3.715279E-4
-3.7076272E-4
-3.5315286E-4
-3.607904E-4
-4.2547373E-4
-4.6099568E-4
-3.8052697E-4
-3.8378077E-4
-4.4049218E-4
-1.5226226E-4
-3.3483622E-4
-3.6010693E-4
-6.611143E-4
-4.918732E-4
-5.3701637E-4
-2.7920995E-4
-2.3677583E-4
-3.4765562E-4
-6.944284E-4
-1.1405218E-4
-1.9086288E-5
-4.2238124E-4
-4.0947643E-4
-4.0033407E-4
-2.5151027E-4
-2.1417013E-4
-1.1239999E-4
-3.9275968E-4
-2.9038457E-4
-4.95682E-4
-3.6907534E-4
-3.672229E-4
-3.4988634E-4
-3.6481797E-4
-1.9488245E-4
-2.5545244E-4
-2.6003516E-4
-1.0303907E-4
-3.0321625E-4
-2.8163436E-4
-4.116227E-4
-3.670099E-4
-1.1722618E-4
-2.0624128E-4
-1.6946677E-4
-3.7976082E-5
-2.8183774E-4
-2.1006931E-4
-3.8010682E-4
-1.5160383E-4
-7.9657926E-5
-1.8838195E-4
-4.3848885E-4
-2.4612749E-4
-2.3784315E-4
-3.007733E-4
-1.9495761E-4
-1.4461526E-4
-2.257619E-4
-1.00826204E-4
-2.3310834E-4
-2.504247E-4
-1.9199858E-4
-2.6146715E-4
-3.314507E-4
-2.6714738E-4
-3.6150246E-4
-3.5873437E-4
-2.0736066E-4
-2.4179951E-4
-9.8855686E-5
-1.9944113E-4
-8.140708E-5
-1.2604086E-4
3.471466E-5
5.5073247E-5
-8.164553E-5
-2.1565538E-4
-1.6400177E-4
-2.8334287E-4
-1.2690289E-4
-4.669545E-5
3.6701975E-5
6.2424742E-6
3.6772664E-5
1.3963343E-4
1.2006691E-4
1.9452031E-4
1.4313315E-4
-8.0639563E-7
-3.9277353E-7
-7.31912E-5
-7.7478064E-5
7.8042394E-5
-3.5008237E-5
1.6840389E-4
8.080307E-5
2.0039741E-4
3.3934123E-4
2.3491579E-4
3.5913978E-4
2.3985938E-4
1.40854E-4
6.421499E-5
1.4039034E-4
9.097995E-7
2.057166E-4
1.745949E-4
3.187797E-4
3.191159E-4
5.595258E-4
5.2334025E-4
5.656588E-4
4.5815844E-4
5.8706256E-4
4.4786904E-4
2.9775308E-4
2.9515865E-4
3.4357904E-4
2.3718068E-4
3.8771002E-4
2.3442639E-4
4.4620328E-4
3.1591734E-4
3.461245E-4
1.8476686E-4
3.259101E-4
2.996015E-4
1.793551E-4
2.2566664E-6
1.3374677E-4
2.6218974E-4
2.5964715E-4
2.6961547E-4
2.8876212E-4
3.9197507E-4
2.4727563E-4
3.4666702E-4
3.2780826E-4
2.8306287E-4
2.4505073E-4
3.4620875E-4
3.682609E-4
3.4600188E-4
3.1168392E-4
4.260594E-4
4.23257E-4
2.9169492E-4
3.8050034E-4
3.0398046E-4
3.8029745E-4
3.288132E-4
3.3104062E-4
3.2017555E-4
3.033234E-4
2.7076132E-4
2.8671644E-4
3.5821856E-4
3.949558E-4
3.9005204E-4
5.1722274E-4
4.8142302E-4
6.3224765E-4
5.3701276E-4
5.422327E-4
5.2475045E-4
6.6271104E-4
6.1868853E-4
4.6385056E-4
4.3506283E-4
5.583481E-4
6.49857E-4
5.1939907E-4
4.579291E-4
5.036342E-4
6.1498873E-4
3.365808E-4
5.29119E-4
3.6778025E-4
3.642198E-4
2.9203677E-4
3.4595822E-4
1.0521778E-4
3.4366935E-4
1.9562653E-4
2.0542662E-4
1.1792413E-4
5.523707E-5
-1.8484601E-5
-9.0796195E-5
-1.4271225E-4
-2.1303889E-4
-1.16543204E-4
-2.6256836E-4
-1.8514463E-4
-3.866536E-4
-2.701502E-4
-2.230251E-4
-3.6965657E-4
-3.5887945E-4
-3.2644812E-4
-3.9203474E-4
-3.9486596E-4
-3.158534E-4
-3.137684E-4
-5.3154834E-4
-4.7343818E-4
-3.955012E-4
-4.2602688E-4
-3.234232E-4
-3.0086847E-4
-3.0150442E-4
-5.1622925E-4
-4.9236167E-4
-3.499334E-4
-3.214076E-4
-3.3126955E-4
-2.862035E-4
-2.8437807E-4
-2.947361E-4
-3.244795E-4
-3.252726E-4
-3.0231473E-4
-1.6312228E-4
-2.1838504E-4
-1.6433663E-4
-7.00545E-5
1.3931919E-4
-2.70698E-5
-1.3779779E-4
-8.519814E-5
-1.5222075E-4
-1.55509E-4
-8.786682E-5
-1.4610421E-4
-1.8388093E-4
-1.16979754E-4
-1.1540981E-4
-2.3113088E-4
-3.0125503E-4
-2.2281709E-4
-1.5055145E-4
-7.475445E-5
-9.763403E-5
4.3820644E-5
-6.0070735E-5
9.7127E-5
1.2496964E-5
7.134379E-5
6.616847E-5
9.424661E-5
6.272546E-5
8.421953E-5
1.2423733E-5
1.0482946E-4
-1.4562351E-5
4.2479027E-5
-1.1325746E-5
-2.2439424E-5
-3.458988E-5
-4.857271E-5
5.1539697E-5
-1.16585295E-4
-5.1599778E-5
-2.7276958E-5
2.0753712E-5
-3.4344932E-5
-4.0814317E-5
-5.4380074E-5
-3.616476E-5
1.7266788E-5
3.545977E-5
2.1287901E-6
-1.2158313E-5
-1.05535415E-4
-1.8366781E-4
-2.1264212E-5
-8.31258E-5
-3.9685943E-5
-6.4810345E-5
5.9242735E-5
-1.4170155E-5
1.8113595E-5
-8.259515E-5
1.3458802E-4
-1.5319476E-5
8.694806E-6
3.2204756E-5
5.272266E-5
2.8812108E-5
9.6756354E-5
5.1734452E-5
8.8673136E-5
4.480899E-5
1.0081583E-4
8.947234E-5
5.2436386E-5
1.7678442E-5
-3.9101098E-5
-1.06667336E-4
2.4210056E-5
1.1073102E-5
7.081396E-5
4.5799192E-5
2.2271517E-5
7.4524E-5
3.1947675E-5
-1.1107362E-5
2.5383351E-5
6.719515E-5
9.346908E-6
5.0170027E-5
2.7626653E-5
-1.032721E-5
9.846233E-5
-7.707499E-5
-4.1322175E-5
-4.094856E-5
-4.763153E-5
-1.6277994E-4
-1.2001312E-4
-1.548465E-4
-1.9686054E-4
-2.2209442E-4
-1.4396894E-4
-3.1107714E-4
-1.6670891E-4
-2.0157247E-4
-1.7199511E-4
-2.1992078E-4
-1.5663212E-4
-2.3899507E-4
-2.2878156E-4
-2.4855428E-4
-1.5678263E-4
-2.0173955E-4
-1.9213774E-4
-8.008973E-5
-5.101794E-5
-1.1994682E-4
7.835252E-6
4.2250816E-5
1.4782972E-4
4.6208857E-5
3.7672882E-5
1.0824454E-5
1.7787011E-4
1.6341671E-4
1.3171676E-4
4.8994054E-5
7.973497E-5
1.3176778E-4
1.4882824E-4
7.6837765E-5
1.7306031E-4
1.2455136E-4
1.1053143E-4
9.247808E-5
2.0850945E-4
2.2076904E-4
1.2371225E-4
9.012565E-5
1.4027624E-4
1.0320588E-4
3.0891245E-4
9.423592E-5
1.8216051E-4
2.4249346E-5
2.9822811E-4
6.654644E-5
3.256818E-4
1.6729326E-4
2.9587073E-4
8.961509E-5
2.7480585E-4
1.5635084E-4
2.5703787E-4
1.0750859E-4
2.9854974E-4
1.589452E-4
2.283519E-4
1.1930282E-4
1.2076164E-4
2.7629125E-5
1.5107551E-4
1.4581722E-4
1.1533682E-4
2.6244532E-5
3.5878664E-5
5.847589E-5
4.2715837E-5
-4.2242493E-5
-1.14055714E-4
-1.6607436E-4
-1.3747366E-4
-1.9015725E-4
-3.046716E-4
-2.4064908E-4
-2.95207E-4
-2.3437802E-4
-2.5568999E-4
-2.3297728E-4
-3.011138E-4
-4.3419472E-4
-3.6858532E-4
-3.52107E-4
-3.72925E-4
-4.9124187E-4
-4.013231E-4
-4.3000685E-4
-3.3716467E-4
-5.1629473E-4
-2.9770695E-4
-4.3833355E-4
-4.601693E-4
-5.4321386E-4
-3.6430988E-4
-5.3288095E-4
-3.3022152E-4
-4.88461E-4
-3.827861E-4
-4.8031617E-4
-3.9922685E-4
-3.9406656E-4
-3.5445264E-4
-2.7122875E-4
-2.416192E-4
-2.2875245E-4
-8.277272E-5
-2.967584E-4
-3.2256806E-4
-2.2715106E-4
-1.5289476E-4
-2.3164153E-4
-2.0711552E-4
-2.7616296E-4
-1.8488755E-4
-1.5130643E-4
-6.956045E-5
-2.2065017E-4
1.7652988E-5
-1.5943176E-4
-1.5425045E-4
-3.1063994E-4
-2.8289645E-4
-4.372934E-5
-1.3019511E-4
-1.6126114E-4
-1.1320187E-4
-1.7527968E-4
-5.181827E-5
-1.4614438E-4
1.3337085E-5
-1.6300715E-4
-3.540472E-5
-2.3910587E-4
-2.1629251E-4
-2.0168127E-4
-5.9022554E-5
-5.2535812E-5
1.1625327E-4
6.968458E-5
6.8704794E-5
2.740032E-5
3.2222996E-4
5.6281944E-5
4.3284782E-4
1.2235837E-4
2.2581055E-4
1.3972077E-4
3.3412344E-4
3.5659058E-4
2.1546624E-4
3.781678E-4
4.2076068E-4
3.5205542E-4
2.5954217E-4
2.712988E-4
3.6572985E-4
3.4165935E-4
3.1102524E-4
4.1622258E-4
3.3461401E-4
3.1560217E-4
3.4734487E-4
4.1529484E-4
4.0542727E-4
3.1315675E-4
3.4999676E-4
2.9582044E-4
2.8675346E-4
2.917682E-4
3.3176082E-4
2.815328E-4
2.7774644E-4
2.2866168E-4
2.6597257E-4
1.8837309E-4
1.4819771E-4
6.3903644E-5
7.1848255E-5
9.1600596E-5
1.5062765E-4
7.4174764E-5
2.1745778E-4
9.3016606E-5
2.0186875E-4
6.24752E-5
8.9991394E-5
5.7144774E-5
1.6556061E-5
6.335826E-5
1.7702294E-5
3.278639E-5
9.68677E-6
-2.2557568E-5
6.0165257E-5
1.0629943E-4
3.1263902E-5
-4.213967E-5
5.710304E-5
-3.0182366E-5
1.9052835E-5
1.353839E-4
-5.927243E-5
7.952342E-5
3.9883256E-5
2.3645567E-5
1.3809097E-4
1.05177285E-4
2.060437E-4
1.307033E-4
1.8782592E-4
1.8681458E-4
2.2377778E-4
2.5515485E-4
7.686757E-5
1.7985629E-4
1.823846E-4
1.3506274E-4
1.7973557E-4
2.9654673E-4
3.7839054E-4
2.7586566E-4
3.9039203E-4
2.688384E-4
3.639355E-4
2.4564855E-4
3.0683106E-4
3.381684E-4
4.2801147E-4
2.603325E-4
3.929328E-4
2.467436E-4
2.0504034E-4
2.660712E-4
3.1586824E-4
2.4477488E-4
2.3436581E-4
3.2145972E-4
3.1767113E-4
2.1064213E-4
2.9497943E-4
1.8107223E-4
2.0264862E-4
1.9834276E-4
2.4941657E-4
2.207501E-4
3.1191032E-4
1.9829092E-4
1.7626301E-4
2.543886E-4
2.7134383E-4
1.1436686E-4
1.2736529E-4
9.815972E-5
6.846354E-5
1.1211248E-5
1.2281693E-4
-7.433111E-6
-4.736521E-5
-9.424713E-5
-1.074787E-5
-1.1745266E-4
4.488576E-5
-9.7948105E-5
-6.122813E-5
-1.354936E-4
-1.3194133E-4
-2.3922765E-4
-1.8676625E-4
-2.2966732E-4
-2.2911398E-4
-2.6480693E-4
-2.0345676E-4
-2.2032461E-4
-3.446814E-4
-4.1509973E-4
-3.8669628E-4
-3.356609E-4
-2.778941E-4
-3.9348006E-4
-4.4852748E-4
-4.84622E-4
-3.5144205E-4
-4.672942E-4
-5.1368703E-4
-5.2295835E-4
-4.0187038E-4
-3.9475365E-4
-4.4425039E-4
-4.537624E-4
-4.7713233E-4
-5.4133893E-4
-4.3600195E-4
-6.6471135E-4
-4.9141614E-4
-5.5765256E-4
-4.6937854E-4
-6.573276E-4
-5.1735924E-4
-7.052129E-4
-3.843626E-4
-6.2865E-4
-4.94763E-4
-6.2713353E-4
-4.5421807E-4
-6.5235083E-4
-5.1373476E-4
-7.8817474E-4
-5.035344E-4
-5.6423416E-4
-4.7614626E-4
-5.5709307E-4
-3.2973714E-4
-3.1309942E-4
-4.0652484E-4
-3.4460856E-4
-1.9608186E-4
-4.4196637E-4
-1.564411E-4
-2.1841573E-4
-1.8117628E-4
-3.6702608E-4
-1.9068313E-4
-2.2264283E-4
-1.120136E-4
-2.0911926E-4
-9.391839E-5
-2.0866864E-4
-1.10591376E-4
-6.708167E-5
-6.8795256E-5
-2.0382353E-4
-2.6237904E-5
-1.2998804E-4
3.573798E-5
-1.165342E-4
8.1899816E-5
-1.2959141E-4
1.6766408E-4
-5.2727223E-6
2.1469679E-4
8.084955E-5
2.207234E-4
3.0023419E-5
2.007537E-4
1.0469275E-4
2.8634857E-4
1.617723E-4
4.0924622E-4
9.979323E-5
2.7151188E-4
1.6632341E-4
3.4617222E-4
1.9522836E-4
3.3174176E-4
2.3053995E-4
4.3633132E-4
1.8707033E-4
3.066067E-4
2.2669129E-4
2.2400988E-4
1.4966575E-4
2.8489277E-4
1.6827183E-4
1.7350989E-4
4.527272E-5
3.3164799E-4
7.2952986E-5
1.7967077E-4
9.597762E-5
2.0466409E-4
7.688017E-5
6.340458E-5
8.2070364E-5
5.029198E-5
-1.9959174E-5
2.787927E-4
5.190528E-5
1.5888528E-4
8.892994E-5
2.0610739E-4
5.814132E-5
1.9298146E-4
-1.5202446E-5
1.397987E-4
9.6432654E-5
1.15602095E-4
-1.0445027E-7
1.4638946E-4
1.838617E-5
9.1352624E-5
-3.4135614E-5
2.0662525E-4
-1.4890421E-5
1.02539765E-4
9.143897E-6
1.826158E-4
1.3820516E-4
8.72811E-5
1.0265914E-4
2.3357915E-4
9.691914E-5
3.5074202E-4
2.5770534E-4
2.9536345E-4
1.9739187E-4
3.7986814E-4
1.9011988E-4
3.6744223E-4
3.093092E-4
4.5375217E-4
3.7011216E-4
4.22134E-4
3.0819493E-4
3.6126297E-4
4.066336E-4
4.7734292E-4
3.6020944E-4
4.9172214E-4
5.397461E-4
6.545084E-4
4.779292E-4
4.7571838E-4
4.4589193E-4
5.446653E-4
4.8431943E-4
6.037318E-4
3.714213E-4
5.144622E-4
3.4591384E-4
5.7806383E-4
4.089748E-4
4.6819766E-4
2.19303E-4
3.7918633E-4
3.4945598E-4
5.106481E-4
2.4448463E-4
3.9411415E-4
1.8501871E-4
3.4517588E-4
2.8397143E-4
3.3202622E-4
3.2484942E-4
2.7366602E-4
2.6473415E-4
2.880607E-4
2.9343352E-4
2.582295E-4
2.0369467E-4
1.8357075E-4
1.0374323E-4
2.33801E-4
2.3425328E-4
1.9577127E-4
2.1158587E-4
3.5731868E-5
1.8694825E-4
1.7946547E-4
5.218364E-5
7.4305084E-5
1.39895155E-5
1.0452089E-4
-7.7529134E-5
-2.549853E-6
1.1195591E-6
-3.1825188E-5
-1.1158101E-4
-2.0457078E-4
-2.2425193E-4
-7.0596565E-5
-1.5158344E-4
-1.7690234E-4
-1.9463511E-4
-1.8963263E-4
-2.788844E-4
-1.3805329E-4
-3.155759E-4
-2.4170926E-4
-4.7312686E-4
-2.7855948E-4
-4.1633673E-4
-2.9092486E-4
-2.4457282E-4
-1.3946102E-4
-2.9235144E-4
-2.6364476E-4
-4.0574255E-4
-1.8878256E-4
-3.7002045E-4
-3.0808154E-4
-3.270738E-4
-2.6888336E-4
-2.9386938E-4
-2.6356644E-4
-4.2349103E-4
-3.0004795E-4
-3.7939945E-4
-3.5341294E-4
-3.3834245E-4
-3.5423876E-4
-3.5430136E-4
-1.9989893E-4
-3.2367292E-4
-1.863398E-4
-2.912893E-4
-3.645452E-4
-3.846358E-4
-2.6445728E-4
-2.8929304E-4
-3.929902E-4
-3.9785405E-4
-3.1171323E-4
-4.2033088E-4
-2.2111156E-4
-3.5179412E-4
-4.6075275E-4
-5.067992E-4
-3.4099608E-4
-3.5454938E-4
-1.240201E-4
-4.4199987E-4
-2.1492867E-4
-3.6349846E-4
-2.2859618E-4
-4.6832816E-4
-2.139662E-4
-3.7849328E-4
-2.2293681E-4
-2.802027E-4
-1.862611E-4
-1.7624664E-4
-2.3368566E-4
-9.7961456E-5
-8.492443E-5
-1.2779291E-4
-5.772736E-6
-1.1212888E-4
2.8653485E-5
2.819512E-7
6.362544E-5
-8.212721E-5
8.760154E-6
6.3194843E-6
1.5950817E-4
-5.4327054E-5
9.471115E-5
1.9724012E-5
1.2975051E-4
1.4557871E-4
2.8366654E-4
5.4185446E-5
2.0841007E-4
9.5579846E-5
2.2685278E-4
1.8037774E-4
1.6733867E-4
1.7730134E-4
4.2374805E-4
1.9187154E-4
2.7374088E-4
1.7446796E-4
3.1486334E-4
1.3606329E-4
3.2629143E-4
3.4081133E-4
2.9258995E-4
1.0598107E-4
2.5933114E-4
1.2770378E-4
4.39935E-4
2.6540598E-4
3.444575E-4
1.2877153E-4
2.9443702E-4
1.8134872E-4
4.025631E-4
2.6364165E-4
3.367333E-4
1.6060419E-4
3.631993E-4
1.7539479E-4
3.6238285E-4
2.523978E-4
4.6556335E-4
2.747813E-4
3.7822252E-4
1.6777332E-4
4.6519464E-4
2.522616E-4
3.812957E-4
3.8442592E-4
4.3247823E-4
2.299498E-4
4.4146815E-4
2.1035665E-4
5.46036E-4
2.3195885E-4
4.1552962E-4
3.0368462E-4
3.681959E-4
3.657059E-4
3.4060312E-4
2.441656E-4
4.687805E-4
2.7185492E-4
3.8039905E-4
2.571877E-4
4.9953785E-4
2.9087375E-4
4.514161E-4
3.086772E-4
4.7362837E-4
1.8885772E-4
4.4115633E-4
3.0368348E-4
4.090946E-4
3.1747375E-4
4.5805713E-4
3.149548E-4
4.8337606E-4
1.5678107E-4
3.242155E-4
2.1677966E-4
3.1245893E-4
1.6660745E-4
2.2443943E-4
1.5564644E-4
2.6541608E-4
2.0027369E-4
3.6201865E-4
1.5350392E-4
2.3341247E-4
6.6893015E-5
2.2502731E-4
6.493798E-5
2.1002082E-4
6.700037E-5
1.0976433E-4
-2.8431861E-5
1.4901595E-4
-1.6980097E-5
1.387472E-4
-9.0546826E-5
1.8024084E-4
-6.788642E-6
1.2118812E-4
-1.0668218E-4
-1.530451E-5
-1.11509115E-4
1.732534E-5
-1.671297E-4
-3.2888936E-5
-6.760792E-5
4.876701E-5
-1.05078005E-4
-5.5868004E-5
-1.9782549E-4
-1.7023041E-4
-2.1843333E-4
-8.0034326E-5
-2.8531853E-4
-1.9187921E-4
-2.4140405E-4
-2.5244706E-4
-2.933784E-4
-2.0313011E-4
-4.1965104E-4
-2.6398536E-4
-3.3829405E-4
-3.7374342E-4
-4.7467556E-4
-3.272522E-4
-4.387124E-4
-4.725288E-4
-5.742773E-4
-4.1225457E-4
-6.15344E-4
-3.800672E-4
-6.6825276E-4
-5.399714E-4
-6.426652E-4
-5.0031714E-4
-6.9230306E-4
-5.214907E-4
-7.632424E-4
-6.0685E-4
-7.9124863E-4
-6.328361E-4
-6.8341277E-4
-6.344702E-4
-7.805426E-4
-5.783118E-4
-6.5149675E-4
-6.010269E-4
-7.315478E-4
-5.971107E-4
-7.67347E-4
-5.4065237E-4
-6.340406E-4
-6.228762E-4
-7.6861377E-4
-4.983283E-4
-4.4106625E-4
-4.9012573E-4
-5.2863255E-4
-4.3217945E-4
-5.0062605E-4
-3.5873975E-4
-2.9343148E-4
-2.0725034E-4
-2.0445837E-4
-1.8218088E-4
-9.5739204E-5
-3.677098E-5
-2.1247257E-5
-8.719522E-5
-1.972897E-4
-6.946563E-5
-1.675895E-4
-1.6362034E-4
-5.018487E-5
8.675382E-5
-1.6361276E-4
9.8618264E-5
-1.4480285E-4
5.0569728E-5
1.740809E-5
-4.280058E-5
-1.08249114E-4
3.755454E-5
-5.9884347E-5
-1.3502255E-4
-7.613027E-5
6.691504E-5
-2.1737473E-5
-4.1255833E-5
-1.0767356E-4
-2.6124613E-5
-2.330422E-4
-1.1129715E-5
-1.2256329E-4
1.3457697E-5
-1.7029425E-4
-1.1068961E-4
-2.5857092E-4
-2.1435194E-4
-1.0829563E-4
-7.758083E-5
-4.0877956E-5
8.500964E-5
-8.703347E-5
8.927141E-5
-2.2259934E-5
-4.410342E-5
2.4912692E-5
2.0462672E-5
-6.713125E-5
-1.62953E-5
-7.352908E-5
-2.6054366E-5
-1.4751071E-5
1.0074463E-4
4.625169E-5
3.5979378E-5
3.793935E-5
3.734399E-5
8.153368E-6
2.321667E-4
1.4111413E-4
2.0212526E-4
8.585018E-5
1.4092964E-4
3.238372E-5
2.3812728E-4
8.345147E-5
2.238149E-4
6.4970525E-5
1.8528718E-4
4.574739E-5
8.193464E-5
1.6060915E-4
3.4760553E-4
1.6001612E-4
1.5778783E-4
1.2642726E-4
3.558267E-4
2.1605144E-4
3.9315605E-4
3.723921E-4
5.0125015E-4
2.869707E-4
3.3954825E-4
1.1146517E-4
3.1141198E-4
3.134121E-4
2.628176E-4
3.4602341E-4
3.5078044E-4
2.6586422E-4
3.219878E-4
3.291991E-4
4.4467085E-4
3.2626415E-4
4.024283E-4
3.8942686E-4
3.8709142E-4
3.9570802E-4
4.6334945E-4
3.4522827E-4
4.5485256E-4
3.372967E-4
4.1091227E-4
2.7944325E-4
4.6241784E-4
3.7957093E-4
3.1260878E-4
2.0465525E-4
3.5293165E-4
1.8206696E-4
1.8808313E-4
1.6561704E-4
3.5683613E-4
2.5404923E-4
2.9757473E-4
2.1387899E-4
2.483335E-4
2.7686878E-4
3.097282E-4
1.9925654E-4
2.2628906E-4
2.4509506E-4
3.43663E-4
1.9355421E-4
2.3546263E-4
1.4049163E-4
3.076083E-4
2.1619009E-4
3.740771E-4
2.375451E-4
2.335069E-4
1.9349369E-4
3.325652E-4
1.9539348E-4
3.5696084E-4
8.923241E-5
2.2572934E-4
3.7431604E-5
2.1575023E-4
1.1205176E-4
8.455857E-5
4.0485997E-5
8.932818E-5
6.850653E-5
7.4885847E-6
-1.523603E-4
2.8121603E-5
-1.6758178E-4
-7.7082885E-5
-2.7362315E-4
-8.0647624E-5
-3.133657E-4
-2.17838E-4
-2.258528E-4
-2.7089092E-4
-3.307475E-4
-2.0929107E-4
-4.028214E-4
-3.4948275E-4
-3.4736074E-4
-3.3639185E-4
-3.602282E-4
-1.8536572E-4
-3.8595026E-4
-2.7526938E-4
-2.7765855E-4
-3.4451127E-4
-3.3952898E-4
-3.0459175E-4
-3.5771108E-4
-3.1329688E-4
-3.373836E-4
-3.2549512E-4
-2.9732054E-4
-4.0134936E-4
-2.535938E-4
-3.4977926E-4
-4.382007E-4
-1.8967089E-4
-3.1473098E-4
-3.6870426E-4
-3.5817345E-4
-2.1801784E-4
-4.9070106E-4
-3.0458276E-4
-4.9631356E-4
-3.272006E-4
-2.2590687E-4
-1.7628093E-4
-3.5984558E-4
-3.0780418E-4
-5.139277E-4
-2.7501202E-4
-4.2526543E-4
-2.4367127E-4
-3.7880617E-4
-3.0352623E-4
-2.2703088E-4
-3.086427E-4
-2.950346E-4
-2.0118104E-4
-4.1532548E-4
-2.1733371E-4
-2.947388E-4
-1.6608501E-4
-1.5753426E-4
-7.058973E-5
-2.230201E-4
-1.3791524E-4
-1.3768839E-4
-3.2701537E-5
-8.4845175E-5
-2.399467E-5
-1.391197E-4
-9.917821E-5
-5.3417414E-5
1.2213993E-4
6.989732E-5
5.964379E-5
2.232416E-5
6.974209E-5
6.290044E-5
1.9576596E-4
6.4826934E-5
2.2748494E-4
1.12397545E-4
2.2380229E-4
8.84855E-5
2.0451464E-4
2.2562464E-4
3.5846257E-4
1.7090485E-4
3.2234954E-4
1.1161816E-4
3.3449693E-4
1.05171326E-4
3.4206564E-4
1.2975058E-4
2.922167E-4
1.2323048E-4
2.2986547E-4
6.7679364E-5
3.6621562E-4
1.7286013E-4
2.8505293E-4
1.2296705E-4
1.3931224E-4
2.0207511E-4
3.75159E-4
2.1554544E-4
3.151255E-4
4.0169674E-5
2.648305E-4
1.9943704E-4
2.2991774E-4
1.9547694E-4
1.7015463E-4
1.00672645E-4
1.1593052E-4
1.3676219E-4
3.4219126E-4
2.2861654E-4
2.2023903E-4
2.0730424E-4
2.643693E-4
2.1049743E-4
3.1608285E-4
1.8838707E-4
2.8755458E-4
2.2116395E-4
3.0640524E-4
1.3854176E-4
3.356936E-4
3.770679E-4
3.9095155E-4
1.7428165E-4
4.6253507E-4
1.6325776E-4
2.0699574E-4
1.2493384E-4
3.4803528E-4
1.9211248E-4
2.736409E-4
1.641535E-4
2.0077078E-4
-3.1600706E-5
6.0409224E-5
3.0916224E-5
2.8686238E-5
2.8312032E-5
7.4852534E-5
-6.627939E-5
-4.086902E-5
-8.361463E-6
7.20541E-5
-7.292243E-5
-1.0262579E-4
1.7676968E-5
-9.113435E-5
-1.7739415E-4
-5.6075005E-5
-1.1800465E-4
-1.4789905E-4
-1.8853493E-4
-1.6524759E-4
-1.6713538E-4
-2.3984992E-4
-2.7747813E-4
-1.2863107E-4
-1.6356658E-4
-1.1073372E-4
-2.4618438E-4
-1.570022E-4
-1.7042407E-4
-9.716441E-5
-1.7996792E-4
-1.820726E-4
-2.7855948E-4
-1.31751E-4
-1.3158805E-4
-1.0741823E-4
-2.4656602E-4
-1.2310428E-4
-1.7033803E-4
-1.6369065E-4
-1.6784457E-4
-1.02837934E-4
-4.2163254E-5
5.7428842E-5
-1.8592984E-4
-2.6291904E-5
-1.5968623E-4
-7.896658E-5
-1.6910932E-4
-1.0993909E-4
-1.3059682E-4
1.7168031E-5
-1.10170025E-4
-1.6038155E-4
-2.3582666E-4
-1.4815743E-4
-1.5301838E-4
-1.1845273E-4
-1.6438922E-4
-2.4367581E-4
-2.765518E-4
-1.3352236E-4
-1.751427E-4
-1.1346782E-4
-2.7858827E-4
-2.514558E-4
-2.14815E-4
-3.735502E-4
-3.5359574E-4
-1.8226047E-4
-2.1957964E-4
-2.6259114E-4
-3.2627373E-4
-2.54349E-4
-2.736216E-4
-1.5068875E-4
-2.8645518E-4
-3.002757E-4
-2.2295823E-4
-1.7548352E-4
-1.600823E-4
-1.5079264E-4
-2.1977683E-4
8.601843E-6
-1.6811606E-4
-1.0230902E-4
-1.8458745E-4
-7.654461E-5
-7.782699E-5
-4.7845682E-5
-1.081655E-4
1.2867685E-5
-2.941464E-5
1.0926099E-4
-3.5129673E-5
1.0426229E-4
-3.8819988E-5
2.1900873E-5
2.9920018E-5
4.8111928E-5
-1.12238806E-4
8.999053E-5
7.376274E-5
9.119106E-5
-8.1929684E-5
8.3848616E-5
1.6123293E-5
9.865459E-5
3.0414358E-5
5.0569153E-5
2.0668402E-4
2.234899E-4
5.4542915E-7
1.0037168E-4
4.891325E-5
7.167564E-5
5.1983952E-5
1.6232274E-4
6.543299E-6
1.7212697E-4
6.8241656E-7
8.066999E-5
1.9512452E-5
1.0408828E-4
-3.4852656E-5
1.328085E-4
6.233218E-5
4.761943E-5
-2.382663E-5
1.040292E-4
-3.461846E-5
1.0173618E-4
-5.6380246E-5
1.4267425E-4
-9.7435084E-5
1.2187029E-4
4.099547E-5
6.64535E-5
-4.8909853E-5
1.5513615E-4
1.0312003E-4
1.0277284E-4
4.692385E-5
6.423525E-5
3.99433E-5
2.225759E-4
-7.4446148E-6
1.9237681E-4
-3.322273E-5
1.3081785E-4
-1.3905289E-5
1.2341456E-4
2.6067812E-5
1.8150822E-4
5.1101015E-5
1.3236587E-4
-1.3903767E-5
1.1360635E-4
-1.2187002E-4
1.2551322E-4
-2.2391843E-5
1.1982737E-4
4.7905705E-5
2.3010823E-4
-1.321818E-4
1.6587463E-4
7.4234995E-5
1.5006345E-4
4.445041E-5
2.0431215E-4
5.9895097E-5
1.1314617E-4
-6.80028E-5
2.4183608E-4
1.2169822E-4
9.072005E-5
2.1009641E-6
3.1308676E-4
2.3726407E-5
1.9254138E-4
2.0547206E-5
1.1124938E-4
9.519506E-5
1.6683753E-4
-4.070348E-5
1.8010657E-4
8.689645E-5
2.2844801E-4
1.5125217E-4
2.3163931E-4
1.3096289E-4
2.8068366E-4
4.2221196E-5
2.4930979E-4
6.016924E-5
3.1928983E-4
1.4250416E-4
2.4072314E-4
3.160884E-5
1.2902825E-4
9.2600065E-5
2.0341753E-4
1.478538E-4
2.3366857E-4
8.850676E-5
1.8637124E-4
6.459951E-5
2.0866006E-4
1.750338E-5
1.9406469E-4
-3.2776214E-5
1.6293144E-4
-5.2761618E-5
1.677463E-4
-8.990875E-5
1.0884322E-4
7.079775E-5
8.7797795E-5
-1.1338484E-4
5.4085693E-5
-7.0930866E-5
9.045585E-5
-9.849056E-5
1.8599509E-4
-1.6537841E-4
-1.8092498E-5
-1.1704102E-4
3.8700626E-5
-1.9003144E-4
5.3350428E-5
-1.2518908E-4
-1.3594839E-4
-1.7619654E-4
1.4385096E-6
-4.905313E-5
1.7600523E-4
-1.2603149E-4
7.035203E-5
-1.5332912E-4
1.1347725E-4
-2.0527073E-4
-1.8345356E-5
-1.5393688E-4
1.3420441E-4
-9.306754E-5
-8.89875E-6
-1.7369803E-4
1.2081546E-4
-1.03373466E-4
5.996959E-5
-1.2494405E-4
1.4919968E-5
-1.3662987E-4
9.0217E-5
-1.5394992E-4
5.320831E-6
-1.4117034E-4
-4.822732E-5
-1.5847464E-4
1.6681342E-6
-2.2729312E-4
-1.7241389E-4
-2.3634304E-4
2.9287885E-5
-1.5651245E-4
-2.3428167E-5
-2.048618E-4
-1.2803615E-4
-1.5623783E-4
-5.441202E-5
-1.09450826E-4
8.859177E-5
-3.1804963E-4
-1.12829795E-4
-2.7802688E-4
-7.449047E-5
-3.3742798E-4
-1.5553853E-5
-3.0383555E-4
-4.1473013E-5
-2.267937E-4
-5.404931E-6
-1.4804937E-4
7.446845E-5
-2.3696147E-4
-6.36638E-5
-2.6209376E-4
4.4781056E-5
-2.6858947E-4
-2.294998E-5
-3.1251958E-4
5.2621843E-5
-2.3267388E-4
2.9098393E-5
-1.09366745E-4
-7.004913E-5
-1.3577027E-4
-6.617407E-5
-1.9269047E-4
-2.342484E-5
-2.466011E-4
3.969755E-5
-1.3940936E-4
1.0918009E-4
-1.4613812E-4
1.7456472E-5
-3.542598E-5
7.656727E-5
-2.245518E-5
8.7776614E-5
2.6771086E-5
9.804227E-5
1.5039476E-5
1.01053556E-4
1.6663465E-5
2.2510985E-4
-7.351398E-5
1.5101928E-4
-8.0087695E-5
1.2987491E-4
-6.440457E-5
1.9393362E-4
-6.709799E-5
2.041369E-4
-1.7446406E-4
1.3711756E-4
-1.2367814E-4
1.4978417E-4
-1.9094581E-5
2.4996762E-4
-2.42034E-5
1.1713279E-4
-5.4430282E-5
9.686284E-5
-5.183227E-5
1.978381E-4
-1.0808207E-4
5.710485E-5
-1.1155371E-4
1.8545761E-4
-8.057847E-6
1.0435724E-4
-2.7391652E-5
1.9565152E-4
2.9493378E-5
1.0097691E-4
2.8952643E-5
1.7627777E-4
1.3279125E-5
1.6250377E-4
-2.0702886E-5
1.9723423E-4
9.793502E-5
1.3950166E-4
2.944144E-5
1.6123154E-4
1.0004089E-4
2.9055457E-4
8.1893675E-5
2.545088E-4
9.523132E-5
2.0936316E-4
4.9738184E-5
2.2055907E-4
1.1164713E-4
2.7235944E-4
5.6829933E-5
2.0024911E-4
2.1167661E-4
3.3444347E-4
1.3925748E-4
4.070734E-4
1.6530855E-4
2.459358E-4
1.3028132E-4
3.8248982E-4
9.4850904E-5
3.3884108E-4
1.18797805E-4
4.276196E-4
1.2983428E-4
4.2352785E-4
9.663853E-7
2.2374262E-4
6.6025306E-5
1.9678925E-4
1.0933376E-4
3.3751302E-4
2.6247364E-5
2.8526553E-4
-5.486151E-5
1.6116943E-4
-7.024054E-5
1.1326102E-4
-2.4555136E-5
9.924529E-5
-1.28093E-4
1.8876603E-5
-7.1693896E-5
1.1912197E-4
-1.6500174E-4
-1.04182844E-4
-2.3023703E-4
5.644967E-5
-2.1339148E-4
-5.4374435E-5
-2.0849651E-4
-8.2598795E-5
-3.841069E-4
-1.4591648E-4
-3.6181012E-4
-1.5007624E-4
-2.441822E-4
-2.1418891E-5
-3.791415E-4
-1.406961E-4
-4.3667582E-4
-1.6912863E-4
-3.7312834E-4
-8.535472E-5
-4.6347242E-4
-1.6531818E-4
-3.5000738E-4
-1.4622675E-4
-5.2526343E-4
-2.0784842E-4
-4.167235E-4
-2.363249E-4
-3.1624024E-4
-1.4680137E-4
-3.946529E-4
-9.661301E-5
-3.7752665E-4
-1.383365E-4
-4.2861802E-4
-1.6801167E-4
-4.58108E-4
-1.686611E-4
-3.8728156E-4
-1.9954331E-4
-2.5582255E-4
-1.7929712E-4
-3.832027E-4
-5.687761E-5
-2.7012662E-4
-3.2716973E-5
-1.852E-4
-6.780466E-6
-1.717589E-4
7.277187E-5
-1.8458835E-4
8.597419E-6
-2.5346762E-4
3.0977626E-5
-7.3026524E-5
5.1724524E-5
-1.8234989E-4
9.7932454E-5
-9.6022464E-5
1.0204359E-4
-2.609672E-4
-8.32176E-6
-1.3370726E-4
-1.1853921E-5
-1.188873E-4
9.171946E-5
-1.8412489E-4
1.24741055E-5
-2.7607466E-4
-1.6667875E-5
-1.8694572E-4
9.1906426E-5
-2.8241987E-4
-7.9887344E-5
-3.118417E-4
-1.5077708E-4
-2.7605385E-4
-1.21640616E-4
-3.381347E-4
-1.10637586E-4
-2.8721208E-4
-4.7492373E-5
-3.158933E-4
-1.2603508E-4
-3.2428704E-4
-1.9420302E-4
-2.855557E-4
-7.278089E-5
-3.245042E-4
-1.9372915E-4
-4.06598E-4
-1.9556539E-4
-2.9772843E-4
-7.909123E-5
-3.171426E-4
8.066062E-6
-2.6113278E-4
-6.46425E-5
-1.672848E-4
4.8891372E-5
-2.479118E-4
1.8512657E-5
-2.0614316E-4
9.3130024E-5
-2.6184384E-4
4.4962184E-5
-1.8696937E-4
1.0096964E-4
-1.5175037E-4
1.0204376E-4
-1.0896184E-4
1.2293502E-4
-1.5904542E-4
2.2942937E-4
-2.3536571E-5
1.0191138E-4
-7.678846E-5
1.6975384E-4
-5.8845962E-5
-1.0562989E-5
-5.1118364E-5
8.7384855E-5
-1.8282031E-4
1.8496183E-4
-5.782021E-5
2.0248334E-4
-1.590742E-5
1.8605466E-4
-5.559563E-5
1.5941334E-4
-1.6688937E-4
1.5232779E-4
-7.8963625E-5
1.6861837E-4
-8.3227176E-5
1.3567573E-4
-6.54171E-5
2.0315054E-4
-1.2620506E-4
7.97949E-5
-5.1775587E-5
2.6271737E-4
-2.08782E-4
4.525805E-5
-1.4008147E-4
1.3419929E-4
-1.9459106E-4
4.6565907E-5
-1.577524E-4
1.2065289E-4
-2.2735342E-4
6.0957842E-5
-2.1653267E-4
5.6384008E-5
-3.2115952E-4
1.3815035E-5
-2.0324263E-4
8.153824E-5
-1.8862767E-4
8.803824E-5
-1.6265332E-4
1.4439065E-5
-3.0518437E-4
5.0185816E-5
-1.16327355E-4
4.0879636E-6
-1.9759515E-4
-3.5466871E-6
-1.6952991E-4
4.508112E-5
-1.5117973E-4
4.9723032E-5
-2.2189223E-4
8.819851E-5
-2.06113E-4
-9.850216E-6
-2.0983929E-4
-8.785441E-5
-3.153095E-4
-1.036566E-5
-2.3569413E-4
1.3766637E-4
-1.9992664E-4
6.876943E-5
-2.3276321E-4
2.4897317E-5
-7.9791185E-5
1.1171079E-4
-1.2004493E-4
7.41637E-5
-2.1623957E-4
4.729894E-5
-4.5960016E-5
1.779361E-4
-1.486426E-4
2.2138613E-4
-5.058213E-5
9.811046E-5
-2.7944936E-5
1.6981996E-4
-8.98144E-5
4.1082218E-5
-7.287355E-5
1.4496996E-4
-7.0228954E-5
2.2759393E-4
-7.234826E-5
2.7572995E-4
-6.1393206E-5
2.4697135E-4
-9.276335E-5
1.5776644E-4
-1.0864386E-4
1.8766322E-4
-7.670445E-5
2.806408E-4
4.7662447E-6
1.9010573E-4
-1.7297005E-4
1.6283931E-4
-6.697558E-5
7.293402E-5
-1.0065529E-4
9.912438E-5
-1.6325993E-4
-7.0310552E-6
-1.7464375E-4
1.9652914E-4
-8.387081E-5
1.1380257E-4
-1.0290248E-4
9.643784E-5
-2.58004E-4
1.03554E-4
-1.3612915E-4
7.769265E-5
-1.3999466E-4
6.9872156E-5
-1.7013637E-4
7.216329E-5
-8.780025E-5
5.2511008E-5
-1.7418998E-4
-3.1346834E-5
-1.8345856E-4
8.565827E-5
-3.2478172E-4
-3.444904E-5
-2.2727122E-4
-5.2878037E-5
-2.4936488E-4
-3.5446647E-5
-2.549253E-4
-7.3053943E-6
-2.4915003E-4
-1.3766148E-4
-2.7558985E-4
-6.286595E-5
-2.8350417E-4
-1.3415531E-4
-2.2717734E-4
-7.740986E-5
-2.9256026E-4
-1.1531118E-4
-3.300052E-4
-1.964188E-4
-4.4336883E-4
-1.4901444E-4
-2.6551003E-4
-1.1879778E-4
-3.3739494E-4
-1.2337133E-4
-2.7948583E-4
-1.6845435E-4
-2.682878E-4
-1.71923E-4
-2.862784E-4
-8.501724E-5
-2.3923695E-4
-1.2898607E-4
-1.2562264E-4
-2.5597006E-5
-1.0245622E-4
5.2614272E-5
-2.5775726E-4
-6.5650274E-5
-1.4840871E-4
-2.7526166E-5
-1.4115972E-4
8.003811E-5
-6.771943E-5
9.394814E-5
-1.4331834E-4
1.0235533E-4
-1.2572201E-4
1.8581741E-4
-6.4202424E-5
1.7739883E-4
-1.10089895E-4
1.5129425E-4
1.35335E-5
2.1541484E-4
-6.500014E-5
2.6844183E-4
7.654484E-5
1.953244E-4
6.426355E-5
3.3944615E-4
5.4073138E-5
2.5038997E-4
1.1801999E-4
3.1817608E-4
7.328043E-5
3.200145E-4
1.5193252E-4
3.5424237E-4
3.4795514E-5
2.8184013E-4
1.8406575E-4
4.0375648E-4
1.5727417E-4
3.546275E-4
2.0730698E-4
5.810946E-4
2.6842125E-4
5.481324E-4
2.2478208E-4
3.0442723E-4
2.3134158E-4
3.8162203E-4
1.304323E-4
4.0618933E-4
2.0246035E-4
3.562201E-4
1.20941215E-4
3.75539E-4
2.996178E-5
2.5052385E-4
4.3819608E-5
2.62539E-4
1.0324838E-4
2.1992646E-4
4.847769E-5
3.2797887E-4
-1.1269473E-4
1.5206139E-4
-8.9549976E-5
9.291685E-5
-1.3624152E-4
1.4354721E-4
-1.7943833E-4
9.7477714E-5
-2.2870235E-4
3.164331E-5
-2.45016E-4
-1.7095108E-4
-3.5029103E-4
-9.464048E-5
-4.1029626E-4
-1.3987464E-4
-4.5530667E-4
-2.6095647E-4
-4.901027E-4
-2.8656615E-4
-4.7846118E-4
-2.4634675E-4
-4.4697843E-4
-2.051049E-4
-4.8292583E-4
-1.5667558E-4
-5.444203E-4
-2.663153E-4
-5.540471E-4
-1.7821763E-4
-5.1790534E-4
-7.768952E-5
-4.7196687E-4
-2.7518542E-4
-5.4251315E-4
-2.4537466E-4
-4.0665196E-4
7.0317315E-6
-4.956575E-4
-2.130589E-4
-4.358015E-4
-1.9208698E-4
-3.7858184E-4
-5.867912E-5
-5.2689953E-4
-1.0093658E-4
-3.440721E-4
4.0934494E-5
-3.545152E-4
1.697634E-5
-4.696135E-4
-5.0758706E-5
-3.1397468E-4
-1.2604067E-5
-3.1575328E-4
2.8438793E-5
-2.7938565E-4
2.840254E-5
-3.187529E-4
9.416908E-5
-3.293655E-4
9.5092815E-5
-1.961166E-4
4.8407604E-5
-2.6928866E-4
1.6113665E-4
-2.475377E-4
7.685043E-5
-1.9855953E-4
1.11662644E-4
-3.0901158E-4
4.078086E-5
-2.3804857E-4
1.3856929E-4
-2.3700736E-4
1.261237E-4
-1.6604796E-4
2.2532602E-4
-1.494952E-4
2.892254E-4
-1.3261895E-4
2.634498E-4
-1.2832142E-4
2.3250231E-4
-9.2433234E-5
2.2540822E-4
-8.771128E-5
2.4640845E-4
-9.856964E-6
1.7405057E-4
-5.2390507E-5
2.6375963E-4
-6.3268184E-5
2.0961372E-4
-1.2417279E-4
3.2854718E-4
-5.66245E-5
2.720889E-4
-1.5430347E-5
1.6524417E-4
-2.6842946E-4
1.7006212E-4
-1.9057111E-4
2.4171619E-4
-1.0193903E-4
2.623686E-4
-1.976664E-4
2.125575E-4
-8.2641185E-5
1.5323395E-4
-1.9340492E-4
1.3045134E-4
-2.5840916E-4
1.2361964E-4
-1.7365279E-4
1.2151096E-4
-1.4384543E-4
8.464543E-5
-2.1627518E-4
7.5829295E-5
-3.156165E-4
-3.70984E-5
-2.7896115E-4
5.3022122E-5
-3.091996E-4
1.1042703E-4
-3.54855E-4
9.984539E-5
-2.8686153E-4
1.5530892E-4
-2.808511E-4
-3.9764986E-5
-2.8642127E-4
-3.0030382E-5
-2.9701943E-4
-2.1820308E-5
-3.3607922E-4
8.764908E-5
-2.5530494E-4
1.2537924E-4
-4.1497833E-4
1.4386005E-5
-3.4002482E-4
1.6171929E-5
-1.0162134E-4
1.9814877E-4
-1.8875895E-4
6.184159E-5
-1.6053165E-4
1.6908492E-4
-1.4154355E-4
2.0675857E-4
-1.7323704E-4
2.4205828E-4
-2.5371975E-5
2.741356E-4
-6.325873E-5
3.501251E-4
2.0978607E-5
3.0587206E-4
-1.0732412E-5
3.96297E-4
5.195769E-5
3.7604832E-4
-7.828398E-5
4.300201E-4
5.691627E-5
3.1388417E-4
6.104406E-5
4.1304284E-4
1.7978068E-4
4.9072516E-4
1.05506515E-4
5.027305E-4
1.5236034E-4
5.255485E-4
1.2799313E-4
5.4740073E-4
1.21344085E-4
4.8548283E-4
1.152593E-4
4.815141E-4
1.3641066E-4
5.019121E-4
1.7591674E-5
4.841473E-4
1.3232428E-4
4.3623042E-4
1.0435647E-4
5.323025E-4
1.242923E-4
3.947769E-4
4.003266E-5
3.9663058E-4
-7.407204E-5
3.7561185E-4
-8.3666346E-5
2.4168225E-4
-1.5474996E-4
3.008997E-4
-1.4758986E-4
3.3661287E-4
-1.8232325E-4
1.09658075E-4
-3.475592E-4
7.721356E-5
-3.8965658E-4
7.088414E-5
-4.1226554E-4
-1.5866985E-5
-5.106662E-4
1.0359506E-5
-3.9498793E-4
-4.2367617E-5
-4.4992386E-4
-4.830349E-5
-4.4447495E-4
7.3795054E-5
-4.819593E-4
-2.4065282E-4
-5.6350307E-4
-1.2900423E-4
-4.8647152E-4
-3.7087066E-5
-4.2641407E-4
-6.907863E-5
-5.474665E-4
-5.4926397E-5
-4.3601712E-4
-8.795051E-5
-4.673244E-4
-5.3232693E-6
-5.9226365E-4
2.0045809E-5
-5.1148894E-4
-2.8246586E-5
-3.806695E-4
-6.641775E-5
-4.1889516E-4
3.496211E-5
-4.5543327E-4
-6.6145294E-5
-4.699982E-4
-3.689507E-5
-2.8750914E-4
9.907611E-5
-3.8753872E-4
-7.761964E-5
-3.7950292E-4
-5.0476072E-5
-4.97255E-4
1.2902953E-4
-3.7764292E-4
1.1694219E-4
-3.887508E-4
1.4964772E-4
-3.8722926E-4
1.2230928E-4
-4.1304695E-4
1.226205E-4
-2.5809987E-4
3.3935273E-4
-3.2004536E-4
1.9453265E-4
-2.6585677E-4
2.0905401E-4
-2.550521E-4
2.2777176E-4
-1.6500303E-4
2.5452077E-4
-1.8158078E-4
1.9316166E-4
-2.7742438E-4
2.6122318E-4
-2.5300903E-4
3.2060492E-4
-3.2018058E-4
2.7342082E-4
-1.9832431E-4
2.832598E-4
-3.6652136E-4
3.0083855E-4
-2.741522E-4
3.169331E-4
-3.234165E-4
3.3155334E-4
-3.4237598E-4
2.7161418E-4
-3.1041034E-4
2.338004E-4
-4.4024576E-4
2.4215947E-4
-3.615232E-4
2.0738054E-4
-3.610293E-4
2.1021687E-4
-4.2504098E-4
1.2630437E-4
-5.4821523E-4
5.8067235E-5
-4.7809645E-4
5.5876713E-5
-5.475012E-4
1.2425687E-4
-5.261985E-4
5.6336045E-5
-6.3358695E-4
5.6262147E-6
-7.036172E-4
6.453289E-5
-5.173565E-4
-1.0819847E-5
-6.085382E-4
1.1499608E-5
-6.5958773E-4
-1.6053904E-5
-6.639746E-4
7.192226E-5
-7.736093E-4
8.71915E-6
-7.0484495E-4
8.139309E-7
-6.5638963E-4
6.1455234E-5
-7.0396607E-4
1.0301069E-5
-6.8123394E-4
4.2222655E-5
-6.408729E-4
-1.0304942E-4
-6.7664345E-4
6.548838E-5
-5.9059873E-4
1.5227521E-4
-4.684789E-4
1.065415E-4
-4.6320283E-4
2.3078291E-4
-4.169774E-4
3.2559686E-4
-4.4842606E-4
4.4823997E-4
-2.8519798E-4
4.6720164E-4
-3.319552E-4
4.4638553E-4
-2.7427828E-4
5.6997966E-4
-1.3084529E-4
5.3621887E-4
-1.6947534E-4
5.855254E-4
-1.2472642E-4
7.075043E-4
-1.0267077E-5
7.1030855E-4
-3.8044476E-5
7.88735E-4
-1.0767672E-4
7.254999E-4
2.516732E-5
7.1701454E-4
-1.230656E-5
6.9897727E-4
-1.2479234E-5
7.105382E-4
-1.5058993E-5
7.3830585E-4
-9.441621E-5
7.701347E-4
-1.4411452E-5
6.7107595E-4
3.347228E-5
6.89856E-4
-9.118594E-5
7.81329E-4
-9.4314135E-5
7.424525E-4
-1.3418306E-4
6.786827E-4
-2.1767599E-5
6.8033993E-4
-1.2398236E-4
5.535873E-4
-2.3016312E-4
5.5794057E-4
-1.879252E-4
4.9227814E-4
-2.837647E-4
4.6884525E-4
-3.1661242E-4
5.2087585E-4
-3.0048733E-4
3.6665122E-4
-3.76499E-4
5.1172124E-4
-3.5880154E-4
3.8450415E-4
-4.8594057E-4
2.505391E-4
-5.983477E-4
4.2475516E-4
-4.7111037E-4
3.1200028E-4
-5.825206E-4
3.253754E-4
-5.7059154E-4
2.6824145E-4
-6.28946E-4
2.1503982E-4
-5.5189594E-4
2.0356734E-4
-5.639365E-4
3.3775953E-4
-5.305083E-4
4.4188497E-4
-5.270521E-4
3.5876987E-4
-5.810897E-4
3.589963E-4
-5.986969E-4
2.990804E-4
-5.894062E-4
1.9626661E-4
-6.040234E-4
3.2531808E-4
-5.120754E-4
2.0958117E-4
-5.5524905E-4
2.6727858E-4
-5.877899E-4
2.43172E-4
-7.026572E-4
3.128856E-4
-6.8136567E-4
2.5008462E-4
-7.731821E-4
2.3949979E-4
-7.055805E-4
2.2708773E-4
-8.6093985E-4
1.6386657E-4
-8.0630777E-4
1.8301615E-4
-7.6996157E-4
3.2690633E-4
-6.709574E-4
2.5192427E-4
-8.013838E-4
3.4202795E-4
-6.6989975E-4
3.2431976E-4
-6.686752E-4
2.6252752E-4
-7.1915495E-4
3.6450388E-4
-6.276707E-4
4.290778E-4
-6.6200586E-4
4.689864E-4
-6.39128E-4
6.1328395E-4
-7.627957E-4
7.006486E-4
-9.3672436E-4
9.231902E-4
-0.0011717819
0.0011179257
-9.003624E-4
6.4734253E-4
4.7366507E-4
-5.887249E-4
-5.892389E-4
7.04024E-4
-4.1799186E-4
4.0611907E-4
-4.7262802E-4
4.7282194E-4
-5.214325E-4
5.744046E-4
-5.991221E-4
5.7651114E-4
-6.260625E-4
5.6837E-4
-6.6626637E-4
5.0025346E-4
-7.1198033E-4
5.793485E-4
-7.844323E-4
5.480149E-4
-6.615045E-4
5.741025E-4
-7.8261393E-4
6.776735E-4
-7.567355E-4
5.767397E-4
-7.844857E-4
6.254339E-4
-8.7760744E-4
5.9976394E-4
-8.6081045E-4
6.026591E-4
-8.802106E-4
5.988191E-4
-8.2716905E-4
7.265899E-4
-7.467643E-4
6.2679895E-4
-9.2638517E-4
7.2077924E-4
-8.339934E-4
7.181981E-4
-8.5151783E-4
7.4481126E-4
-8.948929E-4
6.2767946E-4
-8.90677E-4
5.874741E-4
-9.0783037E-4
8.129493E-4
-9.06489E-4
6.5234397E-4
-8.9900324E-4
6.7435286E-4
-9.753716E-4
6.839476E-4
-0.0010233722
8.335347E-4
-9.1332936E-4
9.2473725E-4
-8.394147E-4
9.0664276E-4
-0.001001767
9.316901E-4
-9.488735E-4
0.0010422372
-9.009343E-4
0.0010668942
-8.802946E-4
0.0011191425
-9.0601575E-4
9.898766E-4
-9.522421E-4
0.0011590923
-7.8735396E-4
0.0013613189
-8.7380904E-4
0.0012780796
-0.0010382022
0.0012890674
-0.0010134592
0.0012802432
-9.6444227E-4
0.001513055
-0.001030564
0.0012647188
-0.0011780567
0.0012291754
-0.0013450173
0.001183152
-0.0013133693
0.0013944241
-0.0010440142
0.0014031025
-0.0012431708
0.0013603433
-0.0013682193
0.0013969033
-0.0014045379
0.0016532881
-0.0013223408
0.0018609992
-0.0013093197
0.0017311312
-0.0013720512
0.0018046524
-0.0014937248
0.0020295738
-0.0012031863
0.0023684467
-0.0013019668
0.0024016579
-0.0015002126
0.0024070519
-0.0017705082
0.0025445498
-0.0017299758
0.0026225268
-0.0017554751
0.0026383104
-0.0017641655
0.0022092767
-0.0019155914
0.0015643068
-0.0016524821
0.0010032689
-4.956703E-4
-1.9682037E-4
7.5499894E-4
-0.0021112121
0.0023282801
-0.004536239
0.004615349
-0.0070445566
0.00787979
-0.00961085
0.01103339
-0.012749377
0.013508957
-0.015725609
0.015121966
-0.01673532
0.015565648
-0.015129809
0.013949428
-0.0065047587
-0.016087057
0.07351042
-0.14803688
0.25395843
-0.27615148
0.3381374
-0.3302185
-0.51309496
0.93856394
0.4972036
-0.6242432
-1.0
-0.5939851
0.02281347
0.2982696
0.96513134
0.41258535
-0.18204747
0.86623114
0.43973678
-0.55906653
-0.582187
-0.16697541
0.116867
0.45249343
0.49107358
0.2835439
0.011826765
-0.05729113
-0.020602742
-0.0702304
-0.08544994
8.834576E-4
0.043122467
-0.046395667
-0.20808552
-0.3229407
-0.32763416
-0.2016192
-0.244979
-0.29268655
-0.2868017
-0.25530267
-0.22462496
-0.20100723
-0.18529835
-0.117618814
-0.010200486
-0.06965306
-0.18299754
-0.15210295
-0.08178981
-0.05265521
-0.038468078
0.026024055
0.097699374
0.08239617
0.03021148
0.013630241
0.032685764
0.081554376
0.11385812
0.14428124
0.13078192
0.09032254
0.05772754
0.054638308
0.05964225
0.08021362
0.11073607
0.13849764
0.123238206
0.12191965
0.114536494
0.07060401
0.045843408
0.05191681
0.06746468
0.09607626
0.11351763
0.14878288
0.13096762
0.08666201
0.064323805
0.052981365
0.031809255
0.026792156
0.05686513
0.09062822
0.108946234
0.13223164
0.08090273
0.0074382587
-0.012511489
-0.0066022617
-0.0016503872
0.027614582
0.05315578
0.05206178
0.03942132
0.031369608
0.006104853
-0.019724995
-0.017103797
0.008234496
0.033496805
0.04827466
0.050490763
0.036663678
0.013492493
0.0035000872
-0.00625894
0.00738749
0.034232724
0.058136195
0.053426363
0.033808198
0.013021318
0.003096397
-0.002579337
0.0080822
0.020262579
0.030065134
0.028269447
0.017683774
0.007105102
-0.0024220238
-0.0108245695
-0.011123914
-0.012297736
-0.0011193658
0.009656835
0.011376793
-3.1154742E-4
-0.0145101
-0.020119486
-0.018000545
-0.027309379
-0.023581086
-0.014314735
-0.0023690565
-0.012056189
-0.021514438
-0.029678373
-0.035882916
-0.03963479
-0.04469687
-0.042422313
-0.042796414
-0.04759459
-0.051946662
-0.053904098
-0.05229733
-0.0583398
-0.054629125
-0.059540626
-0.06497195
-0.06800595
-0.060358115
-0.055209428
-0.047672015
-0.04229453
-0.041123327
-0.04852262
-0.043127824
-0.050588135
-0.049213275
-0.046930257
-0.03822183
-0.027544009
-0.023013974
-0.025814263
-0.03094929
-0.03322846
-0.03481169
-0.04103234
-0.042373084
-0.031590994
-0.016303433
-0.012768936
-0.021992689
-0.03563401
-0.045802213
-0.047058668
-0.036764957
-0.02634829
-0.011831594
-0.0045091426
-0.0042462847
-0.013965128
-0.02094337
-0.026360655
-0.02567825
-0.020257391
-0.010444555
-0.0050426465
4.4921733E-4
-5.4961245E-4
-0.0055362466
-0.013086451
-0.015454395
-0.016142448
-0.012076495
-0.00806255
-0.004076265
-0.004043784
-0.0065034013
-0.011983894
-0.015026358
-0.016065152
-0.013016062
-0.009611813
-0.0066445577
-0.005822369
-0.006222905
-0.008149303
-0.0092226
-0.009782571
-0.008661543
-0.006880225
-0.004629392
-0.0035910835
-0.0028907985
-0.0029282437
-0.0029338002
-0.0030969938
-0.0024731625
-0.0018947595
-0.0010676724
-5.80393E-4
-2.4167997E-4
-2.0719145E-4
-1.6604786E-4
-1.6203386E-4
-1.04939216E-4
-4.7820642E-5
-5.388618E-6
2.1691649E-6
0.0
