* Impulse Response data saved by REW V5.20 Beta 12
* IR is normalised
* IR window has been applied
* IR is not the min phase version
* Source: Microfone (E-MU 0404 | USB), no input selected, Left channel, volume: no control
* Dated: 29/06/2017 15:36:44
* Measurement: jun 29 15:36:44
* Excitation:  128k Log Swept Sine, 1 sweep at -14,0 dBFS  Using a loopback as a timing reference
* Response measured over: 1,8 to 20.000,2 Hz
0.013032566756010056 // Peak value before normalisation
6010 // Peak index
6227 // Response length
2.0833333333333333E-5 // Sample interval (seconds)
-0.125 // Start time (seconds)
* Data start
-0.0
-7.522573E-11
3.6210405E-12
-4.9747534E-10
-2.195868E-9
-1.0468283E-9
-1.6082027E-9
-7.0590214E-9
-1.31733096E-8
-9.678789E-9
-5.3969434E-10
-9.361794E-9
-2.0091253E-9
-1.3940431E-8
3.147929E-8
3.9084416E-8
4.6428564E-8
6.23164E-8
7.4947756E-8
8.64707E-8
1.2625628E-7
1.1648044E-7
1.3578546E-7
1.0612931E-7
1.196158E-7
1.9616587E-8
1.4291598E-7
9.8413494E-8
5.545975E-8
-2.9195947E-8
3.7904684E-8
3.503085E-8
-2.6650424E-8
-2.6824113E-8
4.972009E-8
-2.6308289E-8
1.9173644E-8
-1.7904519E-7
1.3263477E-7
-1.5082776E-8
1.6016511E-7
8.871274E-8
1.3627289E-7
2.2384422E-7
3.9705373E-7
4.099265E-7
4.3387678E-7
3.9581656E-7
6.085293E-7
5.726204E-7
4.4341417E-7
3.235309E-7
4.0961473E-7
3.588133E-7
3.1935002E-7
1.9139522E-7
4.7762245E-7
2.2800769E-7
-2.1204103E-7
-1.572711E-7
-1.7362845E-7
-1.6358648E-7
-3.9426894E-7
-6.665833E-7
-3.997788E-7
-6.6697453E-7
-3.6093638E-7
-8.187316E-7
-8.885267E-8
-2.777462E-7
-5.962287E-8
-4.2580075E-7
-2.999248E-7
2.5642937E-8
4.2487096E-7
2.1827927E-7
5.766475E-7
8.07429E-8
5.756222E-7
1.107158E-6
6.6936195E-7
7.9913826E-7
1.08455126E-7
-1.2504817E-7
5.6178595E-7
3.2833643E-8
2.9565967E-7
-2.8222045E-8
9.958242E-7
-5.639375E-7
-7.873163E-7
-4.9272666E-7
-1.1668321E-6
-4.226707E-7
-1.5222478E-6
-6.565423E-7
-8.090938E-7
-9.903297E-7
-1.8914435E-6
-1.9519339E-6
-1.1285373E-6
-4.558633E-8
-1.1564223E-6
-7.7409953E-7
-1.6752829E-6
-8.2552674E-7
4.13876E-7
-1.17784616E-7
-7.102623E-7
-8.260582E-7
-7.052331E-7
-1.3957402E-6
-1.0758332E-6
-1.4783757E-7
-5.9195196E-7
5.8380374E-7
-2.1889774E-7
-7.603429E-7
-1.4203428E-6
4.3741028E-7
-2.2857175E-7
3.787412E-7
1.557094E-7
5.897063E-7
6.2968024E-7
-2.0440311E-6
-2.18369E-6
9.999589E-8
3.883877E-8
-1.3194991E-6
-2.2871222E-6
-1.6149191E-6
-2.060141E-6
-1.5612532E-6
-2.4794722E-6
-3.3469407E-6
1.0951683E-6
8.1533635E-8
-1.2392502E-6
7.7712775E-7
-1.9729787E-6
5.7660856E-8
9.203551E-7
2.5951556E-7
4.467795E-8
2.284641E-6
-1.1380941E-6
3.1823051E-6
-1.6356657E-6
1.3424701E-6
2.8081452E-6
8.770307E-7
3.1248317E-6
2.89132E-6
-1.5765415E-6
2.3814855E-6
2.7286824E-6
3.0018455E-7
-3.5255844E-6
5.9281376E-7
1.6823869E-9
-1.3334868E-6
-2.0239984E-6
-8.874363E-7
-9.5134124E-7
-2.1842131E-6
-4.9169497E-8
-1.2870993E-6
-2.0997088E-6
-1.6613869E-6
1.5409311E-6
1.7726919E-6
3.7773077E-6
3.7984933E-6
4.8205595E-7
3.4645675E-6
2.3299165E-6
5.060523E-6
1.995517E-6
1.541177E-6
8.907852E-6
4.7499266E-6
-1.6840387E-7
2.1916428E-6
1.158081E-6
9.2404656E-7
1.3611177E-6
4.4592216E-6
2.2431468E-6
2.0528792E-6
4.4541372E-7
4.936301E-6
-4.6770083E-6
1.2964111E-6
-9.777756E-7
3.2111575E-6
2.4299816E-6
5.6328836E-6
5.1844995E-7
4.3397367E-6
2.4330252E-6
4.382183E-6
3.6177069E-6
6.6637967E-6
7.2539965E-6
7.5360244E-6
8.839194E-6
5.3789718E-6
8.3877885E-6
1.0276746E-5
3.6737208E-6
8.380293E-6
7.508855E-6
5.718106E-6
7.8992304E-7
6.38983E-6
5.186502E-6
6.562929E-6
9.090227E-6
9.528133E-6
1.2452344E-5
3.943589E-6
3.703444E-6
6.8263676E-6
2.879161E-6
2.9833645E-6
7.922062E-6
1.1435173E-5
4.5961838E-6
7.199664E-6
8.864962E-6
7.908404E-6
3.6889182E-6
1.7639652E-6
4.572499E-6
6.180247E-6
4.251089E-6
-6.6931007E-6
2.988375E-6
4.7563494E-6
1.0951976E-5
1.9465715E-6
1.7915753E-6
5.4577635E-7
8.47029E-6
1.9121671E-6
1.7996687E-6
7.1111214E-7
4.165064E-6
-7.977114E-7
1.0266799E-5
3.807643E-6
6.924245E-8
2.4371172E-6
1.6238666E-5
2.966061E-6
1.1880859E-5
3.6324504E-6
9.515321E-6
1.2603196E-5
9.170803E-6
-6.863705E-6
3.0615809E-6
-1.320898E-6
5.017454E-6
3.1306874E-6
5.972948E-6
1.3630081E-6
1.8116228E-6
-5.1866627E-6
-1.6851493E-6
-8.257533E-6
3.5604083E-7
-2.1096844E-6
-3.6330146E-6
-6.9424327E-6
-1.2606126E-6
-4.668001E-6
5.4588004E-6
4.287688E-6
1.3772396E-5
6.5582944E-6
5.669185E-6
1.427001E-5
1.1901448E-5
-2.4219537E-7
4.0993427E-6
1.6197922E-5
8.786572E-6
1.1862285E-5
2.0108708E-5
1.3672106E-5
2.4421943E-6
1.3214668E-5
1.3611302E-5
6.896575E-6
4.078583E-6
-1.0657661E-5
9.2011817E-7
9.375855E-6
1.1483884E-5
-2.4711806E-6
1.7399633E-6
4.389665E-6
-8.754827E-6
-5.31839E-7
9.816964E-6
6.933144E-6
1.0531283E-5
-3.0832655E-6
9.770374E-6
4.605075E-6
1.0875388E-5
2.1159007E-5
1.5427793E-5
4.025218E-6
1.3293596E-5
1.6994589E-5
6.2878626E-6
1.1001125E-5
1.8539087E-5
7.4847226E-6
9.822183E-6
3.2772332E-6
-1.4480731E-6
9.780962E-6
-2.1158655E-6
1.1229182E-5
1.2989884E-5
2.3882146E-6
1.7491611E-5
1.3899904E-5
1.833368E-5
6.0208195E-6
5.8688915E-6
-5.7191533E-6
-7.715752E-6
1.6245165E-5
2.1299695E-5
4.619743E-6
-3.4690256E-6
5.0752988E-6
4.847687E-6
6.5775125E-6
-1.5707366E-6
-8.1173785E-6
-5.072664E-6
-1.4925521E-6
-1.4818904E-5
-1.0140737E-5
-1.7191804E-5
-9.7249385E-6
-3.871864E-6
-5.8810647E-6
-2.506242E-6
3.1713118E-6
1.4061159E-6
-7.17178E-7
-6.801545E-6
-7.827385E-6
3.590994E-6
3.788039E-5
1.3918724E-5
1.4392909E-5
1.1026881E-6
1.4765861E-5
6.0676266E-6
1.1309063E-5
1.4318855E-5
1.627353E-5
8.482121E-6
-1.7212855E-5
-2.0688449E-5
2.3408659E-6
-5.052267E-6
-1.3077973E-5
-1.0016973E-5
-3.4846817E-6
-1.4831005E-5
-8.065978E-6
-2.289959E-5
-1.1699214E-5
-1.1733907E-5
2.0245109E-6
-4.1517806E-6
4.0226732E-6
-1.2774658E-6
7.2816883E-6
-8.74317E-7
1.2595763E-5
-1.4331105E-6
2.4135876E-5
7.0578344E-6
1.8274506E-5
1.8247285E-5
5.0383573E-5
2.891962E-5
3.5508452E-5
1.1702976E-5
2.637956E-5
1.7011973E-5
2.959175E-5
6.206326E-6
9.303939E-6
1.8270505E-6
-1.1283524E-6
4.0568113E-7
5.2391924E-6
2.7519054E-6
1.4175051E-5
1.0680511E-6
2.8352457E-5
-8.3340393E-7
2.0856567E-5
-3.4535342E-6
1.8347877E-6
1.4212064E-5
1.6989889E-5
2.8425595E-5
3.6761267E-5
7.0537512E-6
3.5966787E-5
2.6184684E-5
2.9524499E-5
3.3038054E-5
2.2910439E-5
2.3997789E-5
2.080343E-5
5.205945E-6
2.2955499E-5
2.9358653E-5
2.4196909E-6
-5.527204E-7
1.8990713E-5
2.4611536E-6
3.273518E-5
8.999296E-6
4.8902516E-6
2.5959892E-7
2.3234306E-5
5.7905318E-6
-1.444157E-5
1.2833892E-5
6.487558E-6
-2.0385305E-6
3.803863E-5
-2.9954205E-7
-9.537768E-6
1.5729524E-5
1.0493317E-5
6.02554E-6
2.5502044E-5
-2.4537683E-6
9.306335E-6
3.0073616E-5
2.3040713E-5
1.1217405E-5
1.5845144E-5
1.324227E-5
5.713202E-6
-1.191975E-5
9.51525E-6
5.499467E-6
-1.5457144E-6
-1.3756895E-5
-5.7618363E-6
1.0485407E-5
2.672857E-8
3.2037094E-6
2.0610954E-5
-5.696349E-6
1.5647267E-5
-8.255471E-6
-3.7573368E-6
-1.9771156E-5
-1.2290032E-5
8.182056E-6
4.3260825E-6
-1.5134363E-5
-2.0512538E-5
-2.458706E-5
-6.065299E-7
-9.163755E-6
-2.1535156E-5
-7.632158E-6
-1.1120664E-5
-4.0549767E-5
-3.5869685E-5
-2.330097E-5
2.5816294E-6
-2.6435293E-5
-3.3330456E-5
-3.1691507E-5
-2.9736231E-5
-1.729947E-5
1.3557621E-5
1.369632E-5
2.9865443E-5
1.4058597E-5
2.8833498E-5
1.6499778E-5
4.8354154E-6
-2.0809397E-5
7.0344436E-6
3.671969E-6
3.8610565E-7
-3.8653903E-5
-8.7228494E-7
-4.6668497E-6
-1.3590491E-5
7.934646E-6
-8.524184E-6
-7.881034E-6
-2.1770094E-5
-1.9906181E-5
-5.533874E-6
-1.0007218E-5
-1.5816231E-5
-2.5218891E-5
-6.961125E-7
7.638586E-6
-1.1089521E-5
-6.8150966E-6
-1.2956365E-5
-1.2683914E-5
-2.5505877E-5
-1.2043417E-5
1.3576695E-5
-2.1261601E-5
1.7493903E-5
2.086673E-5
1.2035065E-5
1.3029099E-5
-6.1193975E-7
1.736657E-5
-1.8129667E-5
9.402906E-6
-1.6514748E-5
-2.1908745E-6
-2.2878296E-5
-3.2981084E-6
6.305921E-6
-3.245486E-5
5.9917975E-6
-1.2740171E-5
4.0553223E-6
1.1803651E-5
-8.539035E-6
1.6820095E-5
-1.569537E-6
1.0378883E-5
-4.875147E-6
1.2807644E-6
1.957802E-5
-3.9485944E-6
6.976717E-5
3.8037575E-5
2.5500616E-5
2.0619651E-5
2.8055623E-5
1.1095496E-5
4.9252008E-6
-4.8402744E-6
-5.4605252E-6
2.413841E-5
4.1741205E-5
7.999706E-6
-1.5936192E-5
-8.254661E-6
-1.8184977E-5
-8.556703E-6
1.035994E-5
-2.6455913E-5
-2.1038128E-5
1.8815837E-6
-2.5304325E-5
-1.4675888E-5
1.0335271E-5
-2.9277937E-5
-1.801383E-5
-5.3635254E-6
-2.5012641E-5
-2.593586E-5
-4.1712483E-5
-1.3003787E-5
2.4556448E-5
2.7487342E-5
4.9555907E-5
2.3159666E-5
9.40008E-6
-9.793371E-6
2.2681665E-5
8.595214E-6
5.3234042E-5
2.1852138E-5
4.711852E-5
2.1505788E-5
2.2994835E-5
4.255019E-5
3.5654488E-5
8.2735905E-6
1.7022834E-5
1.2931866E-5
2.6528516E-5
-1.8079451E-6
-7.973671E-6
2.5946472E-5
1.0691201E-5
2.5356906E-6
-2.262337E-5
-1.0459793E-5
2.2175791E-5
-1.8826822E-5
4.1292835E-5
-2.5577996E-5
1.7357102E-5
-2.686336E-5
-2.2264972E-5
-1.472808E-5
-1.811319E-5
-3.1085336E-5
-1.3782199E-5
-9.103966E-6
-2.0517024E-5
-7.030341E-6
-2.9944678E-5
1.410071E-5
7.4676723E-6
1.9200988E-5
2.6212812E-5
5.0909905E-5
4.252498E-5
1.4115156E-5
4.8408874E-5
1.8682018E-5
5.175196E-5
3.228145E-5
1.5252566E-5
1.5930618E-5
5.146787E-5
-1.2581183E-5
1.2805921E-5
2.246758E-5
2.2717313E-5
1.0673677E-5
1.09234725E-5
4.035507E-5
1.1059813E-5
-1.10403735E-5
-3.9647666E-6
-1.8674558E-5
1.6794329E-5
-7.669494E-5
3.7378782E-6
-3.2583514E-6
6.0771604E-6
2.2458717E-6
-1.8393006E-5
-6.206485E-5
7.4111936E-6
1.1626128E-5
4.7251473E-5
-1.2087257E-5
-9.144513E-6
-3.178966E-5
-5.8840924E-5
2.9306178E-5
4.1035502E-5
-1.2434186E-5
3.638394E-6
-1.7691114E-5
1.7531534E-5
1.3338241E-5
1.2053389E-5
-1.0165996E-5
3.6822476E-5
1.7939709E-6
3.860321E-5
3.7282891E-6
2.789148E-5
-3.5038029E-6
-1.6581981E-6
-5.892461E-6
-3.6633796E-6
-4.2416406E-5
3.3021815E-6
1.527553E-5
1.2588484E-5
1.9262905E-5
2.1130982E-6
5.186544E-6
-1.4791024E-5
-8.078836E-6
-4.8216443E-5
-4.6321242E-5
-1.8988143E-5
-7.4329546E-5
-3.5785626E-5
-4.3747797E-5
-4.070398E-5
-1.9865114E-5
-7.484562E-5
-6.582882E-5
-4.8685808E-5
1.3960174E-5
-4.3430442E-5
-2.3793182E-5
-2.3911562E-5
-3.3326403E-5
-5.9404814E-5
1.3965855E-5
-8.118967E-5
-1.1533145E-5
-3.4656354E-5
2.614683E-5
-7.653633E-5
4.2901927E-5
-7.799243E-5
1.0018022E-4
-1.313163E-4
1.14265546E-4
-1.2210969E-4
1.04508E-4
-1.8907935E-4
2.875789E-4
2.3502976E-4
-0.002641083
0.0031825737
-6.3039734E-6
-9.0864487E-4
-0.0011360821
2.4250743E-4
-2.6395635E-5
-8.313964E-5
7.269641E-4
-3.3739497E-4
-1.2718884E-5
0.0029319632
-0.0015741437
-0.002151217
-0.001813775
-9.506433E-4
2.2565303E-4
0.0019244127
0.0019597302
0.001587867
4.7991786E-4
-2.619096E-4
-0.0012760822
-0.0020157474
-0.0015013202
-5.5845885E-5
7.211072E-4
9.5277873E-4
6.1777653E-4
2.030729E-4
-4.693066E-4
-3.629775E-4
-5.836947E-4
-2.9555717E-4
1.4663627E-4
2.3980152E-4
1.837623E-4
1.6355187E-4
1.168538E-4
3.9118287E-4
6.7063794E-4
4.8802566E-4
1.5275435E-4
3.1597656E-4
4.4844594E-5
-3.806252E-4
-3.088477E-4
4.186773E-5
6.7281086E-5
-1.0611966E-4
-2.4270115E-4
-5.3381326E-4
-7.170818E-4
-7.1956945E-4
-5.9937104E-4
-3.4301888E-4
-7.366332E-5
-1.159697E-4
1.7073484E-4
-1.0657879E-4
-1.0024067E-4
-2.7651602E-5
2.644318E-4
1.8142856E-4
5.389386E-4
4.5925952E-4
4.1714037E-4
1.300599E-4
3.9942813E-4
1.3609012E-4
4.7898383E-4
2.8756974E-4
4.7820478E-4
2.821661E-4
4.119962E-4
3.6698715E-5
2.8550846E-4
-6.868025E-5
-9.560219E-5
-3.8102712E-4
-1.4852456E-4
-4.676088E-4
-5.3195457E-5
-2.1036458E-4
1.4704531E-5
-2.161821E-4
-1.649576E-4
-5.551975E-4
-3.7282112E-4
-5.6415E-4
-2.5717047E-4
-2.6264213E-4
8.48432E-5
-4.536674E-5
1.9378397E-4
-2.2115289E-4
2.514899E-5
-1.9354465E-4
9.7508884E-5
1.5674617E-5
4.2261256E-4
2.4246298E-4
2.8831212E-4
1.0628764E-4
1.4497116E-4
-1.4264645E-5
2.451139E-4
2.4650607E-4
5.110584E-4
2.9095766E-4
3.0279098E-4
4.6613404E-5
-3.658249E-5
-1.0734506E-4
-3.089168E-5
6.1953506E-5
1.4749583E-4
1.5302924E-4
2.098459E-4
3.595084E-5
-4.6208195E-5
-1.04446524E-4
-9.358988E-5
-7.0078284E-5
-2.376358E-5
-1.20681725E-5
-6.3295956E-5
-6.7067405E-5
-8.0459075E-5
3.7086495E-5
-5.5553555E-5
-2.9921488E-5
-4.4713033E-5
-2.7486432E-5
-2.0316966E-4
-1.0943071E-4
-1.6486284E-4
1.7714723E-5
5.371769E-6
2.099411E-4
3.673091E-5
1.1848168E-4
-9.444095E-5
1.170196E-4
-3.7711638E-5
1.2584234E-4
-3.834769E-5
1.6401679E-4
-9.715235E-5
8.549986E-5
-1.2561967E-4
4.9818274E-5
-1.3254385E-4
1.0579827E-4
-5.207878E-5
1.2500393E-4
-9.216522E-5
5.4963893E-5
-1.6279396E-4
5.0523533E-5
-1.303063E-4
1.6285821E-4
6.596239E-5
2.4289214E-4
2.2383922E-5
1.1826736E-4
-1.10670844E-4
1.5314821E-5
-2.1172273E-4
-4.125332E-6
-4.9354934E-5
1.6607175E-4
-2.3649072E-5
8.105143E-5
-2.4238571E-4
-1.4183359E-4
-2.0011689E-4
8.897846E-6
-2.061255E-5
2.0088351E-4
9.620193E-5
2.5206752E-4
1.6236038E-6
4.627722E-5
-9.35921E-5
-4.849051E-5
-9.494255E-5
8.758487E-5
-4.8385325E-5
1.08107786E-4
-6.405427E-5
-1.1665647E-4
-2.2837323E-4
-1.4151812E-4
-1.6610397E-4
-1.5507912E-4
-1.028843E-4
-3.6275957E-5
-7.9426725E-5
-8.379074E-5
-3.3055177E-5
-7.212626E-5
3.2907674E-6
1.0486407E-4
1.6519056E-4
8.996912E-5
1.9529417E-4
8.786659E-5
1.3947443E-4
-1.642576E-6
1.7471517E-4
2.440281E-5
2.5684667E-5
1.1730794E-4
2.2310074E-4
8.89694E-5
1.9933627E-4
9.341029E-5
2.4259232E-4
1.04376886E-4
1.0461512E-4
1.129716E-4
2.432147E-4
2.2455509E-4
3.8231516E-4
2.2662827E-4
2.7129237E-4
1.8029062E-4
1.3572424E-4
3.6402886E-5
1.5843869E-4
8.050551E-5
6.304375E-5
1.6783802E-4
9.4614166E-5
8.78627E-5
4.2795546E-5
-2.5453294E-6
-6.29454E-5
9.202565E-5
2.4579722E-5
1.5057162E-4
4.7559755E-5
9.711502E-5
1.31506395E-5
1.6939519E-4
5.5948276E-5
1.557491E-4
-3.8976497E-5
9.432986E-5
-3.1942815E-5
1.380602E-4
-3.140804E-5
-2.9546422E-6
-1.0186942E-4
-6.8258277E-7
-1.0330796E-4
-2.538219E-5
-7.273029E-5
-7.352231E-5
-1.6549904E-5
-5.8976882E-5
9.221586E-6
-1.05546744E-4
1.8157715E-4
-2.549808E-4
-1.9157374E-4
3.664672E-4
-3.4013562E-4
2.6430286E-4
-4.4274243E-4
-1.2868151E-4
-5.707427E-4
9.1674716E-5
-2.5614796E-4
3.3061006E-5
-2.6984164E-4
-1.886021E-4
-2.2163415E-4
-2.0288966E-4
-2.5840796E-4
-8.076827E-5
-1.6047015E-4
-1.4987396E-4
-3.022943E-5
9.286804E-5
7.878992E-6
2.3527803E-4
1.5259866E-4
-1.5907898E-4
-3.5298307E-4
-4.7929166E-4
-5.630629E-4
-4.9396513E-5
-2.0846071E-5
-1.12688016E-4
3.096095E-4
5.8597856E-4
3.3306488E-4
7.3032745E-5
-1.8159766E-4
-1.7129557E-4
-1.8879802E-4
-2.6612324E-4
-2.3788984E-4
-1.9709395E-4
-3.9685555E-4
-4.012584E-4
-3.5917453E-4
-2.568976E-4
-1.5346939E-4
2.9594704E-4
4.535471E-4
6.384915E-4
4.8272425E-4
5.537523E-4
7.572082E-5
1.1185859E-4
-2.29304E-4
7.0446076E-5
-2.1812011E-4
-1.2047638E-4
-2.5493364E-4
-4.122613E-5
-2.7604226E-4
-1.5355261E-4
-3.3414087E-4
-1.92052E-5
-1.8221406E-4
4.3529686E-5
-2.2497352E-5
1.3865347E-4
1.436779E-4
3.757566E-4
3.9486837E-4
5.9065357E-4
5.750077E-4
7.2573114E-4
6.36461E-4
5.966142E-4
5.364353E-4
4.517933E-4
4.949394E-4
4.7969623E-4
3.4942664E-4
4.3450436E-4
5.0483295E-4
3.894689E-4
3.420757E-4
1.7323841E-4
1.0748345E-4
1.20756726E-4
8.018982E-6
4.452407E-5
-1.0055261E-4
-2.5772124E-5
-2.2773075E-4
-3.6969548E-4
-4.2911893E-4
-4.4599234E-4
-4.786967E-4
-3.8364917E-4
-5.140361E-4
-4.003319E-4
-4.2859532E-4
-3.490951E-4
-3.828646E-4
-2.4883516E-4
-3.351695E-4
-3.7885504E-5
-1.7997093E-4
1.2509462E-4
2.0882633E-5
1.13989154E-4
3.8673155E-5
1.5248748E-4
1.2575899E-4
1.8508287E-4
1.4340591E-4
3.5407292E-4
2.591747E-4
3.6130595E-4
1.9398076E-4
2.7806853E-4
2.420174E-4
4.3157022E-4
4.3034417E-4
3.4384034E-4
3.8455645E-4
3.480906E-4
3.2453853E-4
1.7210258E-4
1.66656E-4
3.1797294E-4
1.5072052E-4
1.2846118E-4
1.402496E-4
4.8573154E-5
-1.2256011E-5
-1.9150529E-4
-2.1997505E-4
-3.4465414E-4
-2.9351428E-4
-3.4175676E-4
-3.3481067E-4
-3.139621E-4
-3.4609332E-4
-3.020354E-4
-3.510877E-4
-3.650197E-4
-3.9980118E-4
-3.5903213E-4
-3.4714033E-4
-4.262459E-4
-3.1753146E-4
-3.0912634E-4
-2.5702573E-4
-1.6118193E-4
-2.527075E-4
-2.3604128E-4
-2.6494742E-4
-1.05204075E-4
-1.4067758E-4
-1.6955179E-4
-2.0641118E-4
-1.563266E-4
1.2414653E-5
4.0777766E-5
5.2934545E-5
1.3943714E-4
1.4195062E-4
2.0778693E-4
9.265214E-5
1.319131E-4
7.966653E-5
1.2210294E-4
1.1693783E-4
2.6034631E-5
4.808774E-5
-1.5177624E-5
-9.6102944E-5
-1.1230579E-4
-1.5794889E-5
-1.5550927E-4
-1.4215069E-4
-3.1456185E-4
-1.9810373E-4
-1.8271785E-4
-2.0407116E-4
-2.2201292E-4
-1.1903219E-4
-2.4398266E-4
-1.234715E-4
-3.1851407E-4
-1.525513E-4
-2.1130093E-4
-1.3780041E-4
-1.1650918E-4
-5.689347E-5
-1.06558284E-4
-6.501715E-5
-1.7663588E-4
-4.624456E-5
-1.1652755E-4
-5.812403E-6
3.115637E-5
4.051751E-5
9.611654E-5
2.3723369E-5
7.453374E-5
2.4416216E-4
2.8408325E-4
2.7294987E-4
1.5668574E-4
2.9921357E-4
2.4936974E-4
2.9825312E-4
1.4763398E-4
2.7080817E-4
1.823507E-4
4.9226226E-5
-2.3979059E-5
4.7348516E-5
2.0381065E-5
6.393477E-5
-1.9669404E-5
-2.4057463E-5
-1.846495E-4
3.9744687E-6
-2.9661964E-5
-3.2587162E-5
-7.0150825E-5
-1.4746736E-5
5.1579555E-5
-1.6205908E-5
-2.8961022E-5
1.0315452E-4
7.234669E-6
1.2634227E-4
1.630833E-5
1.5923775E-4
1.0177648E-4
1.0753862E-4
1.523621E-4
2.289336E-4
4.0255682E-4
4.2854622E-4
3.659881E-4
3.9918057E-4
3.8567826E-4
4.717285E-4
5.6621386E-4
4.9081165E-4
6.5845804E-4
6.0347933E-4
5.979844E-4
6.180577E-4
4.93452E-4
5.182375E-4
4.8512945E-4
4.726216E-4
4.102688E-4
5.580514E-4
5.30757E-4
3.4516148E-4
2.7904793E-4
2.700928E-4
2.1291288E-4
2.791658E-4
1.7549438E-4
1.530315E-4
1.1038821E-4
1.4161263E-4
1.3933377E-4
1.1160484E-4
1.4518718E-4
-3.6537498E-5
-1.1787163E-4
-9.7979144E-5
-1.8283761E-5
-2.6921916E-5
-7.4332056E-5
-1.5118404E-4
-7.775153E-5
-1.5160872E-4
-1.7620552E-4
-1.7309758E-4
-1.6297918E-5
-8.32996E-5
-7.318929E-5
-6.876583E-5
-1.04665996E-4
-4.661184E-5
4.522241E-5
-6.3857588E-6
8.020596E-5
9.360806E-5
8.629612E-5
1.0419425E-4
1.0410438E-4
2.0833642E-4
8.87027E-5
1.441876E-4
6.1459024E-5
5.2041818E-5
1.1035953E-4
3.144121E-5
-1.1416187E-5
-3.0870444E-5
-5.208288E-5
-5.105976E-5
-1.12335096E-4
6.6190023E-6
-3.1399902E-6
-5.8119993E-5
1.3551253E-5
-6.4141925E-5
5.4269858E-5
-1.9935994E-4
-1.1074751E-4
4.205337E-6
3.8987433E-5
1.9762034E-5
7.779433E-5
-1.0771453E-4
-1.3667782E-4
-1.0568936E-4
-1.0231687E-4
-1.4042195E-4
-2.2131804E-4
-9.772287E-5
-6.418368E-5
-1.4127069E-4
-1.6315603E-4
-1.086259E-4
-1.2903218E-4
-4.5920773E-5
-7.470154E-5
-1.135769E-4
-1.06787775E-4
-6.0799102E-5
-5.4359738E-5
-1.5017948E-4
-2.8092423E-4
-2.4325548E-4
-2.726242E-4
-2.4682586E-4
-2.4274619E-4
-3.2509305E-4
-3.4677706E-4
-2.2371078E-4
-3.849778E-4
-4.7184396E-4
-3.4037192E-4
-3.797626E-4
-3.698135E-4
-6.126301E-4
-5.795738E-4
-4.5934433E-4
-2.4023105E-4
-4.6877176E-4
-4.492038E-4
-3.4763402E-4
-5.4143014E-4
-4.4014285E-4
-4.0314283E-4
-4.3329527E-4
-3.4493668E-4
-3.6118238E-4
-2.464252E-4
-1.3367657E-4
-1.4577001E-4
-9.7487224E-5
-1.2154004E-4
3.3207966E-6
4.3253498E-5
3.414857E-5
-5.6733854E-5
1.201929E-4
1.543705E-5
2.2393077E-4
3.8990856E-5
6.166272E-5
1.1113358E-4
2.1873298E-4
3.1122623E-4
2.1122376E-4
2.0470473E-4
1.2003803E-4
5.2104926E-5
4.3679192E-4
1.5502499E-4
3.0632487E-5
1.7961031E-6
3.403951E-5
-2.6398207E-5
1.2866888E-4
-6.5889406E-5
-2.5955724E-4
-2.1522214E-5
-2.3451921E-6
-1.5370114E-4
-3.9660803E-4
-2.1587362E-4
-6.9072514E-5
-1.903395E-4
-1.2302157E-4
-2.0896712E-4
-1.6186164E-4
-1.4838137E-4
-7.83393E-5
-3.2984244E-4
-1.7485347E-4
-1.6702377E-4
-7.6252894E-5
-3.6798735E-4
-1.5488936E-4
-2.5259875E-4
1.5042179E-5
1.626129E-4
2.8833127E-4
-6.1217754E-5
1.601925E-5
-1.4944129E-4
-1.347153E-4
-1.0900286E-4
8.957965E-6
-7.322063E-5
1.7328937E-4
7.3292766E-5
2.5269855E-4
4.7815694E-5
1.09245186E-4
1.1597918E-4
2.1205758E-4
1.20605E-4
1.8838172E-4
2.2376173E-4
3.2327647E-4
1.2839597E-4
2.3971417E-4
1.3561134E-4
-2.6849326E-5
9.264728E-5
1.4811609E-4
1.6782779E-4
2.6216515E-4
1.0248972E-4
7.221582E-5
1.5719871E-4
2.4859884E-4
6.691958E-5
2.662922E-4
2.0990554E-4
3.741516E-4
2.87076E-4
3.0742484E-4
9.887996E-5
2.1953919E-4
8.933682E-5
2.2590367E-4
2.0001127E-4
2.3158714E-4
1.8194398E-4
2.6674796E-4
1.6205825E-4
2.4462256E-4
1.6848219E-4
4.014051E-4
3.5868958E-4
4.5133155E-4
1.9621066E-4
3.8909732E-4
3.5937803E-4
2.2140545E-4
7.700542E-5
2.4406095E-4
2.8869716E-4
2.9761728E-4
1.0864969E-4
1.8148917E-4
1.9755149E-4
7.576997E-5
-6.520668E-5
7.100266E-5
-1.7268972E-5
6.784448E-5
-9.5292715E-5
-6.700285E-5
-1.3793436E-4
-3.04562E-5
-6.535337E-5
6.107834E-5
-1.2688393E-4
1.3589989E-4
-1.0357815E-5
7.080332E-5
-3.5747482E-5
8.88975E-6
8.8774956E-5
1.3886794E-4
9.263331E-5
2.1870469E-4
2.4050518E-4
3.814169E-4
2.0589292E-4
4.117414E-4
2.8627244E-4
4.7606076E-4
3.7916668E-4
3.6867926E-4
7.0984795E-4
8.869157E-4
6.3651404E-4
5.7325495E-4
5.748379E-4
6.2974216E-4
5.0713273E-4
5.8171287E-4
7.483672E-4
8.073804E-4
8.997631E-4
8.014121E-4
5.072176E-4
3.887201E-4
2.6564076E-4
3.6379445E-4
4.7701623E-4
6.6779274E-4
5.77409E-4
5.211249E-4
2.2060152E-4
2.6465648E-5
-1.8644765E-4
-1.281811E-4
-3.136377E-4
-1.5318379E-4
-2.613871E-4
-1.730024E-4
-3.042468E-4
-6.059217E-5
-2.5661563E-4
-3.2348285E-4
-1.4894953E-4
-1.0537902E-4
-3.3818427E-4
-2.442428E-4
-3.395308E-4
-3.8069073E-5
-7.741732E-5
-5.7917907E-5
-1.3052033E-4
-1.5070115E-5
-2.5570966E-4
-3.696777E-5
-1.0025718E-4
-7.4422396E-6
2.3881781E-5
2.2167878E-4
6.61852E-5
1.5742377E-4
1.2367364E-4
2.392813E-4
2.3223848E-4
3.7866243E-4
2.4813192E-4
4.78138E-4
3.6113805E-4
2.9802902E-4
3.5699434E-4
3.9541972E-4
2.709992E-4
4.2325183E-4
4.4681632E-4
4.0177093E-4
2.0977473E-4
3.770714E-4
2.6272156E-4
1.9428253E-4
7.100394E-5
1.2201262E-4
1.1859222E-5
-5.126725E-5
-1.915341E-4
-6.1274426E-5
-2.482588E-4
-1.2389179E-4
-3.1807157E-4
-1.2323282E-4
-4.9977645E-4
-2.7283063E-4
-3.3026264E-4
-1.9079926E-4
-5.018683E-4
-2.7296346E-4
-2.8587447E-4
-1.1382219E-4
-3.5643522E-4
-2.52732E-4
-4.6561167E-4
-3.1559734E-4
-1.3683393E-4
1.2227795E-5
-2.2912843E-4
-5.8781377E-5
-2.7789298E-4
-6.928255E-5
-2.7769417E-4
-3.384395E-4
-3.460123E-4
-1.9161779E-4
-2.1256281E-4
2.0996996E-4
1.9984253E-4
2.4003594E-4
-1.20492805E-4
-1.8728501E-4
-3.9109297E-4
-4.5314129E-4
-5.774747E-4
-3.0469502E-4
-3.6064064E-4
-8.191132E-5
-2.4118085E-4
-3.387368E-4
-4.3348165E-4
-3.6950829E-4
-3.621692E-4
-1.8267008E-4
-2.2241418E-4
-1.346101E-4
-1.7971851E-4
-1.8551922E-4
-3.6044992E-4
-1.7641483E-4
-4.158913E-4
-1.6299565E-4
-3.161244E-4
-1.8305924E-4
-2.6522815E-4
-1.223745E-4
-2.4744155E-4
5.5890472E-5
-1.4988771E-4
-2.9842437E-5
-2.3112675E-4
-9.604604E-6
-2.2389488E-4
8.682488E-6
-7.0549024E-5
7.860943E-5
6.040887E-5
5.9084443E-5
4.97591E-5
-3.680227E-5
-1.7018753E-4
2.3590743E-5
-6.924459E-5
-1.3067645E-4
-1.3822316E-4
-2.280994E-4
-3.7636198E-4
-2.0475392E-4
-3.000235E-4
-2.9840445E-4
-4.824818E-4
-3.5132942E-4
-4.575277E-4
-4.0109007E-4
-4.042895E-4
-4.75534E-4
-6.479855E-4
-5.965648E-4
-6.236956E-4
-5.51251E-4
-5.89266E-4
-4.5088722E-4
-5.3868134E-4
-5.619369E-4
-5.407925E-4
-4.3850692E-4
-4.2771493E-4
-4.312573E-4
-5.6593574E-4
-3.3119466E-4
-1.6994539E-4
-1.1337138E-4
-6.607475E-5
-1.0697206E-4
-9.681335E-5
2.5363877E-6
9.4439885E-5
1.8928581E-4
2.0110935E-4
2.0707164E-4
2.7539118E-4
2.5298045E-4
2.9209603E-4
2.5542165E-4
2.0947796E-4
2.0606763E-4
3.5588618E-4
3.3811183E-4
1.7354358E-4
2.3080411E-4
2.9210866E-4
1.7000407E-4
2.4494575E-4
2.779922E-4
2.3146358E-4
1.7615975E-4
1.7242908E-4
1.948831E-4
1.2517787E-4
8.99242E-5
-4.0448085E-5
1.5891304E-4
5.2475312E-5
-6.3819665E-5
2.5309684E-5
2.3906005E-5
2.0423771E-5
2.0636888E-5
6.5992506E-5
-7.0494694E-5
2.0690544E-5
-1.0276879E-5
8.2356564E-5
8.5760315E-5
8.400121E-6
-4.899134E-5
1.7374281E-4
4.4394365E-5
1.6323816E-4
1.20809076E-4
1.4286951E-4
8.3903455E-5
1.400893E-4
1.2494343E-4
1.445776E-4
9.1844406E-5
2.4814752E-4
2.0888982E-4
3.1789523E-4
3.0353348E-4
2.8078596E-4
1.7770381E-4
3.5649748E-4
3.164806E-4
2.470971E-4
2.9535117E-4
1.4473147E-4
3.220468E-4
2.686325E-4
3.127093E-4
2.5481117E-4
2.954076E-4
3.343418E-4
4.632579E-4
2.957741E-4
3.4479942E-4
3.1322075E-4
3.3377475E-4
4.5411877E-4
3.5995196E-4
3.8113946E-4
4.8493815E-4
5.099144E-4
5.0595414E-4
5.433164E-4
4.840048E-4
4.1210046E-4
5.276849E-4
5.8576296E-4
4.0024673E-4
5.44623E-4
3.9097332E-4
4.7732043E-4
5.210806E-4
4.4183587E-4
3.8927534E-4
4.1982578E-4
4.8250065E-4
4.8197468E-4
4.0650307E-4
4.562582E-4
4.191328E-4
2.3960204E-4
3.9354706E-4
1.4251837E-4
9.39851E-5
1.9353989E-4
1.6894791E-4
1.80316E-4
-3.7755766E-5
-5.7029833E-5
7.0217648E-6
-5.182124E-5
-4.0283896E-5
-1.1748829E-4
-6.707994E-5
-2.3403407E-4
-8.4141364E-5
-7.171058E-5
-1.5352438E-4
-1.8948232E-4
-1.4490445E-4
-6.650977E-6
-1.5329826E-4
4.1011193E-5
7.5386044E-5
1.8334722E-4
2.4358E-4
2.4024124E-4
1.423544E-4
2.5065895E-4
2.082867E-4
2.3186844E-4
2.6476828E-4
1.8710982E-4
1.8653803E-4
5.3097535E-4
4.4610028E-4
4.83909E-4
3.4575586E-4
4.5455262E-4
5.08056E-4
6.974627E-4
5.265372E-4
6.0977763E-4
5.041524E-4
5.920153E-4
4.4204376E-4
4.7410186E-4
3.6330355E-4
4.881079E-4
4.8252186E-4
4.7777878E-4
4.3748802E-4
5.1943207E-4
4.5169453E-4
3.2581174E-4
4.714767E-4
2.7588132E-4
1.4581598E-4
2.3845014E-4
2.1483253E-4
2.9261397E-5
5.4287884E-5
1.9271522E-5
-2.2452751E-4
-1.5539445E-4
-1.8167266E-4
-2.5278222E-4
-3.1438048E-4
-2.6961832E-4
-4.468335E-4
-3.429288E-4
-3.4811167E-4
-2.4398608E-4
-3.684795E-4
-2.6979836E-4
-3.4084893E-4
-3.2136266E-4
-3.0041195E-4
-3.4722773E-4
-4.092141E-4
-1.3455536E-4
-2.1790894E-4
-2.694974E-4
-3.1929687E-4
-1.6342974E-4
-1.4306007E-4
-2.0250378E-4
-6.936606E-5
-3.0193609E-5
-1.3067425E-4
-1.4297818E-4
-2.332256E-5
2.6964972E-5
1.4942842E-4
9.059909E-5
1.4014947E-4
1.6352975E-4
2.6549018E-4
2.3825586E-4
1.5006826E-4
1.2621089E-4
2.2757133E-4
3.724323E-4
2.6926727E-4
2.5605902E-4
3.4310584E-4
3.1501692E-4
2.4367984E-4
2.7713037E-4
2.464071E-4
2.7140856E-4
1.3252428E-4
3.0933195E-4
3.8934647E-4
4.1672558E-4
2.7758407E-4
2.436866E-4
2.0109292E-4
2.747529E-4
2.8084172E-4
2.475029E-4
1.1154745E-4
3.2773165E-5
7.006195E-5
2.25931E-5
1.0414916E-5
1.2399823E-5
-1.7005143E-5
2.0016325E-5
-7.096045E-5
-2.655508E-4
-2.110288E-4
-1.8367072E-4
-2.3787093E-4
-1.8125934E-4
-1.8462044E-4
-2.5702032E-4
-2.2227662E-4
-3.1643666E-4
-1.6095153E-4
-3.1721772E-4
-2.5345234E-4
-2.3643422E-4
-2.4659262E-4
-2.5882028E-4
-7.9662634E-5
-9.3244176E-5
-1.6173541E-4
-4.4430133E-5
-1.7016719E-4
-2.7598175E-5
-9.01591E-5
3.1592368E-5
8.825464E-5
6.100891E-5
-7.90931E-6
6.888312E-5
4.226778E-5
1.4189958E-4
1.4417464E-4
9.973212E-5
1.2334756E-4
1.5871078E-4
1.0500936E-4
1.7999006E-4
1.6165302E-4
5.5238237E-5
1.6902197E-4
3.5471463E-4
3.7820553E-4
2.5154E-4
1.9007454E-4
2.5645568E-4
1.5416366E-4
1.7623432E-4
2.0607526E-4
1.888019E-4
1.4679666E-4
1.4226459E-4
5.498285E-5
1.5745839E-4
2.0514436E-4
1.2531251E-4
8.970355E-5
3.886307E-5
-4.9524235E-5
-3.631835E-5
1.4695404E-5
-1.7083059E-5
-7.312456E-5
-1.3438494E-4
-1.663758E-4
-1.5677052E-4
-1.8527056E-4
-1.9344271E-4
-2.6304403E-4
-3.3071253E-4
-2.571781E-4
-1.7206013E-4
-3.259774E-4
-2.864131E-4
-2.2558971E-4
-1.12331356E-4
-4.274035E-4
-2.2762649E-4
-3.753665E-4
-4.3563827E-4
-3.0266988E-4
-3.513311E-4
-3.176897E-4
-3.8941432E-4
-3.4023434E-4
-3.1635028E-4
-2.8822463E-4
-4.423561E-4
-2.1604965E-4
-2.289971E-4
-1.870506E-4
-2.158932E-4
-1.4131969E-4
-2.3945284E-4
-1.8828042E-4
-1.8319696E-4
-9.007286E-6
-2.6478698E-5
-3.4773435E-5
-3.3699165E-5
-1.1139726E-5
2.538041E-5
1.5944685E-4
9.6507305E-5
8.938832E-5
1.2349173E-4
2.01806E-4
1.6946318E-4
8.478565E-5
1.21946396E-4
-3.6164E-5
1.0944162E-4
1.0287271E-4
3.9938797E-5
1.1838863E-4
2.930583E-5
6.899133E-5
3.1121926E-5
1.0340053E-5
1.7754451E-6
-9.9472665E-5
1.462424E-4
6.716808E-5
-5.230948E-5
2.3711485E-5
-7.334491E-5
-1.21633966E-4
-9.083066E-5
-5.339511E-5
-2.307442E-4
-1.5341428E-4
-2.1619344E-4
-2.2793036E-4
-2.8815534E-4
-3.1733085E-4
-4.3867773E-4
-4.1157997E-4
-3.595978E-4
-3.8476408E-4
-4.775638E-4
-4.571926E-4
-4.602184E-4
-3.8815563E-4
-5.0042174E-4
-4.8452153E-4
-3.2705572E-4
-3.6996423E-4
-3.4749243E-4
-4.1294377E-4
-2.9256157E-4
-2.4566846E-4
-2.3764606E-4
-2.1618261E-4
-1.6673976E-4
-3.3110067E-5
-3.557092E-5
-4.7094472E-5
1.6266185E-5
1.0859928E-4
8.815517E-5
1.1557189E-4
1.9547371E-4
3.5224183E-4
3.3034815E-4
1.3312181E-4
4.235153E-4
4.15591E-4
3.8814594E-4
3.4762677E-4
3.537124E-4
3.941224E-4
3.9168028E-4
4.5326995E-4
3.040581E-4
2.4549552E-4
2.343173E-4
3.2585472E-4
3.4065443E-4
3.318995E-4
2.4058677E-4
1.5790453E-4
6.964083E-5
1.01434736E-4
2.1808146E-6
1.298662E-5
-9.546406E-5
-1.4413288E-4
-1.657795E-4
-1.8918747E-4
-1.6246624E-4
-1.3888885E-4
-4.0846717E-5
-1.2333086E-4
-1.3407179E-4
-2.3882433E-4
-1.0748436E-4
-9.2809736E-5
-7.6570905E-5
-1.9008666E-4
-8.402728E-5
-8.655847E-5
-2.8983137E-5
-5.7884186E-5
4.9476785E-5
5.8659385E-5
3.0071009E-5
-5.487783E-6
1.5488046E-4
1.7533034E-4
2.1211138E-4
1.9486893E-4
3.3119638E-4
3.3909798E-4
4.218183E-4
3.7885117E-4
2.4041557E-4
2.8388805E-4
3.0918702E-4
2.9741906E-4
2.1805226E-4
2.6928622E-4
3.1403155E-4
3.1181026E-4
3.2734306E-4
3.255123E-4
4.998712E-4
3.9516934E-4
1.7528198E-4
2.3493211E-4
2.4494724E-4
2.0898519E-4
2.521562E-4
2.9060667E-4
2.3985861E-4
1.4388663E-4
5.591191E-5
8.030476E-5
2.481249E-4
6.388785E-5
4.7853402E-5
8.311114E-5
2.2671843E-4
4.5138564E-5
1.6125498E-4
2.077869E-5
1.1309211E-4
8.7111664E-5
1.0045417E-4
1.31837E-4
1.3863774E-4
1.2181874E-4
2.499951E-5
1.1854029E-4
1.10511064E-4
2.4102688E-5
1.3758568E-4
8.451603E-5
1.38410405E-5
1.21753634E-4
1.9313421E-4
1.5591423E-4
1.5087111E-5
1.6796544E-4
-1.1436538E-7
2.3119654E-4
1.5091781E-4
1.27986605E-5
5.0255654E-5
9.041432E-5
1.0024124E-4
9.451408E-5
-2.2485285E-5
9.3058006E-5
2.2307644E-5
1.02976956E-4
6.0496608E-5
6.7413E-5
1.3098614E-4
1.6116412E-5
1.3924038E-5
-8.080632E-5
8.433767E-6
1.390778E-4
1.552608E-4
1.01019905E-4
6.354188E-5
-4.766983E-6
6.506086E-5
1.0791663E-4
2.6193837E-5
1.5112349E-4
-4.4625573E-5
1.1426986E-4
6.314331E-5
5.6706893E-5
-8.221269E-5
8.462423E-5
-6.3335596E-5
-1.1016103E-4
-4.650144E-5
-1.0924732E-4
-2.0248177E-4
-3.7509082E-5
7.36671E-5
-1.09265246E-4
-3.5109726E-4
-3.7447445E-4
-2.2265782E-4
-1.6795578E-4
-1.8114968E-4
-1.6336165E-4
-3.6127202E-4
-2.6639775E-4
-3.01323E-4
-4.1179598E-4
-3.943568E-4
-3.6340614E-4
-2.3653478E-4
-2.783982E-4
-2.958436E-4
-2.5012306E-4
-4.050974E-4
-4.025706E-4
-2.5442793E-4
-2.997562E-4
-2.7244273E-4
-3.7003582E-4
-2.3544054E-4
-1.3860592E-4
-5.1683648E-5
-1.3282077E-4
-2.1069015E-4
-2.6191876E-4
-1.0938776E-4
-1.6498227E-4
-1.5140517E-4
-1.275112E-4
-2.0612101E-4
2.1065143E-5
7.501588E-7
1.3641522E-5
-7.0149676E-5
-4.315816E-5
-6.886526E-5
-3.723742E-5
1.004992E-4
3.7359117E-5
-5.5014876E-5
4.953487E-5
-1.1185961E-4
-1.437768E-4
-1.3738626E-4
-6.6178756E-5
1.0972402E-4
2.147452E-5
-6.7204055E-6
-1.1054086E-4
-5.871377E-5
-1.5582534E-4
-1.4927195E-4
-1.8533373E-4
-8.346593E-5
-2.1542958E-4
-1.0679868E-4
-2.448968E-4
-1.799712E-4
-2.3848856E-4
-2.2197864E-4
-1.5177377E-4
-1.1860792E-4
-1.05268475E-4
-1.3905692E-4
-1.5299754E-4
-1.13747825E-4
-1.5384163E-4
-8.558761E-5
-1.4501554E-4
-4.5404733E-5
-6.6359066E-6
-6.094238E-5
-6.595083E-5
3.7333673E-5
1.0908679E-4
-4.9595572E-5
8.702559E-5
1.3571321E-4
1.5796394E-4
5.970552E-5
6.220781E-5
2.1948662E-4
-1.5539985E-5
-2.0346746E-5
1.0644859E-4
1.218701E-4
6.418646E-5
1.3335428E-4
1.1993743E-4
1.0899077E-4
1.4224651E-4
9.323992E-5
1.9747589E-4
1.6419905E-4
1.3286964E-4
1.4948899E-4
7.5555974E-5
2.4153847E-4
7.8542456E-5
1.9630528E-4
1.1628229E-4
2.9069054E-4
1.5777319E-4
1.6320124E-4
1.7801428E-4
2.3406708E-4
1.11540736E-4
2.8004014E-4
2.4459444E-4
2.7506982E-4
1.791778E-4
1.8236424E-4
2.8299805E-4
3.426517E-4
2.9650028E-4
2.2387387E-4
2.6720876E-4
4.180883E-4
2.6818825E-4
2.6079812E-4
2.3139495E-4
2.6803068E-4
3.0390863E-4
2.816273E-4
3.4571486E-4
3.6412463E-4
2.2456438E-4
2.2565825E-4
2.4094031E-4
1.4727438E-4
2.1804777E-4
1.744806E-4
2.130153E-4
1.6977912E-5
-3.313239E-7
1.7183031E-4
-3.5015876E-6
9.353759E-5
-8.7588676E-5
1.8548187E-4
5.1283863E-5
1.990348E-4
1.5208019E-4
6.037473E-5
1.2333311E-5
8.133924E-5
8.979998E-5
6.123158E-5
1.0494612E-4
7.532991E-5
4.9229802E-5
1.4368858E-4
1.2789214E-4
1.1667177E-4
1.2896792E-4
1.9832517E-4
2.0499273E-4
2.5323546E-4
1.657108E-4
1.6676339E-4
2.4216266E-4
9.3714996E-5
1.3681865E-4
2.2725419E-4
2.9758387E-4
1.5996782E-4
2.3048636E-4
6.378908E-5
7.5325865E-5
1.6518736E-4
7.084978E-5
1.6651036E-4
1.3799345E-4
1.4484367E-4
-1.1582389E-6
3.6753623E-5
8.163249E-5
-1.2593863E-4
-2.2179878E-4
-7.5079304E-5
-3.8251135E-4
-2.3431242E-4
-2.8701723E-4
-2.4178255E-4
-3.2036903E-4
-3.1012483E-4
-2.7875707E-4
-2.4406429E-4
-4.179276E-4
-2.2612982E-4
-2.692044E-4
-2.3207243E-4
-1.9878481E-4
-2.4077517E-4
-2.0504865E-4
-2.2164259E-5
-4.1636722E-5
-8.0529215E-5
-9.744369E-5
7.1257177E-6
1.4026666E-5
8.722289E-6
-7.5478456E-6
1.148408E-5
1.7626924E-4
5.6639492E-5
7.236643E-5
1.0849072E-4
1.6796771E-4
1.5188211E-4
2.7166063E-4
1.5461302E-4
1.2639987E-4
1.3348566E-4
1.2503851E-4
9.971826E-5
1.5442788E-4
1.2766664E-4
6.8661706E-5
1.01675E-4
-5.487061E-5
7.369435E-5
-1.2421762E-4
4.551401E-6
-2.324216E-4
-7.7872915E-5
-1.56241E-4
-1.6728335E-4
-2.5581254E-4
-2.0310328E-4
-4.127462E-4
-3.1848162E-4
-3.8719477E-4
-3.1749345E-4
-4.353674E-4
-3.003031E-4
-1.9102951E-4
-3.029881E-4
-4.25459E-4
-2.8500968E-4
-2.861215E-4
-3.2899488E-4
-2.7702565E-4
-3.3779372E-4
-2.1993177E-4
-2.3924344E-4
-2.095375E-4
-8.0385944E-5
-1.1502201E-4
8.5889435E-5
1.1796722E-4
4.491337E-5
5.807766E-5
2.1294974E-4
1.6541894E-4
2.2459819E-4
2.7487177E-4
3.0528381E-4
1.7420876E-4
3.8822394E-4
3.9295634E-4
3.173804E-4
1.888468E-4
3.4660308E-4
2.2681429E-4
3.749188E-4
1.4783186E-4
3.206388E-4
6.255452E-5
2.3673473E-4
1.8279983E-4
4.155276E-4
1.9245956E-5
2.0843084E-4
1.059458E-4
8.663811E-5
-4.249484E-5
9.27876E-5
3.0955238E-5
1.10275774E-4
5.1447558E-5
-1.0777906E-5
-2.1463371E-5
2.1885442E-5
-1.8514596E-5
3.946697E-5
5.4918128E-5
-7.816371E-6
-3.9218823E-5
-1.7816003E-5
-4.473507E-5
1.0501869E-5
1.07306114E-4
1.9537154E-5
-1.382391E-4
1.9495375E-5
7.765845E-5
1.1779008E-4
-3.679641E-5
5.8270314E-5
3.7461417E-5
-3.0818548E-5
-4.280315E-5
8.074612E-5
-5.613815E-5
2.927298E-7
-8.731437E-5
5.2353826E-5
-1.5376115E-4
9.495716E-5
-7.37441E-5
9.974556E-5
-6.3656196E-5
1.6389512E-4
8.006337E-5
1.17627984E-4
3.0846615E-5
1.6414434E-4
3.4655957E-5
2.3228944E-4
1.4559038E-4
1.4566419E-4
2.1603575E-4
8.939116E-5
1.6556549E-4
2.0098695E-4
1.5505787E-4
1.4209612E-4
1.5314452E-4
1.3012609E-4
1.9769838E-4
1.441404E-4
2.383821E-4
3.3423404E-4
1.6431417E-4
1.8651395E-4
1.7578629E-4
2.4859217E-4
2.7975146E-4
3.5073012E-4
1.5630767E-4
2.2716848E-4
2.0454949E-4
3.3084635E-4
2.4471723E-4
2.3837034E-4
1.1084294E-4
9.249245E-5
1.1752644E-5
1.3213723E-4
-4.5758206E-5
-2.7416783E-5
-4.1158946E-5
6.963405E-5
-1.12770926E-4
-1.0827212E-5
-1.2538325E-4
-7.9287E-5
-2.7261922E-4
-3.416256E-4
-2.620227E-4
-1.6706459E-4
-2.0222164E-4
-2.942364E-4
-3.118417E-4
-2.2721366E-4
-2.3918484E-4
-1.7267915E-4
-2.829442E-4
-2.556194E-4
-2.1066185E-4
-2.2426179E-4
-1.8418324E-4
-2.485834E-4
-1.6888813E-4
-1.6785646E-4
-1.9047638E-4
-1.677852E-4
-1.5238032E-4
-8.840781E-5
3.381293E-5
2.320134E-6
-2.2754088E-5
-3.6103008E-6
-1.5553547E-5
1.1592388E-4
3.9125036E-5
4.2985124E-5
7.612074E-5
1.3149386E-4
3.9078925E-5
1.5550565E-4
4.8096812E-5
-4.465946E-5
-2.7335735E-5
-5.8016452E-5
2.5004749E-5
-1.0901723E-5
-8.171849E-5
7.380086E-5
-2.949673E-5
2.4763574E-5
1.2462001E-6
-9.078235E-5
-1.4121176E-4
-1.8675714E-4
-6.364577E-5
-1.7350943E-4
-3.028404E-4
-1.7477722E-4
-2.1078186E-4
-3.4332255E-4
-3.324076E-4
-2.829924E-4
-2.882499E-4
-3.2549535E-4
-2.4157754E-4
-3.7283596E-4
-3.8288487E-4
-2.8993504E-4
-2.3795743E-4
-3.3911798E-4
-4.435063E-4
-4.6741866E-4
-4.0374984E-4
-4.98508E-4
-5.904513E-4
-4.56201E-4
-6.517731E-4
-5.278894E-4
-5.2468973E-4
-4.4684781E-4
-5.111399E-4
-3.8285376E-4
-4.9290725E-4
-4.6658344E-4
-4.3812956E-4
-2.2222914E-4
-3.1493843E-4
-1.9654744E-4
-4.3834737E-4
-2.2445398E-4
-1.7199591E-4
-1.5778054E-4
-1.01823716E-4
-5.862195E-5
-2.6563115E-5
7.0863293E-6
-9.641834E-6
-1.12552436E-4
-1.3144027E-5
-2.8783097E-5
1.2761708E-4
-9.557358E-5
1.3310743E-4
7.244119E-6
2.4973438E-4
7.5619464E-5
4.3455375E-4
5.353386E-5
3.22636E-4
-2.0966894E-4
3.5534694E-4
-6.061112E-4
5.853539E-4
0.001346042
-0.0037951441
0.001686332
0.0020461774
0.0020273211
-0.0039017904
-2.3786683E-4
0.0019878745
-4.917001E-4
-0.0015871343
1.5207194E-4
-7.7208836E-4
4.0846888E-4
2.0576893E-4
0.0011938207
0.0014284166
4.3684768E-4
-8.377977E-4
-0.0011234031
-3.406206E-4
-6.1107945E-4
-4.32089E-5
0.0010261472
7.391277E-4
6.7247305E-4
5.2141557E-5
2.580268E-4
-2.7130716E-4
-3.5788002E-4
-5.609693E-4
-4.2330273E-4
-6.875605E-4
-2.6088773E-4
9.791017E-5
4.356994E-4
-2.1715836E-5
-4.460227E-4
-4.07358E-4
1.5034007E-4
-7.4358104E-5
-7.9015596E-4
-3.7060803E-4
8.465044E-4
0.0012434876
7.383924E-4
7.4016367E-4
0.001585877
0.001725155
0.0012532263
8.941451E-4
0.0010070791
0.0011413413
9.6632994E-4
4.1208733E-4
4.373379E-4
7.0040673E-4
5.285268E-4
2.662413E-4
1.3734112E-4
2.9162466E-4
7.0046977E-4
3.5241744E-4
-2.3624097E-4
-2.3243073E-4
-2.2656373E-4
-3.458863E-4
-8.8037277E-4
-7.002513E-4
-4.154715E-4
-3.264006E-4
-8.789338E-4
-5.267175E-4
-1.2311553E-4
2.1411941E-4
-3.7056883E-4
-3.9596195E-4
-5.6255766E-4
-1.1558477E-4
-3.188868E-4
-1.86574E-4
-5.2935653E-4
-4.673973E-4
-3.5319343E-4
-1.2208789E-4
-9.672352E-5
2.3617229E-4
3.9855877E-4
6.483535E-4
2.758352E-4
3.621766E-4
2.0128195E-5
1.7917101E-4
4.0309606E-5
-2.3145399E-4
-2.0772946E-4
2.849628E-4
4.8824426E-4
6.423548E-4
5.817407E-4
5.178555E-4
4.484E-4
3.0216988E-4
3.1292162E-4
2.3553784E-4
1.8520273E-4
6.1036735E-5
-7.3816474E-5
5.4732616E-5
2.7560314E-5
2.4274208E-4
2.2092846E-4
2.6438208E-4
7.638479E-5
1.744432E-4
4.1462852E-5
-8.0575024E-5
-2.9845283E-4
-2.964172E-4
-2.627021E-4
-2.209993E-4
-2.8693755E-4
-2.822589E-4
-1.3384632E-4
-1.7390734E-5
-5.287881E-5
-1.4824168E-4
-6.124625E-5
-2.7360182E-4
-6.079359E-5
-1.8240449E-4
-2.7295E-4
-2.1752644E-4
-2.2267562E-4
-4.082828E-4
6.1349936E-5
-6.44722E-5
-1.9909785E-4
-4.8664026E-4
-2.655169E-4
-7.5723314E-5
-8.565767E-5
-8.132312E-4
-7.098818E-4
-3.151006E-4
-9.4757255E-5
-5.000875E-4
-2.3815916E-4
-3.7983822E-4
2.521098E-4
-5.048758E-4
-5.3670973E-4
-3.8481504E-4
-2.2064341E-4
-5.5923575E-4
-7.1505306E-4
-7.816296E-4
-1.7260162E-4
-1.916028E-4
-1.0466026E-4
8.172385E-7
3.9278698E-4
3.5976525E-4
6.0887326E-4
5.732843E-4
6.947827E-4
4.9522E-4
5.6755886E-4
2.916733E-4
4.2478295E-4
2.1860292E-4
1.3998739E-4
-1.2667289E-5
1.5143437E-4
-5.3555075E-5
5.2404735E-5
-1.5188928E-4
7.988569E-5
-6.3688734E-5
-4.1024647E-5
-1.5554696E-4
2.2811455E-5
2.8441395E-5
6.0847135E-5
-7.093158E-5
1.2490008E-4
9.811715E-5
1.0445532E-4
1.2921245E-4
2.4607926E-4
1.8380735E-4
3.0690889E-4
2.6785626E-4
3.4636224E-4
3.8117036E-4
3.8007245E-4
4.0370514E-4
2.124549E-4
2.0277264E-4
2.2673164E-4
6.696606E-5
-3.1539064E-5
1.2864167E-4
2.932006E-5
3.233624E-5
-3.0684976E-5
1.7873892E-5
-7.210011E-5
1.6386288E-5
-1.3631897E-4
-2.3942026E-5
-8.353832E-5
3.1307103E-5
-8.471065E-5
-1.08814E-4
-7.8755205E-5
4.778028E-5
-9.596905E-5
7.760938E-5
6.3467916E-5
1.4105068E-4
2.585902E-4
2.4523932E-4
2.9187303E-4
2.5633955E-4
1.9816523E-4
1.2530076E-4
1.390161E-4
1.3057567E-4
-5.1245002E-5
-3.4097364E-5
-4.3923093E-5
-1.868786E-4
-2.3496781E-4
-1.05662606E-4
-3.15593E-4
-7.6524375E-5
-2.5954391E-4
-1.9916618E-4
-2.8788747E-4
-2.0536692E-4
-2.6066683E-4
-1.5590758E-4
-3.2272076E-4
-1.7342306E-4
-2.9896785E-4
-1.8666944E-4
-1.9253258E-4
-1.6875843E-4
-1.9702734E-4
-2.6265468E-4
-2.3722871E-4
-1.11560345E-4
-1.1259317E-4
-2.285367E-4
-1.4096477E-4
-5.5324537E-5
-1.3156347E-5
-3.4068802E-5
6.944346E-6
2.8227674E-5
4.8884358E-5
8.7510714E-5
8.034E-5
3.189554E-5
-7.348239E-5
-6.702449E-5
4.5332397E-4
-5.203406E-4
-6.4316794E-4
0.0010994399
3.117716E-5
-2.7602515E-4
-6.3971407E-4
-2.0138937E-4
-1.8154194E-4
3.240831E-4
5.277972E-5
9.996436E-5
-2.519437E-4
2.8384879E-5
-3.4285058E-5
3.6209167E-4
-4.4541805E-5
2.512177E-4
2.697069E-5
1.0753919E-4
5.6310295E-5
1.3878837E-4
-1.6021087E-4
-6.720027E-5
-1.6966824E-4
7.024966E-5
6.83937E-6
5.0251547E-4
7.0437597E-4
7.5303396E-4
2.9924946E-4
7.50618E-5
1.18206386E-4
6.5465446E-4
3.867689E-4
3.298661E-4
7.240069E-5
-5.405031E-5
-2.5758048E-4
-2.9139765E-4
-3.4198826E-4
-3.9221754E-4
-3.3314427E-4
-4.4628454E-4
-5.497184E-4
-5.012453E-4
-3.765664E-4
-5.9085327E-5
-7.992476E-5
1.3609194E-4
3.3013526E-4
5.478898E-4
7.3797896E-4
4.0893507E-4
4.1233102E-4
4.7747462E-4
2.0185791E-4
2.3918265E-5
-1.08232976E-4
3.0244296E-4
2.5048488E-4
3.115676E-4
6.823346E-5
3.592472E-4
3.0886717E-4
1.2734374E-4
-3.057486E-6
-1.2916436E-4
-1.2565924E-4
-2.2815261E-4
-5.283565E-4
-3.2575367E-4
-2.3217496E-4
-4.700106E-5
-1.13701346E-4
-6.8416484E-5
-3.064272E-5
-9.700364E-5
-1.6320507E-4
-6.23381E-5
-1.2035189E-4
-8.170256E-5
-3.3433203E-5
1.5863686E-4
1.9944187E-4
4.31915E-4
5.2313646E-4
3.3657602E-4
1.4044413E-4
9.9678786E-5
2.6489848E-5
-7.928815E-6
-2.2423273E-4
-1.6226253E-4
-2.6457533E-4
-2.8107958E-4
-3.895338E-4
-2.1431393E-4
-1.8048731E-5
1.0973405E-4
5.4703003E-5
-2.0887928E-5
-6.4921835E-5
2.0977538E-6
-1.0983339E-4
-3.346314E-4
-1.2516658E-4
5.3234402E-5
-1.0196843E-4
-1.1322996E-4
-1.5790381E-5
1.6767395E-4
2.1351714E-4
3.5545465E-5
9.430983E-6
9.48756E-6
-6.8225665E-5
-2.9205225E-4
-3.3637887E-4
-2.7462587E-4
-2.232579E-4
-2.600012E-4
-1.9007422E-4
-1.9434438E-4
-1.651855E-4
-1.0349102E-4
-4.388398E-5
-2.0367921E-4
-8.5708154E-5
-2.1874768E-4
-2.3553593E-4
-2.339072E-4
-2.5410455E-4
-2.691077E-4
-2.0050985E-4
-1.8218104E-4
-3.619591E-4
-2.1176065E-4
-5.3656206E-4
-3.4736822E-4
-4.3147602E-4
-4.4852556E-4
-5.101561E-4
-5.545086E-4
-5.292727E-4
-2.7405153E-4
-6.720533E-4
-6.733672E-4
-3.1299665E-4
-3.3438677E-4
-3.683442E-4
-3.9852367E-4
-5.1553384E-4
-3.3658475E-4
-4.2659524E-4
-7.425592E-4
-6.943569E-4
-6.8819284E-4
-5.107948E-4
-5.8687036E-4
-5.2665826E-4
-3.980269E-4
-3.8201554E-4
-4.608587E-4
-2.0757677E-4
-2.1763994E-4
-1.634038E-4
-1.258318E-4
-9.096398E-5
3.6506597E-5
-5.9605096E-5
-9.074625E-5
-9.23792E-5
-5.7814308E-5
2.1250156E-5
8.6871205E-6
-3.371446E-5
1.746655E-5
-1.2304379E-4
-1.8313921E-4
-3.0462322E-4
-1.5863079E-4
-2.2183522E-4
-1.47426E-4
-1.813262E-4
-2.5513774E-4
-3.873562E-4
-2.4567897E-4
-1.9194308E-4
-8.905213E-5
-1.2897453E-4
-6.306969E-5
-1.4153357E-4
-1.2592713E-5
-7.466565E-5
1.01621745E-5
8.9141264E-5
1.0011451E-4
2.6455824E-5
1.315189E-4
-1.4343825E-5
6.720539E-5
1.1138554E-4
1.6894477E-4
1.6643899E-4
2.0382364E-4
2.5815048E-4
2.750213E-4
2.8202112E-4
3.2837E-4
4.1125913E-4
3.648198E-4
2.7757479E-4
3.4340043E-4
3.9749005E-4
4.5467078E-4
2.8381424E-4
2.9366245E-4
2.4764374E-4
4.122768E-4
2.4487005E-4
4.082694E-4
1.822541E-4
3.4007692E-4
2.8606178E-4
5.57048E-4
3.552109E-4
4.292972E-4
3.233721E-4
3.86832E-4
2.7585038E-4
3.0482933E-4
3.396063E-4
3.9653308E-4
9.705651E-5
2.1522604E-4
-6.116782E-5
1.6693655E-5
1.2562034E-4
1.0063691E-5
1.931541E-6
1.6669427E-4
5.377415E-6
1.05429186E-4
-8.219784E-6
-2.2187352E-5
3.983568E-5
4.9477643E-5
-1.3028731E-4
7.571143E-6
-1.0064093E-4
-6.934686E-5
-5.5398676E-5
-1.7373375E-5
-8.295139E-5
-1.6643515E-5
-1.8252814E-4
-1.0860469E-4
-1.8561074E-4
5.1269486E-5
-1.0800592E-4
2.1263613E-5
-4.935237E-6
2.2619293E-4
-3.7292536E-6
1.6248219E-4
1.2640504E-4
2.8406339E-5
-3.815463E-5
2.3641183E-4
1.2209048E-4
2.2278134E-4
1.0072701E-4
1.7580554E-4
5.4999717E-5
2.6107274E-4
8.62274E-5
2.6348923E-4
1.1690962E-4
3.18347E-4
1.0428414E-4
1.2374473E-4
1.0369765E-5
2.2616336E-4
3.2178817E-5
1.2414376E-4
8.4713036E-5
2.4881764E-4
1.7264651E-4
8.552603E-5
1.2488604E-4
1.8068939E-4
2.2546577E-4
3.4019936E-4
4.375638E-4
3.239121E-4
1.8961827E-4
3.4613386E-4
4.2505332E-4
3.51618E-4
4.0480352E-4
4.0170472E-4
2.4011717E-4
3.5556394E-4
2.6451735E-4
3.2062264E-4
2.3016373E-4
3.150733E-4
2.60338E-4
1.6284744E-4
8.729652E-5
1.8391195E-4
1.4355766E-4
2.879026E-4
1.953237E-4
2.1274957E-4
1.0133325E-4
2.1072073E-4
4.6299476E-5
1.4328842E-4
2.048281E-5
1.3333293E-4
1.6633265E-5
1.452908E-4
8.392677E-5
-4.756583E-5
4.191557E-6
4.498486E-5
1.0567108E-4
6.813942E-5
2.9357761E-5
-3.9774364E-5
2.5369858E-5
3.562359E-5
2.515453E-5
-1.5222837E-4
-5.9141108E-5
4.7861968E-6
-8.6567736E-5
-3.079333E-4
-9.960197E-5
-1.660847E-4
-1.2499886E-4
-8.6144915E-5
-3.315216E-4
-1.7529944E-4
-2.948088E-4
-1.961202E-4
-2.1452083E-4
-2.5904522E-4
-2.3801466E-4
-2.0049808E-4
-3.2477497E-4
-2.2956122E-4
-2.5686593E-4
-1.0620908E-4
-2.911759E-4
-2.4086081E-4
-2.8775685E-4
-1.9655391E-4
-2.2576924E-4
-1.2494928E-4
-2.2341433E-4
-2.176106E-4
-2.9755052E-4
-2.9613374E-4
-3.2825096E-4
-1.8686404E-4
-4.020926E-4
-4.1962366E-4
-3.8990952E-4
-4.805731E-4
-4.4045004E-4
-4.7940758E-4
-4.3426352E-4
-2.9005823E-4
-2.9635278E-4
-4.1025013E-4
-3.4034214E-4
-4.347571E-4
-3.4830053E-4
-4.900408E-4
-4.7856235E-4
-3.9178986E-4
-5.8568025E-4
-4.1548267E-4
-2.974669E-4
-4.8481987E-4
-6.5411563E-4
-5.803129E-4
-4.6932432E-4
-4.1187086E-4
-4.0175568E-4
-2.5108352E-4
-5.729659E-4
-4.1515782E-4
3.5772617E-5
-3.1602566E-4
-5.0603563E-4
-4.6247186E-4
-4.6716753E-4
-2.5966577E-4
-1.0126842E-4
-2.2862476E-4
-3.6072065E-4
-5.421363E-4
-4.8132564E-4
-4.818581E-4
-3.0838486E-4
-4.2257004E-4
-2.987131E-4
-3.562819E-4
-3.0864208E-4
-2.4109933E-4
-1.8812243E-4
-1.325972E-4
-4.138079E-4
-4.579555E-4
-2.8523113E-4
-2.360719E-4
-1.1750754E-4
-2.0383239E-4
-2.1547322E-4
-3.6946384E-4
-4.6564947E-4
-3.2800323E-4
-1.2946327E-4
-2.5296383E-4
-2.990766E-4
-3.798395E-4
-3.9469198E-4
-3.1753516E-4
-2.9789523E-4
-2.6457428E-4
-2.3241578E-4
-3.0470037E-4
-2.465721E-4
-2.4837098E-4
-1.9659905E-4
-2.4277241E-4
-2.7129654E-4
-2.8742893E-4
-1.870291E-4
-3.6203905E-4
-2.2441047E-4
-1.6225751E-4
-1.7436384E-4
-5.8191843E-5
-5.1444164E-5
-2.0984995E-4
1.06312255E-4
-2.3812387E-5
-3.216308E-5
-2.467911E-4
-2.2627013E-4
-2.3530048E-4
-1.7404246E-4
-1.9000449E-4
-2.2387112E-5
-9.091285E-5
1.3965531E-4
-3.9146435E-5
1.9154065E-4
-9.890167E-6
8.558485E-6
-3.1892356E-5
-6.9148315E-5
-4.6840312E-5
5.827196E-5
-6.9976195E-5
-6.781028E-5
-8.623362E-6
1.9667846E-4
2.196509E-4
2.914126E-4
2.2878216E-4
3.5622303E-4
3.302389E-4
6.4443695E-5
1.00770725E-4
1.9039212E-4
1.1104482E-4
1.1646394E-5
2.341871E-4
2.0195E-4
2.5328848E-4
3.8975518E-4
4.4663687E-4
5.825265E-4
4.546638E-4
4.7104323E-4
3.853367E-4
3.4764464E-4
2.2206231E-4
4.2282994E-4
2.0375696E-4
2.7741076E-4
1.8292021E-4
4.2689528E-4
3.7377267E-4
3.910927E-4
2.2799484E-4
2.9940414E-4
2.4328081E-4
7.510814E-5
-3.817127E-5
1.8797655E-4
1.6599408E-4
8.622552E-5
-4.3270934E-6
2.6230843E-4
2.8886067E-4
1.5690686E-4
1.6884496E-4
1.724262E-4
1.4396031E-4
1.1970157E-4
2.4119654E-4
3.404539E-4
2.4840885E-4
2.05296E-4
3.4122367E-4
3.1127385E-4
3.0783884E-4
3.9599804E-4
3.195638E-4
1.7461386E-4
2.9379985E-4
1.8315518E-4
3.5930955E-4
2.3211303E-4
2.7339396E-4
2.7018203E-4
2.62706E-4
2.364232E-4
2.7339678E-4
4.133511E-4
3.2003497E-4
4.4517822E-4
4.5280243E-4
4.2097204E-4
3.699334E-4
3.6617895E-4
3.022447E-4
4.2134812E-4
4.519616E-4
4.6801099E-4
3.1107024E-4
3.8831792E-4
2.8543244E-4
4.1041413E-4
3.1294077E-4
3.3606673E-4
3.1127792E-4
2.3375973E-4
1.2111292E-4
2.4382923E-4
2.1806575E-4
-1.6892354E-5
6.244202E-5
-1.2316636E-4
-3.1175186E-5
-1.7159696E-4
-1.6823554E-4
-2.797135E-4
-1.5979494E-4
-3.2365072E-4
-3.290673E-4
-5.025272E-4
-4.0711355E-4
-4.130215E-4
-5.6682236E-4
-6.8299414E-4
-5.095473E-4
-5.772947E-4
-6.0062285E-4
-5.8308564E-4
-4.5942396E-4
-5.365828E-4
-4.8772336E-4
-5.8454095E-4
-5.1782595E-4
-6.79614E-4
-4.815028E-4
-4.9505004E-4
-4.9884093E-4
-4.3566537E-4
-4.2324673E-4
-4.199734E-4
-5.2898505E-4
-4.4974676E-4
-4.1155695E-4
-4.342127E-4
-2.1410859E-4
-2.0995011E-4
-1.9971518E-4
-2.851867E-4
-3.4750177E-4
-3.5943958E-4
-1.00892E-4
-2.3739954E-4
-1.0244541E-4
-1.0847228E-4
1.1722035E-4
1.9884817E-6
1.6491174E-5
6.1441006E-6
1.0553979E-5
-1.788433E-4
-7.5370794E-5
-1.9695045E-4
-2.7339282E-5
-1.6731718E-5
-3.4873887E-5
-7.587739E-5
-1.9873952E-4
-1.1571353E-4
-4.886922E-5
-6.595015E-5
-7.317088E-6
-6.544829E-6
-6.0971747E-6
9.306714E-5
1.8125445E-4
1.5715093E-4
5.682559E-5
7.130374E-5
1.3085522E-4
1.2804802E-4
6.857228E-5
9.503089E-5
8.739673E-5
6.173045E-6
1.6103815E-5
5.3345906E-5
3.7777731E-6
1.55205E-4
9.904776E-6
-8.533882E-6
4.52999E-5
-4.136311E-5
9.7019976E-5
-3.898066E-5
8.324127E-5
-1.002141E-4
8.7390705E-5
-3.835968E-5
3.1102598E-5
-7.8410594E-5
1.939927E-4
-1.2581737E-4
-2.858814E-6
-5.085093E-5
-1.5852082E-5
-1.5672314E-5
-3.8969174E-5
-1.8454248E-5
9.1025344E-5
-1.624698E-4
-3.920691E-5
1.0459268E-4
2.9823066E-5
2.2862025E-5
-2.683453E-5
8.504141E-5
1.1008388E-5
3.652593E-5
-4.0227544E-5
2.4852081E-6
7.530591E-5
5.8647106E-6
-8.6100816E-5
-2.7525331E-5
-3.6105896E-6
-6.929022E-5
-2.9755107E-5
-1.3985258E-4
-1.5556843E-4
-1.1251071E-4
-3.4253717E-5
-1.2035237E-4
-1.1988147E-5
-8.6764914E-5
-2.0067318E-5
-1.5457238E-4
-1.6149423E-5
-1.3011978E-4
-6.066354E-5
-1.6334238E-4
-7.084476E-5
-1.5996429E-4
-5.4716016E-5
-1.8947705E-4
-1.1629224E-5
-1.9476186E-4
-1.0186045E-4
-2.853039E-4
-4.1911308E-6
-2.4184618E-4
-1.8123303E-4
-1.8411195E-4
-1.08257955E-4
-2.9976686E-4
-1.3703921E-4
-3.4000314E-4
-3.226747E-4
-3.198599E-4
-1.3430521E-4
-2.1540215E-4
-2.4366984E-4
-1.8869594E-4
-1.1789526E-4
-1.6021331E-4
-1.838454E-4
-1.03861275E-4
6.778893E-5
-1.1559149E-4
-6.645729E-5
-4.283994E-5
5.599411E-5
8.48625E-5
9.771433E-5
1.0707949E-4
1.3624394E-4
1.7515486E-4
2.0473647E-4
5.931327E-5
1.7367702E-4
-2.3180248E-6
1.2164182E-4
7.302367E-5
4.8283327E-5
-6.615779E-5
1.0752067E-5
-6.130388E-5
7.8198704E-5
-3.4633344E-5
2.1424245E-5
-4.3776963E-5
1.4744463E-4
-2.4851775E-5
5.9235725E-5
-4.0553667E-5
3.288632E-5
-2.2781815E-5
4.229402E-5
7.2805626E-5
6.678349E-6
-3.1967222E-6
5.6202978E-5
-7.7752076E-5
-1.7848228E-4
-1.7187576E-4
-1.4663345E-4
-3.5315368E-6
-6.656974E-5
-5.5758028E-5
-1.11160516E-4
-2.0561244E-4
-1.8509624E-4
-1.9649128E-4
-1.3372027E-4
-1.4524725E-4
-2.3896036E-4
-1.0174208E-4
-5.4023934E-5
-1.1130443E-4
-1.7241035E-4
-2.7613848E-4
-2.6463313E-4
-3.8191097E-4
-2.605358E-4
-4.7937979E-4
-4.3136222E-4
-3.8744998E-4
-3.9617016E-4
-5.290929E-4
-4.085985E-4
-4.8451728E-4
-3.7884482E-4
-5.3710403E-4
-4.2214E-4
-5.369852E-4
-5.052638E-4
-5.140111E-4
-5.106955E-4
-4.9847196E-4
-5.2036607E-4
-3.6257837E-4
-3.855274E-4
-4.576151E-4
-4.5162276E-4
-5.653072E-4
-5.4532755E-4
-5.154797E-4
-4.0261823E-4
-4.276146E-4
-4.868888E-4
-3.891944E-4
-3.6349436E-4
-3.6902563E-4
-4.9120176E-4
-2.5467566E-4
-1.07791675E-4
-9.491375E-5
-1.601716E-4
-3.5603065E-4
-2.7990807E-4
-2.470069E-4
-2.2515665E-4
-2.1067983E-4
-1.8973349E-4
-2.353771E-4
-1.2868848E-4
-1.07486085E-4
2.9873196E-5
-5.8618927E-5
4.842754E-5
-1.13904964E-4
-8.604914E-5
-2.450971E-4
-3.3955013E-5
1.1846482E-4
5.475746E-5
-1.4238738E-6
2.8893688E-5
-3.6834223E-5
3.4885208E-5
7.846799E-5
3.4944067E-5
-4.5021556E-5
-4.931424E-5
-1.1648715E-4
-9.49143E-5
-3.918951E-5
5.074757E-5
2.1251552E-4
1.5415698E-4
2.537969E-4
1.06160354E-4
1.8833982E-4
1.8529393E-4
2.6045466E-4
2.8999304E-4
2.9246844E-4
1.4438522E-4
2.3259807E-4
3.2470957E-4
3.7169663E-4
2.2695817E-4
3.0028584E-4
3.5599055E-4
2.6839646E-4
2.0860138E-4
2.7713474E-4
1.8812242E-4
2.0680207E-4
3.0931068E-4
1.3835703E-4
2.2160754E-4
2.3719517E-4
1.2079277E-4
9.753427E-5
1.7973255E-4
2.6086602E-5
2.3281113E-4
1.5195618E-4
2.1362511E-4
1.4324035E-4
-6.2580566E-6
4.4533343E-5
-2.4889649E-5
8.559133E-5
-6.812897E-5
2.5743254E-6
-1.8873678E-5
-4.531476E-5
-2.6720763E-5
-4.971571E-5
-1.3479943E-4
-1.2330145E-5
-4.35673E-5
8.2733095E-5
3.334948E-5
7.656889E-6
-3.0675958E-5
7.261443E-6
-1.1933978E-4
-1.9409896E-5
-1.1259353E-4
-1.5027134E-4
-1.0521378E-4
5.2432842E-6
-1.02435435E-4
-3.668394E-5
-2.2595917E-5
-1.1928387E-4
-3.0986783E-5
4.531448E-5
5.9836282E-5
-6.286867E-6
2.25047E-5
3.3059623E-5
8.512321E-5
9.5537864E-5
2.0554283E-4
2.221009E-4
5.9573296E-5
1.5326968E-4
1.8667315E-4
1.7521616E-4
1.2381379E-4
2.5856195E-4
1.5715987E-4
2.131337E-4
1.899802E-5
1.1324543E-4
2.0085841E-4
2.1332705E-4
1.751192E-4
1.5423444E-4
2.2999776E-4
2.700477E-4
1.0767085E-4
3.0449475E-4
1.6504402E-4
2.6918174E-4
2.8879233E-4
1.5702752E-4
1.0756661E-4
1.0043446E-4
1.7239171E-4
2.1485226E-4
1.968888E-4
1.2898684E-4
7.8977224E-5
1.7850133E-4
2.505394E-4
1.4045926E-4
1.3343844E-5
1.0303529E-4
9.8379875E-5
1.8062572E-5
1.6591652E-5
1.1119734E-5
2.7439823E-5
8.579104E-5
-6.914927E-5
-3.4849705E-5
-8.810503E-5
-2.2091835E-5
-1.6586321E-4
-1.1382543E-4
-1.3888949E-4
-9.7919954E-5
-1.6504085E-4
-1.4982026E-4
-2.4731582E-4
-1.2895622E-4
-2.9521264E-4
-1.2252775E-4
-3.1206486E-4
-2.4287662E-4
-2.829004E-4
-3.0211918E-4
-2.82929E-4
-2.9984186E-4
-5.1339704E-4
-2.818315E-4
-4.6088625E-4
-3.4743457E-4
-2.8161416E-4
-2.9409255E-4
-4.1130066E-4
-4.892169E-4
-4.1396718E-4
-4.3716113E-4
-5.126756E-4
-4.7525414E-4
-4.1178937E-4
-6.4680027E-4
-5.791725E-4
-5.7634054E-4
-4.7300753E-4
-5.540665E-4
-4.5146307E-4
-6.50164E-4
-5.500128E-4
-5.511377E-4
-5.980363E-4
-4.218155E-4
-4.0176781E-4
-5.9247424E-4
-6.2119635E-4
-5.4608774E-4
-6.054972E-4
-5.130535E-4
-6.1829184E-4
-5.524592E-4
-4.990788E-4
-5.9341535E-4
-5.069165E-4
-4.959389E-4
-5.471746E-4
-5.6101714E-4
-5.5616535E-4
-5.32214E-4
-5.4126297E-4
-5.7399983E-4
-5.0018105E-4
-5.1267195E-4
-4.3012013E-4
-3.3454952E-4
-2.981279E-4
-2.855443E-4
-2.4986305E-4
-2.6928447E-4
-2.957277E-4
-2.261222E-4
-2.2085062E-4
-3.2161782E-4
-1.0325696E-4
-1.6278749E-4
-2.0392967E-4
-2.4952192E-4
-1.2410154E-4
-2.6351586E-4
3.2558826E-5
-7.370618E-5
-7.8386496E-5
-3.2562933E-5
-9.906436E-5
-9.3266346E-5
-4.0850766E-5
4.729119E-6
7.669865E-6
2.9053423E-5
1.5920076E-4
5.2761778E-5
1.8193321E-4
1.5833993E-4
1.7334998E-4
1.08522E-4
1.9490795E-4
2.4093034E-4
1.7403706E-4
1.504861E-4
1.9163392E-4
2.1519828E-4
1.5573857E-4
2.570725E-4
2.2668016E-4
3.5479915E-4
1.2866777E-4
1.9714439E-4
1.9954614E-4
6.559035E-5
1.8650753E-4
1.6583882E-4
5.1121828E-5
7.836417E-5
1.6519119E-4
1.04433166E-4
1.0657515E-4
4.417294E-5
5.8082453E-5
-2.305207E-5
1.8507529E-4
6.126587E-5
9.731816E-5
3.2704214E-5
1.0753986E-4
-1.1705232E-4
-7.6495395E-5
3.0054856E-5
1.4779708E-4
3.2743235E-5
1.5841167E-4
1.2285408E-4
1.0437824E-4
4.913139E-5
-3.98617E-5
1.8269628E-4
7.047036E-5
1.9126186E-4
-2.7163338E-5
1.0797514E-4
2.0186926E-5
1.1682665E-4
1.5650061E-5
9.8509016E-5
4.706088E-5
1.3050613E-4
1.18858465E-4
1.8861917E-4
6.269775E-5
1.5728956E-4
-1.1023503E-5
5.9732985E-5
1.1682669E-4
1.2322329E-4
2.2141938E-4
2.6460277E-4
2.7243426E-4
2.1291949E-4
2.3692437E-4
2.1396606E-4
4.3979354E-4
2.581385E-4
4.8189925E-4
2.932531E-4
4.129387E-4
3.5331698E-4
3.775639E-4
4.112859E-4
6.158502E-4
4.7804165E-4
4.7225118E-4
5.647296E-4
4.9298315E-4
4.1177936E-4
4.6676124E-4
4.5440465E-4
3.3051928E-4
3.2903385E-4
3.2125137E-4
2.7411664E-4
2.8770135E-4
3.4299277E-4
2.3730675E-4
3.1991486E-4
1.750843E-4
2.675647E-4
1.2441959E-4
2.6988835E-4
1.1795465E-4
9.7496595E-5
1.9201514E-4
1.3206048E-4
-6.1890564E-6
3.73756E-5
6.94845E-5
3.1257245E-5
-3.0825897E-5
1.3325499E-4
4.9833892E-5
4.2278487E-5
1.4564992E-4
-3.519179E-5
5.345887E-5
-7.626911E-6
8.697919E-5
-6.9979455E-5
1.5809488E-5
-2.6754655E-5
-5.9122027E-5
-9.809841E-5
3.2329728E-5
-7.43367E-5
-1.4947279E-4
-1.2329419E-4
-1.503009E-4
-3.0783497E-4
-3.00042E-4
-2.0616695E-4
-2.6108196E-4
-1.9325476E-4
-2.375574E-4
-2.3227918E-4
-4.1542377E-4
-4.1558262E-4
-4.1910028E-4
-3.3045906E-4
-3.6574408E-4
-3.300163E-4
-5.0521625E-4
-4.2759394E-4
-4.547915E-4
-3.4693745E-4
-3.774209E-4
-4.049967E-4
-5.92608E-4
-5.622993E-4
-3.9431776E-4
-4.0356215E-4
-4.5661858E-4
-4.5411824E-4
-4.3804868E-4
-5.199506E-4
-3.3319875E-4
-4.89331E-4
-3.1266533E-4
-4.0345057E-4
-2.6204265E-4
-4.2125475E-4
-4.360327E-4
-3.6607092E-4
-4.0829377E-4
-3.4991442E-4
-3.1355952E-4
-3.5581086E-4
-3.1789343E-4
-4.4122632E-4
-3.7549966E-4
-4.4924833E-4
-4.7792794E-4
-3.633427E-4
-2.9450614E-4
-3.0293514E-4
-4.1706575E-4
-5.3181144E-4
-4.655363E-4
-3.0233437E-4
-4.1166507E-4
-3.7041015E-4
-5.1385403E-4
-4.4805667E-4
-2.6626946E-4
-2.2409041E-4
-3.0099324E-4
-3.588184E-4
-2.8844143E-4
-3.0786326E-4
-3.2334877E-4
-2.6437498E-4
-1.0165453E-4
-3.3376954E-4
-1.833113E-4
-2.7954867E-4
-1.1410077E-4
-2.2548978E-4
-1.6210039E-5
-2.1257381E-4
-7.186043E-5
-8.126369E-5
-3.231633E-5
-8.806925E-5
1.0504886E-5
-2.1685855E-5
1.7976086E-4
-2.3089075E-5
1.4524208E-4
-3.4851626E-5
2.9207924E-5
8.151984E-5
1.7307131E-4
1.528091E-4
1.0602983E-4
1.6397332E-4
1.6014707E-4
2.0946664E-4
2.3801526E-4
1.9280514E-4
2.3201603E-4
1.5851126E-4
2.3177393E-4
1.8430104E-4
3.6715626E-4
2.9114485E-4
1.8010325E-4
1.7792724E-4
2.5061148E-4
2.3148497E-4
2.9454805E-4
2.7384664E-4
2.8371956E-4
2.9231163E-4
3.3699526E-4
2.7382158E-4
3.652821E-4
2.630195E-4
3.6709144E-4
1.4448885E-4
1.8637543E-4
1.6009738E-4
2.564329E-4
1.3126343E-4
3.509551E-4
2.2850523E-4
3.292929E-4
1.2857188E-4
2.958572E-4
1.6733208E-4
3.1846965E-4
2.070938E-4
4.2416298E-4
3.1416677E-4
3.5836676E-4
3.321389E-4
2.2035363E-4
2.8873066E-4
3.2996846E-4
1.7502607E-4
3.238432E-4
2.7610495E-4
3.8873384E-4
3.1949187E-4
2.5873305E-4
2.6111706E-4
2.6364464E-4
4.2855393E-4
3.4441426E-4
3.3056847E-4
3.1011453E-4
3.4800157E-4
2.2609052E-4
3.3161367E-4
1.8817664E-4
3.076755E-4
2.6250017E-4
2.9218945E-4
3.5641767E-4
3.3644313E-4
3.5992466E-4
2.5362038E-4
2.876096E-4
3.4405832E-4
3.3504653E-4
1.8331465E-4
2.4389735E-4
2.6644225E-4
2.4589495E-4
1.609211E-4
3.5156257E-4
1.3469657E-4
1.3233758E-4
3.3066313E-5
1.5061752E-4
5.7917892E-5
1.0943151E-4
1.6059188E-4
9.1864895E-5
-1.933625E-5
-3.396989E-5
-8.490654E-5
-7.215576E-5
-7.3409516E-5
-1.5511393E-4
-7.3484196E-5
-1.449032E-4
-1.21438236E-4
-6.75175E-5
-1.7862706E-4
-1.5324645E-4
-2.0168205E-4
-1.6039428E-4
-2.8041916E-4
-1.2425904E-4
-2.398984E-4
-2.6269828E-4
-2.7728724E-4
-2.101292E-4
-3.131799E-4
-1.2499688E-4
-2.605096E-4
-1.9114015E-4
-2.786922E-4
-3.2723832E-4
-2.7334856E-4
-2.9057128E-4
-4.2932632E-4
-4.82434E-4
-4.2305593E-4
-3.6210025E-4
-5.0471205E-4
-4.3749958E-4
-5.67107E-4
-4.2136016E-4
-4.2944608E-4
-3.6947062E-4
-5.7098956E-4
-5.025236E-4
-5.8218214E-4
-5.381566E-4
-4.5344667E-4
-4.85134E-4
-4.1503774E-4
-5.2167237E-4
-5.684338E-4
-4.72405E-4
-6.357801E-4
-6.9327577E-4
-5.3074077E-4
-5.8100815E-4
-5.799578E-4
-5.479658E-4
-5.0698867E-4
-5.618176E-4
-6.4779475E-4
-5.706757E-4
-5.3652475E-4
-6.759194E-4
-6.031688E-4
-5.822977E-4
-5.8689585E-4
-6.001546E-4
-4.896342E-4
-5.609994E-4
-5.97021E-4
-4.949197E-4
-5.0593656E-4
-3.5407912E-4
-4.6212523E-4
-3.9255433E-4
-4.3915672E-4
-3.1079966E-4
-4.1543547E-4
-2.2146503E-4
-2.6509806E-4
-4.3432337E-5
-2.1096472E-4
-6.895981E-5
-8.75182E-5
-1.5519238E-4
-7.8224235E-5
-4.215955E-5
1.2109112E-5
-2.0641923E-5
-1.0908192E-4
-2.694479E-4
-1.6972333E-5
-2.3568613E-5
-1.0047612E-5
-9.363473E-5
2.8904944E-5
-7.262384E-5
4.479355E-5
-7.0343354E-5
-1.0369439E-4
-5.9456794E-5
-7.450297E-5
-1.3609914E-4
-1.3032008E-4
-1.3785479E-4
-5.607838E-5
-5.2854597E-5
1.3781746E-5
1.0743652E-4
-1.1963164E-4
-1.5468579E-5
-8.00856E-5
1.7643191E-5
-2.1251032E-4
-9.103505E-5
-2.0479308E-4
-8.883109E-5
-1.17874435E-4
3.3972712E-5
-2.6018879E-5
5.5198012E-5
-1.9603583E-5
1.1378341E-4
-2.8074292E-5
1.0996739E-4
8.4687425E-5
4.839733E-6
-2.0446185E-5
-1.3337383E-5
-1.9587683E-6
9.946296E-6
8.0824866E-5
1.1362599E-4
2.0524896E-4
7.802921E-5
1.5681359E-4
1.2325007E-4
2.675765E-4
2.5770074E-4
1.9539935E-4
1.6403758E-4
1.8683236E-4
1.3351621E-4
2.7666896E-4
1.6684274E-4
1.390653E-4
2.643936E-4
2.1238954E-4
2.712491E-4
1.7441473E-4
2.2398517E-4
1.0218728E-4
2.1783993E-4
8.838466E-5
2.0612428E-4
1.0687614E-4
2.7809752E-4
2.895175E-4
3.4611268E-4
3.2462474E-4
3.0081288E-4
3.887488E-4
4.0842392E-4
3.5005517E-4
3.9293102E-4
3.081406E-4
2.3645122E-4
3.1681187E-4
3.3382617E-4
2.6150342E-4
3.421279E-4
2.3084666E-4
3.3381453E-4
2.5363054E-4
2.033207E-4
3.3282855E-4
2.554373E-4
2.4148617E-4
3.9262333E-4
3.2701314E-4
2.6763268E-4
3.5029385E-4
2.9204297E-4
2.5917217E-4
2.651256E-4
3.058018E-4
2.672408E-4
2.2102708E-4
2.0218593E-4
1.6611734E-4
1.5383498E-4
1.6871784E-4
1.3554572E-4
2.8259517E-5
1.331263E-4
8.537273E-5
9.3696486E-5
5.809461E-5
1.0129628E-4
-1.4960695E-5
1.3761298E-4
4.3910783E-5
1.090035E-4
3.23019E-5
1.0646345E-4
7.3734955E-5
1.5728995E-4
1.4826737E-4
1.3137137E-4
1.6471145E-4
1.2490625E-4
4.772911E-5
8.1937316E-5
1.13834416E-4
4.4776443E-5
5.8891816E-5
1.17732256E-4
3.9649974E-5
1.4812923E-5
2.2265944E-5
-2.2022173E-4
-2.060355E-5
-1.7754226E-4
-1.19007236E-4
-2.2933766E-4
-1.8017883E-4
-2.3564095E-4
-3.148628E-4
-3.0474007E-4
-3.6258128E-4
-3.956608E-4
-4.358742E-4
-4.109146E-4
-4.6830272E-4
-3.4104974E-4
-4.081855E-4
-3.4117646E-4
-4.602279E-4
-3.5904738E-4
-5.02551E-4
-3.6509833E-4
-3.4244932E-4
-3.7182932E-4
-5.0278805E-4
-4.7337796E-4
-4.436041E-4
-3.231311E-4
-3.5010756E-4
-3.5518638E-4
-3.487576E-4
-3.4540007E-4
-4.5048725E-4
-4.2485737E-4
-3.8788904E-4
-3.5960914E-4
-3.660524E-4
-3.9227502E-4
-3.0930564E-4
-3.2919872E-4
-2.5941306E-4
-3.1718373E-4
-2.2214079E-4
-2.189128E-4
-2.0843025E-4
-3.1372707E-4
-3.2357685E-4
-3.1982036E-4
-1.2678481E-4
-2.0880737E-4
-2.141926E-4
-2.9431217E-4
-2.3618859E-4
-2.2853058E-4
-3.1336688E-4
-2.4220071E-4
-2.5739966E-4
-1.212085E-4
-2.3711953E-4
-2.5473078E-4
-2.986203E-4
-1.5148454E-4
-1.342504E-4
-6.8311405E-5
-1.5377627E-4
-7.185052E-5
-5.013177E-5
-3.232566E-6
-2.1932648E-4
8.421621E-5
8.1016784E-5
2.6075844E-5
-5.43981E-5
-1.2607922E-4
-6.862279E-5
-5.757561E-5
1.8873568E-5
3.1364838E-5
5.4244694E-5
7.803876E-5
5.398921E-5
2.0958277E-4
2.306954E-4
2.8151565E-4
1.8697152E-4
2.485756E-4
3.8116617E-4
2.57745E-4
3.4393786E-4
1.4964743E-4
3.146338E-4
2.8078986E-4
2.4097809E-4
3.7583444E-4
2.885571E-4
2.2446216E-4
2.9054654E-4
2.6451924E-4
2.785481E-4
4.4908916E-4
3.0045563E-4
2.7562422E-4
2.8593323E-4
4.1955407E-4
2.6436147E-4
4.127068E-4
3.4345343E-4
3.0707722E-4
2.8919178E-4
3.324982E-4
2.827564E-4
2.6568957E-4
3.5449793E-4
1.9000303E-4
2.1457234E-4
2.4213147E-4
2.7655094E-4
2.457095E-4
2.0318344E-4
1.2852639E-4
1.8376738E-4
1.337159E-4
2.3274546E-4
1.5640432E-4
1.3319282E-4
8.20684E-5
1.2649117E-4
2.0063808E-4
3.8765147E-4
2.688198E-4
2.4984538E-4
1.15761504E-4
2.4764306E-5
2.0919037E-4
2.2285813E-4
1.610332E-4
1.1517549E-4
1.5565136E-4
7.895189E-5
1.5187396E-4
2.1683263E-4
1.7477249E-4
7.77779E-5
1.6213249E-4
3.3307897E-5
6.7229244E-5
9.608569E-6
1.4906603E-5
-2.4691863E-5
1.2865809E-5
-4.6542256E-5
-6.796707E-5
-1.0922443E-4
-1.4501113E-4
-1.9149239E-4
-7.7389355E-5
-1.8144083E-4
-2.3127091E-4
-3.0434623E-4
-3.2493775E-4
-3.3925846E-4
-3.4209972E-4
-1.8766582E-4
-1.7427445E-4
-2.9484252E-4
-1.9345037E-4
-2.6335174E-4
-3.3617427E-4
-2.6717415E-4
-2.7327702E-4
-2.0901585E-4
-2.9130263E-4
-2.5173882E-4
-3.0142438E-4
-2.5963734E-4
-2.6095862E-4
-1.6958005E-4
-3.0572776E-4
-1.2079869E-4
-2.6646923E-4
-2.5900357E-4
-1.7481101E-4
-1.7142086E-4
-2.0195117E-4
-2.9232644E-4
-1.6066546E-4
-2.9743905E-4
-8.578247E-5
-1.65988E-4
-1.3848433E-4
-1.8401693E-4
-6.6400404E-5
-1.312706E-4
-1.1688164E-4
-9.411185E-5
-1.7606636E-4
-1.523444E-4
-2.5086655E-4
-1.7283176E-4
-2.032119E-4
-1.7052438E-4
-1.1746781E-4
-9.426593E-5
-1.1119527E-4
-1.1008529E-4
-1.7219626E-4
-1.4392602E-4
-2.7532186E-4
-1.0268952E-4
-1.8359638E-4
-1.8194415E-4
-2.2625308E-4
-1.8498482E-4
-2.9509034E-4
-2.2383743E-4
-2.775301E-4
-1.533258E-4
-2.558538E-4
-2.568027E-4
-1.9539402E-4
-2.2756301E-4
-9.354243E-5
-1.2020896E-4
-1.7284707E-4
-3.020185E-5
-6.992575E-5
-2.0103567E-4
2.3149563E-5
-7.426009E-5
3.836169E-5
-1.8441307E-5
4.3158463E-5
-4.043864E-5
7.455755E-5
-2.0704181E-5
5.9339204E-6
-1.02257145E-4
1.2255872E-4
2.1739252E-5
1.03046266E-4
-2.3712379E-5
8.918653E-5
-4.6896453E-6
6.798939E-5
-6.286523E-5
2.9535446E-5
5.8287224E-5
5.664346E-5
5.4853474E-5
4.992664E-5
7.700955E-5
5.733242E-6
5.2689524E-5
5.3407777E-5
2.2930685E-4
1.1704404E-4
2.2356155E-4
1.2350532E-4
1.0154825E-4
1.822873E-4
1.65385E-4
1.7662595E-4
5.3385178E-5
1.21698286E-4
1.3247799E-4
1.3932737E-4
4.1664716E-5
1.2879897E-4
4.1723368E-5
5.538138E-5
4.6315712E-5
1.4365713E-4
1.3528552E-5
1.3093372E-4
3.631676E-5
1.456229E-4
8.3282415E-5
1.1189223E-4
1.9063945E-4
1.8053732E-4
1.0948138E-4
1.870227E-4
-1.2667651E-5
2.2392924E-4
1.8770096E-4
2.1298658E-4
2.0461505E-4
1.8963747E-4
1.1937167E-4
1.4342292E-4
1.8769642E-4
1.3936732E-4
2.2737052E-4
7.245152E-5
2.4745901E-4
1.9222611E-4
1.3179262E-4
2.7229232E-4
1.3081986E-4
1.5185095E-4
3.208045E-4
2.202215E-4
2.2103687E-4
1.18038E-4
1.5170922E-4
1.4406307E-4
1.5359717E-4
1.5771891E-4
-1.598244E-5
1.0907646E-4
2.1033145E-4
2.1381816E-4
5.987512E-5
1.7818293E-4
6.789068E-5
4.4710167E-5
2.5288593E-5
2.2044049E-4
1.4458134E-4
1.7349847E-4
7.861372E-5
1.5300988E-4
6.674581E-5
2.2293004E-4
1.7283106E-4
2.0672372E-4
1.2894429E-4
1.6107246E-4
2.3049663E-4
1.4678547E-4
5.9004946E-5
1.0240617E-4
1.366018E-4
1.5439941E-4
1.0434058E-4
1.2731284E-4
1.955809E-4
1.4443492E-4
1.651952E-4
1.2323106E-4
1.2485107E-4
1.20016666E-4
1.3216426E-4
8.267619E-5
5.665653E-5
1.1012485E-4
9.4507464E-5
6.19024E-5
4.243681E-5
1.1141185E-4
4.6832272E-5
1.16922696E-4
-5.0857212E-5
4.465115E-5
1.5629446E-5
1.0105467E-4
-4.02176E-5
5.332486E-5
1.17992895E-5
-7.490744E-5
-8.618396E-5
2.0993188E-5
-2.0923812E-4
4.707121E-5
-2.4553156E-5
-2.3496888E-5
-4.7697966E-5
3.7393274E-5
9.757202E-6
-7.796865E-5
-6.25412E-5
-9.939446E-5
-1.1718478E-4
-2.2053417E-5
1.4518149E-4
-8.436609E-6
-8.98443E-5
-7.9958445E-5
-2.094201E-5
-4.1827305E-5
3.422617E-5
-6.5768305E-5
9.889885E-5
-8.127099E-5
-3.7022117E-5
-4.3963075E-5
-6.262235E-5
-3.4374003E-5
-5.5219265E-5
5.8403457E-5
-6.140722E-5
9.394737E-6
-4.53668E-6
8.648254E-6
-9.819983E-5
-4.9918954E-6
-1.0894442E-4
-5.078158E-5
-1.2895589E-4
-6.7712506E-5
-1.5890301E-4
-4.9770664E-5
-1.3429586E-4
-6.236985E-5
-1.2533138E-4
4.8686423E-5
-1.2077878E-4
-7.932397E-5
-6.602066E-5
-3.337278E-5
-1.5266926E-4
-1.06614694E-4
1.0232667E-6
3.2655942E-5
-6.263291E-5
-1.1261179E-4
-5.7674868E-5
-5.542967E-5
-1.9415008E-4
-1.4597624E-4
-1.2910705E-4
-1.0932979E-4
5.2944466E-5
5.70049E-5
-1.02376274E-4
-3.0434714E-5
-6.461511E-5
-1.1680502E-4
-2.0768992E-5
-6.786905E-5
-5.235677E-5
7.590142E-5
-8.344906E-5
-3.2464348E-5
-8.16139E-5
-6.115088E-5
-1.457294E-5
-5.8223148E-5
2.0520687E-5
-2.5480651E-5
-5.7871122E-5
1.758272E-5
4.7102767E-5
1.11147696E-4
-5.204665E-5
1.3370882E-4
6.4814696E-5
1.297596E-4
2.7996159E-5
1.3093132E-4
4.6969664E-5
1.271725E-4
1.0715481E-4
1.3031658E-4
1.2084712E-4
1.715047E-4
1.0650196E-4
1.650696E-4
1.4752275E-4
1.3724585E-4
1.3324025E-4
2.0474875E-4
1.3618082E-4
1.7450399E-4
1.520314E-4
1.3362875E-4
1.1003347E-4
1.0887594E-4
3.4970726E-5
5.4290565E-5
9.5024836E-5
1.2925331E-4
1.2072022E-4
2.272316E-4
1.1570987E-4
1.8974933E-4
1.05503765E-4
1.6296958E-4
6.565621E-6
2.0591964E-4
8.386777E-5
2.0766762E-4
2.5131523E-5
2.0813356E-4
9.404214E-5
3.0003558E-4
1.9321403E-4
2.3821414E-4
1.6848744E-4
1.4592189E-4
9.769259E-5
2.906348E-4
1.925028E-4
2.4212332E-4
2.161889E-4
2.51665E-4
1.4389712E-4
3.2608636E-4
2.614744E-4
2.7563996E-4
2.575404E-4
3.9070466E-4
3.1779232E-4
2.9392383E-4
2.4715168E-4
2.8920136E-4
2.825075E-4
3.2649323E-4
1.5769913E-4
2.4211839E-4
2.5248143E-4
2.5990704E-4
2.707765E-4
2.653825E-4
2.6683803E-4
3.0288287E-4
2.599296E-4
3.0097264E-4
2.0872019E-4
2.7444994E-4
2.3080777E-4
3.2244134E-4
1.5298797E-4
3.4420163E-4
2.3024307E-4
2.2784095E-4
1.9114779E-4
2.8999886E-4
2.3310284E-4
3.496581E-4
1.7241394E-4
2.32102E-4
2.0235842E-4
1.14782146E-4
9.81303E-5
4.2168096E-5
-1.9059147E-5
3.8464175E-5
1.5441411E-4
1.1111036E-4
8.493472E-5
-9.761176E-5
-1.0197766E-4
-5.5110286E-6
3.1804255E-5
-8.786553E-5
-6.3135367E-6
-1.4785303E-4
-4.8835762E-5
-2.1967765E-4
-9.094337E-5
-1.4760584E-4
-1.9128362E-4
-1.1035239E-4
-1.280146E-4
-7.290493E-5
-1.9060526E-4
-2.4999471E-4
-3.241129E-4
-2.844538E-4
-3.188193E-4
-1.423036E-4
-2.886425E-4
-2.5728947E-4
-2.249216E-4
-2.7005773E-4
-2.4230246E-4
-1.9076078E-4
-2.6182603E-4
-2.1111307E-4
-3.049707E-4
-1.5919493E-4
-2.4763632E-4
-1.4949332E-4
-1.654597E-4
-1.7906194E-4
-1.2904183E-4
-1.2217448E-4
-1.39246E-4
-1.9044321E-4
-9.436275E-5
-1.3665891E-4
-1.4914994E-5
-1.9154751E-4
-8.297916E-5
-8.923388E-5
-1.4255456E-4
-2.3259961E-5
-6.7784415E-5
-1.18378004E-4
-7.449619E-5
-1.146745E-5
3.053048E-5
-1.886676E-5
1.3312454E-4
-3.069473E-6
1.4049272E-5
-3.0517283E-5
7.842631E-6
3.2067313E-5
1.4016747E-4
3.4431905E-5
9.690477E-5
1.3412797E-4
5.6237666E-5
1.3533431E-4
1.3081462E-4
1.4729823E-4
1.03663035E-4
1.7314847E-4
3.6168323E-5
3.5808487E-5
-2.548901E-5
-8.8802435E-6
2.8703587E-5
6.2028703E-6
9.195247E-5
-2.706898E-5
-1.1188517E-4
1.019472E-5
-1.2787297E-5
-1.0222661E-4
-1.0334368E-4
-1.6495392E-4
-2.2039756E-5
-1.0695044E-4
3.9937047E-5
-1.4915653E-4
-1.2161409E-4
-1.7398229E-4
-1.1454169E-4
-1.8543734E-4
-5.1819905E-5
-2.681109E-4
-1.27804005E-5
-2.3193288E-4
-9.2517315E-5
-8.548732E-5
-4.9423263E-5
-1.2066829E-4
8.228642E-5
-6.69328E-5
-1.2163849E-4
-1.2157425E-4
-5.962823E-5
5.3210257E-5
-7.148939E-5
6.753026E-5
1.1863216E-4
9.135623E-5
7.395017E-5
9.771993E-5
2.1667118E-5
-8.503405E-6
2.8965971E-5
1.6639013E-4
1.6231304E-4
-2.3370905E-5
7.550988E-5
1.6568814E-4
1.0709288E-4
-1.2523019E-5
1.0252702E-4
6.301659E-5
8.079731E-5
1.0327193E-4
1.382426E-4
5.361983E-5
9.895636E-5
1.4137044E-4
1.355297E-4
8.3409424E-5
1.4083604E-4
4.148857E-5
1.3632819E-4
7.6282166E-5
2.0294059E-4
7.259811E-5
2.1134518E-4
1.0707631E-4
1.2568652E-4
1.4048442E-4
2.2622352E-4
1.2816761E-4
1.2663647E-4
5.1354713E-5
5.8731825E-5
1.4392352E-4
-6.0367656E-6
9.2682814E-5
4.0833052E-5
2.0120775E-4
6.508153E-5
7.542325E-5
1.1142439E-5
1.0355302E-4
9.581787E-5
3.8617763E-5
4.7105103E-5
3.4342396E-5
-1.1363705E-4
-3.1763833E-5
-1.2116829E-4
-8.231925E-5
-1.7221719E-5
-3.6603968E-5
-2.4369469E-5
-8.8440065E-5
-3.786562E-5
-9.521762E-5
-2.3319947E-6
-9.07445E-5
-4.3998065E-5
-1.4861002E-4
2.458638E-5
-1.184968E-5
-4.827603E-5
-6.573127E-5
3.9690363E-8
-1.3104139E-5
3.961727E-5
-8.9323476E-5
-9.145802E-6
8.609098E-5
3.4252957E-5
6.55979E-5
-6.286773E-5
-9.353492E-6
-6.500264E-5
-3.691252E-5
-4.935351E-5
3.2435717E-5
-1.5585995E-4
9.989038E-5
-6.0680137E-5
-7.700341E-5
4.65882E-6
9.3650364E-5
-3.7788315E-5
1.4934874E-4
-7.450111E-5
7.686235E-5
3.4570698E-5
9.729345E-5
3.183048E-5
2.5558265E-5
4.7097743E-5
1.0922708E-5
6.885622E-5
1.807353E-4
1.4452374E-4
7.6171615E-5
1.5080182E-4
1.0313905E-4
1.3323991E-4
6.621435E-5
8.26422E-5
1.07559055E-4
2.0236339E-4
8.984723E-5
1.1071175E-4
4.2659718E-5
3.924989E-5
3.386548E-5
6.173218E-5
3.6744226E-5
5.861106E-5
5.268767E-5
-5.6920353E-6
7.215459E-5
2.0119078E-5
1.8240655E-4
6.0698465E-5
1.2271083E-4
-5.6408226E-6
1.0452023E-4
-9.6066E-5
1.4693817E-4
-2.9456816E-5
9.522795E-5
5.766536E-5
2.1435822E-4
-4.8419247E-6
9.305088E-5
-2.2807359E-5
1.9457554E-4
-1.2780695E-4
2.873986E-5
-6.3787165E-6
2.0533189E-5
-1.1444213E-4
3.6019897E-5
-2.483357E-5
-4.77147E-5
-4.8211485E-5
-5.5624696E-5
-3.6900557E-5
-5.754623E-5
8.690252E-5
-4.1083462E-5
-4.831427E-5
-6.937981E-5
-5.0103226E-5
2.901083E-5
-3.6417096E-5
-3.8523405E-5
-8.055767E-5
5.5630615E-5
6.04432E-6
-1.3333565E-5
-3.5787954E-5
-6.990973E-5
-4.3301447E-5
4.1580724E-6
-1.1399529E-4
6.787379E-5
1.1627657E-6
3.3810928E-5
-9.911416E-5
9.442694E-5
-1.6951624E-4
9.4648756E-5
1.1313824E-5
-1.87723E-5
6.663842E-8
3.9057606E-5
-2.1441729E-5
1.288364E-4
3.1551364E-5
8.084265E-5
1.2949466E-4
1.6248597E-4
7.5097225E-5
1.5776293E-4
9.617987E-5
9.814056E-5
1.6535154E-4
1.8438637E-4
1.6492789E-4
2.5985792E-4
1.9854527E-4
2.4071865E-4
1.3235224E-4
3.096546E-4
2.3097367E-4
2.1157664E-4
2.502363E-4
2.9625444E-4
2.7677466E-4
2.4532474E-4
1.9984064E-4
3.257894E-4
3.156675E-4
3.0104016E-4
1.6692736E-4
2.6545813E-4
2.0770635E-4
3.657674E-4
3.2649023E-4
3.8766206E-4
3.5858847E-4
3.4912117E-4
3.7424767E-4
3.213361E-4
2.127799E-4
4.26898E-4
3.778286E-4
3.5123937E-4
2.5288571E-4
3.023492E-4
1.7393335E-4
3.1550325E-4
2.7485972E-4
3.723772E-4
3.4297962E-4
3.8154266E-4
3.0258764E-4
1.8805667E-4
2.176532E-4
3.0693616E-4
2.927589E-4
2.2481434E-4
1.9287711E-4
1.364106E-4
1.4228423E-4
2.5181792E-4
1.3923424E-4
2.5172798E-5
1.7156839E-4
1.463056E-4
8.9542744E-5
1.492148E-4
7.7091994E-5
1.087109E-4
4.444519E-5
9.25898E-5
-1.4503021E-4
4.8741822E-5
-8.444076E-6
-5.975648E-5
-2.0073281E-4
-1.3595217E-4
-1.646939E-4
-1.8852348E-4
-1.7801877E-4
-1.9829281E-4
-1.8422892E-4
-2.9586977E-4
-3.187443E-4
-2.2000968E-4
-1.2465536E-4
-1.5086804E-4
-1.6148288E-4
-2.5176554E-4
-2.7087666E-4
-3.299919E-4
-2.4787485E-4
-2.3520575E-4
-2.0794934E-4
-2.179336E-4
-1.3709719E-4
-2.7681197E-4
-2.8152636E-4
-2.1075393E-4
-2.0586407E-4
-3.7373838E-4
-2.5348784E-4
-2.8808566E-4
-1.8472316E-4
-7.4163676E-5
-1.3448081E-4
-2.3789179E-4
-2.0246349E-4
-1.6110046E-4
-1.726051E-4
-1.1967269E-4
-1.0422096E-4
-9.1112975E-5
-1.8183496E-4
8.461693E-5
-9.8717595E-5
-3.034144E-5
3.8217506E-5
4.3892953E-5
3.75849E-5
1.0202176E-4
4.8569134E-5
5.544498E-5
5.380918E-7
1.8042927E-5
4.855781E-5
2.0535965E-5
-1.681575E-5
3.593489E-5
1.1613038E-5
7.58768E-5
7.1662056E-5
1.2672138E-4
1.353546E-4
1.14865616E-4
1.1143724E-4
6.7398534E-5
1.2783904E-4
6.998514E-5
1.7529156E-4
1.3905132E-4
2.1191013E-4
3.0484272E-4
2.5807013E-4
1.9106103E-4
2.5420956E-4
1.8385878E-4
2.1304826E-4
3.184505E-4
2.1517348E-4
2.3063664E-4
2.3307395E-4
1.9388013E-4
2.2707619E-4
3.8352289E-4
2.2594565E-4
2.571234E-4
1.9560033E-4
3.2740735E-4
1.3166777E-4
2.3853043E-4
1.7437212E-4
7.093445E-5
1.9776527E-4
1.19611286E-4
6.5909946E-5
1.835757E-4
1.8956726E-4
1.9185006E-4
6.58722E-5
1.2764911E-4
7.06266E-5
1.461399E-4
1.1004461E-4
1.2721057E-4
6.9718946E-5
2.5744512E-5
-3.8097747E-5
1.77814E-4
-6.2103216E-5
6.0728922E-5
1.19081575E-4
6.7271845E-5
7.683323E-5
5.67054E-5
6.434396E-5
7.421255E-5
5.3649586E-5
2.5254074E-5
-8.374281E-6
-2.2648695E-5
7.4225216E-5
2.3622186E-5
-4.5320005E-5
-3.4784218E-5
3.4597324E-5
1.0717326E-4
-8.550241E-6
-5.3099717E-5
-9.7437245E-5
8.295805E-5
-1.8215596E-5
9.019734E-5
-1.1860008E-5
-2.5528934E-5
-1.6915926E-4
5.4415534E-5
3.870448E-5
3.6729773E-5
7.47345E-5
1.2973078E-4
1.6431684E-4
2.4439662E-4
1.8063128E-4
1.8400117E-4
1.5948473E-4
6.337065E-5
3.0043875E-4
2.2274419E-4
1.7955033E-4
3.394468E-4
2.5533114E-4
2.4359536E-4
2.942744E-4
2.0373559E-4
2.76036E-4
3.0366168E-4
2.9605275E-4
2.6505208E-4
2.3589276E-4
3.2564142E-4
2.4536916E-4
3.0190067E-4
3.734303E-4
2.548217E-4
3.674292E-4
3.3338412E-4
2.222709E-4
3.5108603E-4
3.0011064E-4
5.0664303E-4
3.8363147E-4
4.1062114E-4
3.1675937E-4
3.7779618E-4
2.4907186E-4
2.151856E-4
2.1014694E-4
3.3317626E-4
2.3905243E-4
3.293576E-4
2.953326E-4
3.4557955E-4
3.0970445E-4
4.383742E-4
2.3846922E-4
2.2884447E-4
1.8728896E-4
2.0623527E-4
2.1391417E-4
1.4124492E-4
1.9430292E-4
2.0642455E-4
1.5635214E-4
4.9510905E-5
1.2432346E-4
4.7733305E-5
1.13981114E-4
-2.242555E-5
-5.0849496E-5
-2.1955118E-5
-1.1107922E-4
-9.311228E-5
-7.798805E-5
-1.9448287E-4
-2.9286792E-4
-1.8684064E-4
-1.7015211E-4
-1.421485E-4
-2.5108605E-4
-2.4010478E-4
-1.98163E-4
-1.3648273E-4
-1.8912325E-4
-2.5440234E-4
-2.9881255E-4
-2.5681336E-4
-2.5963638E-4
-1.9362257E-4
-1.9477635E-4
-1.7553753E-4
-3.236401E-4
-2.5907162E-4
-2.2208798E-4
-7.794564E-5
-1.5452191E-4
-1.9770704E-4
-1.2489916E-4
-1.3051814E-4
-1.9800787E-4
-1.9434793E-4
-2.1521961E-4
-1.6263558E-4
-7.787312E-5
-2.123869E-4
-5.5580265E-5
-8.2146966E-5
-5.899963E-5
-7.354174E-5
8.1600236E-5
-3.6130412E-5
3.7856491E-6
-1.250469E-4
5.72243E-5
-3.707108E-6
7.423537E-5
3.4425262E-5
-5.820916E-5
8.1523634E-5
4.0551597E-5
5.563068E-5
1.3519642E-4
4.498448E-5
1.0031868E-4
2.3803172E-4
1.5323787E-4
2.3518567E-4
2.0200854E-4
1.5260656E-4
1.8385232E-4
2.1812569E-4
2.0920415E-4
1.7449848E-4
1.5348756E-4
1.6758856E-4
2.1938706E-4
2.3006072E-4
2.6585616E-4
2.5142645E-4
2.2935704E-4
1.5609815E-4
2.3518772E-4
2.2737189E-4
1.5016843E-4
1.6274332E-4
2.4392652E-4
1.2407954E-4
1.4767292E-4
6.516E-5
2.0354225E-4
9.017889E-5
1.5176441E-4
1.340786E-4
2.477553E-4
6.9163485E-5
1.5097509E-4
2.758875E-5
3.120406E-5
3.333191E-5
1.0450536E-5
-3.6303078E-5
-9.4937815E-5
-1.762116E-4
-1.3657347E-5
-1.3805566E-5
-5.4649972E-5
-1.10056506E-4
-1.20062075E-4
-5.9599162E-5
-1.09818415E-4
-8.6335676E-5
-1.7441351E-4
-1.2842618E-4
-2.9040777E-4
-1.6015302E-4
-1.9202594E-4
-1.0585632E-4
-2.0694852E-4
-1.933738E-4
-2.7773643E-4
-2.7478996E-4
-3.083912E-4
-2.7059502E-4
-2.1278525E-4
-2.4231685E-4
-2.3824928E-4
-2.658718E-4
-1.8148297E-4
-2.3188666E-4
-1.6716917E-4
-2.6921072E-4
-4.4813172E-5
-1.7468948E-4
-1.15909024E-4
-1.9162153E-4
-3.2985783E-5
-1.0878519E-4
2.9058554E-5
-4.065297E-5
8.210581E-5
6.0701284E-5
1.7225957E-5
2.2354345E-5
2.6368548E-4
1.5102736E-4
1.8329638E-4
2.0586675E-4
2.3589561E-4
1.7467001E-4
2.8837178E-4
3.2041364E-4
3.571365E-4
3.740996E-4
2.6288806E-4
4.5048492E-4
3.2085233E-4
3.4705756E-4
2.8448453E-4
4.0009548E-4
4.277013E-4
4.2983363E-4
3.5983176E-4
3.8041454E-4
3.695777E-4
4.828597E-4
5.031368E-4
5.359967E-4
4.7978846E-4
3.8326983E-4
5.701511E-4
3.9584152E-4
3.808872E-4
4.039163E-4
4.6982983E-4
4.8467232E-4
4.5798862E-4
4.3412205E-4
4.3858288E-4
4.752418E-4
5.489798E-4
4.4333804E-4
4.7824776E-4
3.111775E-4
3.6073916E-4
3.36954E-4
2.882093E-4
3.0231904E-4
3.439792E-4
2.654618E-4
1.9828434E-4
2.4134706E-4
2.2264551E-4
8.2742365E-5
1.6169797E-4
1.6807353E-4
6.5380584E-5
1.5190731E-4
1.0392595E-4
3.7795282E-5
-3.3330875E-6
5.402826E-5
-6.0966893E-5
-3.0381647E-5
-1.7475622E-5
1.3554917E-5
-6.775375E-5
-1.3681318E-4
-2.0371577E-5
-3.3670072E-5
-6.0849663E-5
-4.340013E-6
-4.8056914E-5
-1.4769362E-4
8.913802E-5
-4.129604E-5
3.050514E-5
-6.886677E-5
-8.791876E-5
-3.341014E-5
-1.6525102E-5
2.1294643E-5
-5.9268074E-5
-1.07398504E-4
-1.023434E-4
-7.624507E-5
-1.0192311E-5
-1.078962E-4
-6.9221875E-5
-1.800973E-5
-9.810858E-5
-1.3097667E-4
-1.4704202E-4
-4.9565624E-5
-8.223433E-5
-9.602576E-5
-7.957052E-5
-1.5440001E-4
-2.606412E-4
-1.0010975E-4
-1.7667947E-4
-2.6346868E-4
-2.0276677E-4
-2.909453E-4
-2.235842E-4
-1.6475139E-4
-2.1698615E-4
-1.731905E-4
-2.7595484E-4
-2.9732E-4
-1.8728853E-4
-2.3340824E-4
-1.6207341E-4
-2.1959496E-4
-4.3154843E-5
-1.2432235E-4
-1.1750692E-4
-1.1532474E-4
-8.072808E-5
-1.362321E-4
-1.07688196E-4
-1.5608895E-5
-5.3095915E-5
6.4425934E-5
-1.10736226E-4
1.6154013E-4
-1.17710486E-4
3.3513003E-4
-3.650784E-4
7.0277974E-4
-7.9719274E-4
0.0010339261
-7.4476533E-4
5.6181673E-4
4.5356408E-4
-0.0021215635
0.0017510813
5.6969444E-4
-2.3691241E-4
-2.299774E-4
1.6063292E-4
-8.180796E-5
5.0986815E-5
3.566392E-5
-8.971722E-6
1.2459389E-4
3.9121824E-5
7.617252E-5
-7.5989624E-7
4.6358982E-5
3.879242E-6
1.0247353E-4
-7.5486845E-5
1.0880879E-6
-7.0772717E-6
5.734137E-5
3.769473E-5
2.5473651E-5
-8.5077845E-5
-2.9597056E-6
6.600085E-5
1.7431641E-5
-8.168389E-5
-4.918472E-5
-1.0036641E-5
-6.5901615E-5
-8.783198E-5
5.8068195E-5
-4.6866185E-6
-2.9758789E-5
-2.1237613E-5
3.2102886E-5
-2.2956676E-5
-1.054229E-5
-5.129347E-5
-5.0657967E-5
-8.246359E-5
1.16082025E-4
6.457686E-5
4.177348E-5
-7.202027E-5
8.8145515E-7
-3.632737E-5
-3.1660697E-5
6.468482E-6
1.2948907E-4
-6.321589E-5
6.0827308E-5
-6.9055066E-5
-2.7321557E-5
-6.645903E-5
-1.5894417E-5
-1.6537102E-4
1.2690303E-4
7.3413496E-5
1.8621662E-4
-3.975775E-6
3.8165323E-5
3.272318E-5
1.1626187E-4
1.7799657E-5
2.9920822E-4
1.5899613E-4
3.8493323E-4
2.0257806E-4
2.457026E-4
1.4871355E-4
3.5789883E-4
2.0947863E-4
3.9779575E-4
3.1033103E-4
4.8837037E-4
3.0980527E-4
2.6151442E-4
-9.855121E-7
3.0784373E-4
1.4063112E-4
3.5956892E-4
2.4989212E-4
4.636998E-4
1.1353826E-4
4.0778142E-4
-7.118733E-5
1.904655E-4
-8.954031E-5
3.2241177E-4
9.582206E-5
4.053285E-4
-2.0723717E-5
3.4154876E-4
-1.5961562E-4
2.0585813E-4
-2.1654878E-4
4.0597393E-4
2.8292E-5
4.329602E-4
-3.795664E-5
5.334754E-4
6.9000496E-5
5.790477E-4
-8.973127E-5
7.1031076E-4
1.2763402E-4
9.4094663E-4
3.461241E-4
0.0011780871
1.1889803E-4
0.0010178144
2.4296549E-5
0.0010586785
-2.028706E-4
0.0014924789
-2.6877632E-4
0.0016594561
-5.765408E-4
0.0017832583
-0.001280633
0.0020719774
-0.0022725314
0.0026743773
-0.003173976
0.0039195353
-0.004861134
0.005465523
-0.0070891893
0.007373977
-0.009772058
0.010059365
-0.0127168
0.013767283
-0.015787857
0.017586716
-0.019604376
0.021006173
-0.023657965
0.024117872
-0.026375609
0.026564753
-0.027737467
0.028578663
-0.024859136
0.006275618
0.04611722
-0.11715781
0.2232125
-0.24556524
0.3275797
-0.30095494
-0.5546774
0.8850185
0.5772392
-0.52166784
-0.997969
-0.6478186
-0.0869985
0.18370883
0.9260269
0.28616816
-0.004376336
1.0
0.2915121
-0.62797725
-0.5443542
-0.07978838
0.25716513
0.5774159
0.54068184
0.30537796
0.009704916
-0.060742203
-0.02203664
-0.06205959
-0.067181684
0.0015101514
0.020035885
-0.09102763
-0.24632943
-0.36442605
-0.3499779
-0.21614714
-0.26638865
-0.33085904
-0.30524334
-0.2682777
-0.2434603
-0.23414546
-0.20966546
-0.13248007
-0.021672606
-0.08825089
-0.1861939
-0.15375723
-0.08035647
-0.049676914
-0.027958568
0.038670346
0.110913746
0.08261288
0.031121066
0.01579469
0.045640543
0.094680205
0.1301569
0.15232475
0.1371836
0.091110714
0.061399013
0.057549477
0.06659416
0.08686993
0.117446914
0.1356338
0.118869536
0.119331054
0.11350273
0.07010816
0.052138846
0.055001322
0.070304066
0.094122335
0.11365511
0.14711212
0.13664348
0.094129086
0.073094696
0.05815454
0.036266774
0.028551333
0.06246111
0.091698356
0.1112997
0.1316307
0.08145701
0.009112965
-0.012344741
-0.0097191
-0.0038689715
0.024047546
0.05122781
0.051371004
0.040640194
0.028788907
-4.593838E-4
-0.027250115
-0.018432004
0.007954404
0.03502469
0.047937587
0.052588694
0.03808559
0.016736971
0.002474747
-0.0048781014
0.009856396
0.03778269
0.05901792
0.05673974
0.037173115
0.017478133
0.0042204387
-0.0014524353
0.0061097923
0.018995821
0.028188461
0.02956933
0.019173378
0.010727034
-0.0012640381
-0.0094654
-0.012883283
-0.01279188
-0.0017994363
0.011063822
0.012451999
0.0033202244
-0.011242395
-0.015690675
-0.016086966
-0.025676588
-0.025379991
-0.014126169
-0.0023122667
-0.010378645
-0.021075632
-0.028613199
-0.03790955
-0.041459676
-0.04798071
-0.046240237
-0.04727571
-0.049195852
-0.05327029
-0.054267228
-0.053440247
-0.058515724
-0.057267863
-0.06163095
-0.06769606
-0.068476394
-0.060962692
-0.05336303
-0.047104333
-0.040324476
-0.042371724
-0.049526215
-0.04563938
-0.050566733
-0.049590245
-0.045965064
-0.037616324
-0.025324
-0.022994826
-0.025357278
-0.03279415
-0.034563687
-0.036361597
-0.040368736
-0.042216778
-0.030494757
-0.015221944
-0.010447836
-0.020357331
-0.033571012
-0.04480563
-0.045021556
-0.035033487
-0.023779154
-0.0111414585
-0.0035062209
-0.0044109803
-0.013172513
-0.021525487
-0.025642725
-0.025674121
-0.018551689
-0.009650859
-0.003432083
3.6989033E-4
-6.429745E-5
-0.0058118287
-0.012198877
-0.014970326
-0.014184477
-0.010780167
-0.0064372993
-0.0034580391
-0.0031987154
-0.005944983
-0.010031899
-0.012772413
-0.012959535
-0.010487482
-0.0075015198
-0.005310834
-0.0046038637
-0.0050607594
-0.0063028503
-0.0070577147
-0.0071465233
-0.006248374
-0.004759156
-0.0031869323
-0.0023242063
-0.0018880406
-0.0017841253
-0.0017797267
-0.0016581701
-0.0012499491
-8.1321184E-4
-4.1675693E-4
-1.6464446E-4
-5.654954E-5
-3.230458E-5
-1.8699491E-5
-6.000751E-6
-0.0
