* Impulse Response data saved by REW V5.20 Beta 12
* IR is normalised
* IR window has been applied
* IR is not the min phase version
* Source: Microfone (E-MU 0404 | USB), no input selected, Left channel, volume: no control
* Dated: 29/06/2017 15:50:51
* Measurement: jun 29 15:50:51
* Excitation:  128k Log Swept Sine, 1 sweep at -14,0 dBFS  Using a loopback as a timing reference
* Response measured over: 1,8 to 20.000,2 Hz
0.016247481107711792 // Peak value before normalisation
5996 // Peak index
6212 // Response length
2.0833333333333333E-5 // Sample interval (seconds)
-0.125 // Start time (seconds)
* Data start
0.0
1.3774842E-10
7.375401E-10
1.1544442E-9
1.2355817E-9
2.740764E-9
5.5783467E-9
9.322525E-9
5.2475575E-9
1.9975817E-8
1.0582554E-9
2.6571145E-8
1.393394E-8
3.2183664E-8
2.3125859E-8
4.662242E-8
5.691581E-9
4.363997E-9
2.8555213E-8
4.2781387E-8
4.9441965E-8
1.5364221E-9
1.907199E-8
4.4786205E-8
9.7554924E-8
3.2343863E-8
7.807092E-9
-5.4897143E-8
1.2527087E-7
2.2374877E-7
1.2150115E-7
1.1469728E-7
2.2092013E-7
8.8633094E-8
2.8798306E-7
2.5994277E-7
3.0244877E-7
1.4087759E-7
2.3544793E-7
4.61624E-8
1.3591023E-7
6.634441E-8
1.3561966E-7
-7.355685E-8
-8.122285E-9
-5.395457E-8
3.3973972E-8
1.2576609E-7
-1.0954566E-7
8.0676415E-8
-6.436932E-8
1.7302138E-7
-2.0778904E-7
-5.4864385E-10
-1.06388896E-7
-8.933788E-9
1.2842843E-7
2.613453E-8
-1.758146E-8
4.412462E-7
-2.873802E-7
-2.8470106E-7
-4.690824E-8
2.8308128E-7
-8.050353E-8
-4.2319064E-7
3.9042104E-7
6.70117E-8
8.0495033E-7
-3.6252513E-7
-6.7838194E-8
-4.971644E-7
6.8835897E-7
1.8312862E-7
2.8414306E-7
-3.2490952E-8
5.5527096E-7
-5.1261463E-7
-7.568083E-8
-5.662896E-7
1.8757476E-9
-3.4677498E-7
4.5997248E-7
-5.566086E-7
-4.0683165E-7
-1.3887585E-6
-7.5091845E-7
-8.5826167E-7
-9.3976223E-7
-1.1955057E-6
-8.796315E-7
-1.1785849E-6
-1.5375565E-6
-1.5429295E-6
-1.7678483E-6
-6.9750246E-7
-1.0539798E-6
-1.2044052E-6
-1.0562801E-6
-1.4262715E-6
-1.3338272E-6
-6.606277E-7
-7.1315884E-7
7.2442363E-9
4.142324E-7
-2.00611E-8
-7.254799E-7
5.1238766E-7
-8.658398E-8
-1.17866875E-7
7.96162E-7
-1.2290174E-7
5.323594E-7
-1.4538102E-6
1.3756844E-6
-5.363907E-7
1.2025163E-7
-4.2341512E-7
-1.7717458E-6
-2.2868276E-6
-1.3491527E-6
-3.5365417E-6
-1.7303246E-6
-2.2274808E-6
-3.7204836E-7
-3.9941538E-6
-1.1933022E-6
-2.4533877E-6
-9.4433716E-7
-1.9960962E-6
-3.808463E-7
1.7541394E-7
2.968419E-7
4.7336457E-7
1.1968218E-6
5.925818E-7
2.4097577E-7
2.40792E-6
-7.990468E-7
1.0211362E-6
8.8617696E-8
2.8918464E-6
-9.600119E-7
1.0191121E-7
-3.438019E-7
7.957048E-7
1.206803E-6
1.4931837E-6
-6.736158E-7
2.1137909E-7
-1.2711864E-6
-1.210108E-7
-4.3626602E-7
-1.113982E-6
8.424163E-7
-1.036212E-6
-9.188669E-7
-3.0632864E-6
-8.950488E-7
-5.1889106E-7
1.240276E-7
1.968929E-6
7.10822E-7
-3.1926234E-7
4.399976E-6
1.6276313E-6
2.301357E-6
2.3705213E-6
2.7488659E-6
1.4276615E-6
4.326351E-6
1.6656419E-6
1.1252711E-6
3.0771066E-6
7.3030657E-7
-1.3118481E-6
-1.09148175E-7
1.1449625E-7
-9.438726E-7
5.72801E-7
-2.0239129E-6
-4.4291805E-6
-4.0275727E-6
-2.702032E-7
-2.5627003E-6
2.6296766E-6
-3.26595E-6
1.4748497E-6
-1.7322792E-6
-1.8209307E-6
-5.296411E-6
6.4143474E-6
2.8122834E-6
4.7064595E-6
6.5199297E-6
8.386033E-6
4.573874E-6
6.516595E-6
7.718069E-6
7.1614677E-6
8.933843E-6
4.0028804E-6
4.933696E-6
4.990191E-6
5.804954E-6
2.285468E-6
5.778352E-6
5.1770444E-6
3.0721867E-6
1.3545667E-6
7.3572755E-6
6.1160863E-6
2.626691E-6
-1.0154786E-6
3.4134624E-7
2.9430803E-6
-6.056859E-7
-4.7975786E-6
2.9746343E-6
4.728558E-6
-1.7997894E-6
2.6290081E-6
-5.3592485E-6
-1.3610487E-6
-3.7948013E-7
7.15446E-6
-1.6187413E-6
9.238409E-6
-8.001087E-6
2.3884343E-6
-5.8586857E-6
1.4538133E-6
3.3369392E-7
4.5040547E-6
8.060549E-7
6.429713E-7
-9.045808E-7
-4.2088304E-6
1.6809604E-6
2.5419051E-6
1.8728781E-6
5.1098036E-6
-4.9641085E-7
-8.22741E-7
-1.8867627E-8
5.20801E-7
2.8560446E-6
7.7540983E-7
-4.9566456E-6
-6.4424916E-7
9.1630245E-6
-3.3389636E-6
-5.0343183E-6
-3.6769904E-6
-2.8359218E-6
-7.011839E-6
-6.027092E-6
-8.656954E-6
-5.647249E-6
-3.022536E-6
-1.3242198E-5
-8.935427E-6
-7.0654723E-6
-2.4584272E-6
-7.1039944E-6
-2.4886035E-6
-1.7749082E-6
5.467229E-6
-6.659193E-6
-1.8797725E-6
-5.9907625E-6
5.829641E-6
4.6695595E-6
1.4190777E-5
4.403312E-6
1.3919938E-5
1.7589225E-6
7.879824E-6
-5.358483E-7
3.1095399E-6
1.2460239E-6
5.644751E-6
-1.7582021E-6
-9.098079E-6
-5.1790753E-6
-9.360105E-6
-5.557915E-6
-1.7377335E-5
-1.065246E-5
-8.349096E-6
-1.7695207E-5
-1.2883839E-5
-6.233437E-6
-3.4278323E-6
-2.333557E-6
-3.0392878E-6
3.3918045E-7
-1.1516371E-5
-6.6638895E-6
2.592179E-6
-2.1801347E-6
7.0761125E-6
4.6298887E-6
9.90682E-6
1.3826556E-6
8.545425E-6
3.341812E-6
1.0577476E-5
4.78101E-6
1.8576186E-5
4.2761253E-6
9.63686E-6
-2.7669357E-6
1.1031709E-5
-9.272879E-7
5.701987E-6
2.19636E-6
8.49473E-6
-4.3060977E-6
-6.690503E-7
-9.50962E-6
-1.1594503E-6
-8.732774E-6
-2.8282445E-6
4.6518185E-6
-3.9288346E-7
-3.3512622E-6
-1.5537196E-5
-2.8683926E-6
-4.141757E-6
-3.4867952E-7
8.675312E-6
-3.0303408E-6
-4.1807584E-6
7.8835876E-7
-4.453137E-6
-2.7816018E-6
-1.0135092E-5
-6.6399634E-6
-7.925313E-6
-7.748311E-6
-1.0267767E-5
-7.192513E-6
2.4269555E-6
-4.0135606E-6
-6.4548267E-6
-2.1971651E-5
1.8812302E-6
-1.4688219E-5
1.0203787E-5
-1.6726593E-5
9.712743E-6
-5.3563163E-6
1.819527E-5
-1.9997091E-5
-5.686054E-6
-2.2165887E-5
-4.7482363E-6
-1.715665E-5
-8.847787E-6
-2.3294171E-5
-4.740552E-6
-1.709197E-5
-4.7075605E-6
-1.724838E-5
6.134327E-6
1.5175278E-6
-4.2508573E-6
-1.2315868E-5
3.860337E-7
-9.678274E-6
-3.874512E-6
-1.1567871E-5
-1.3246071E-5
-2.0872358E-6
2.2111312E-6
4.1816547E-6
5.8069536E-6
-2.0844752E-6
-3.4199077E-6
8.404235E-6
7.751026E-6
4.090608E-6
1.4736711E-5
1.2748318E-5
2.8244522E-5
1.8018558E-5
2.9534416E-5
5.9203644E-6
6.720683E-6
8.227778E-6
3.11952E-5
6.2770587E-6
2.2336337E-5
-1.4815963E-6
7.5138064E-6
-1.1151747E-6
1.3554563E-5
9.175885E-6
2.836112E-5
-1.28692955E-5
1.8892628E-5
-1.9869913E-6
-3.2987684E-6
9.909593E-6
-6.8087314E-7
6.5912886E-6
9.544084E-7
1.1587129E-5
5.51037E-6
6.783206E-6
2.0855443E-5
1.6216496E-5
1.7099943E-5
-1.2619107E-6
1.9034947E-5
-6.202315E-6
2.0471796E-5
4.2288033E-5
3.139761E-5
1.4832765E-5
1.1100745E-5
1.8644352E-5
1.6988202E-5
1.4913951E-5
1.417081E-5
2.4546162E-6
1.4456319E-5
1.309334E-5
3.549496E-5
8.3575915E-6
7.622176E-6
-7.977253E-6
2.7434387E-5
-1.7576824E-5
2.4281233E-5
-1.0719594E-5
4.5485717E-6
-3.0839037E-5
2.132435E-5
-1.009753E-6
5.237437E-6
-5.2999487E-5
4.2908277E-6
-2.3829174E-5
1.4297617E-5
2.7569004E-6
1.8176881E-5
9.796198E-6
-8.0049347E-7
-2.4390385E-5
-6.2417087E-7
4.810306E-6
1.4974821E-5
6.606165E-6
1.6832953E-5
1.819155E-5
2.1475085E-5
1.2750999E-5
1.5649883E-5
-2.0801679E-5
9.089269E-6
-1.4587222E-5
1.2213166E-5
6.4765327E-6
8.149707E-6
9.090012E-7
2.9745074E-6
-1.8492763E-5
-1.1722712E-5
-7.571392E-6
-1.6448761E-5
-3.899397E-5
1.3112254E-5
-1.4531579E-5
1.4752421E-5
-1.0947423E-5
1.7736882E-6
-1.8374154E-6
3.9672137E-5
-2.9617559E-5
1.9614434E-5
-1.4897655E-5
2.3088587E-5
-1.3472005E-5
2.3268127E-5
-3.533783E-5
1.099937E-5
-2.4160261E-5
3.4439865E-5
-3.907641E-6
1.4024516E-5
-8.178804E-6
1.7961798E-5
-3.1618125E-5
-1.5476862E-6
-5.635792E-6
2.0513211E-5
-1.1196648E-5
2.3207096E-5
-7.434438E-6
-1.320931E-5
2.2586582E-6
1.3921137E-5
-1.3521192E-5
8.242063E-6
3.9734746E-6
9.107003E-6
1.688027E-5
7.036051E-6
2.3046518E-6
2.0884523E-5
-3.988699E-6
-4.3222713E-6
-1.9496398E-5
2.3377535E-5
-2.6817072E-5
3.8445763E-5
-3.2948614E-5
1.4865217E-5
-7.225999E-6
2.1791511E-6
-5.1340994E-5
2.7303227E-5
-3.1285592E-5
4.0534214E-5
-2.6722408E-5
4.2559914E-5
-4.2715423E-5
9.898219E-6
-1.6980987E-6
3.0750827E-5
-1.4756123E-5
2.7043883E-5
-1.2716772E-5
1.4108184E-5
2.7077685E-6
1.8209232E-5
-2.9397045E-6
2.8225662E-5
3.2576086E-6
1.8297531E-5
1.9975841E-5
2.9486697E-5
-2.5138559E-6
1.6729658E-5
2.3151199E-5
3.6326044E-5
1.4703208E-5
2.5446595E-6
-7.829813E-6
9.71648E-6
-3.2851636E-5
3.1946598E-5
-2.0500988E-6
6.719518E-6
-8.883301E-6
-5.9455656E-6
-4.4907287E-5
2.5753341E-5
-3.7185426E-5
3.121808E-5
-3.1497828E-5
3.2314296E-5
-3.485877E-5
5.3856507E-5
-3.2491353E-5
1.7632683E-5
-3.1016072E-5
1.5652655E-5
-4.2400105E-5
5.0249113E-5
-4.342035E-5
3.0708994E-5
-3.067244E-5
-4.696221E-6
-3.1398216E-5
2.064776E-5
-2.669213E-5
2.8515706E-5
-1.2000241E-5
2.0567595E-5
-3.2624744E-6
4.6387962E-5
7.365616E-6
1.2761956E-5
-5.994603E-6
3.0120884E-5
-1.80288E-5
2.8626264E-5
-1.8809622E-5
2.3992818E-5
-6.047169E-6
4.238004E-6
-8.693807E-6
4.915846E-5
-4.495966E-5
1.5483058E-5
-1.2587741E-5
2.8576702E-5
-1.9041263E-5
-1.874404E-5
-2.429019E-5
3.386796E-5
-3.5683646E-5
2.6333022E-5
-6.908319E-5
3.6232443E-5
-3.988058E-5
3.307513E-5
-1.6378486E-5
4.391159E-5
-6.0819955E-5
9.368044E-5
-3.103834E-5
5.148589E-5
6.90827E-6
8.3502164E-5
-5.8622213E-6
9.6264885E-5
-1.755367E-5
6.973837E-5
2.428431E-5
4.03118E-5
1.6433147E-6
3.3524848E-5
-3.2678465E-5
3.2280852E-5
-2.0015692E-5
4.0047336E-5
-3.1128922E-5
5.6350575E-5
-3.6119163E-5
2.7905475E-5
-3.0728064E-5
4.8533817E-5
-2.0344803E-5
5.8570397E-5
-9.023848E-6
3.2486583E-5
-6.818E-5
3.997682E-5
-2.987479E-5
5.7390414E-5
-2.5849013E-5
5.8922407E-5
-2.8156768E-5
4.145714E-5
-6.9671405E-5
6.9809284E-6
-3.7878082E-5
9.6840835E-5
-5.1342107E-5
3.9729683E-5
-2.5396721E-5
9.4283416E-5
-4.2733816E-5
4.0994524E-5
-5.599021E-5
3.9349507E-6
-4.6126843E-5
6.593311E-5
-5.352509E-5
5.2538253E-5
-5.7626996E-5
1.8266392E-5
-1.1274511E-5
2.2344238E-5
-7.1583236E-5
5.7650144E-5
-2.0684622E-5
5.327631E-5
-1.6292131E-5
3.1915788E-5
-3.0174504E-6
1.01371625E-4
2.1709031E-5
8.027335E-5
-3.832295E-5
6.489515E-5
-2.4580528E-5
5.963898E-5
-3.7613605E-5
2.2224758E-5
-1.83958E-5
3.5802823E-5
-7.482653E-5
3.6362777E-5
-5.827656E-5
-5.7454563E-6
-6.276309E-5
4.0561084E-5
-5.210338E-5
4.55473E-5
-6.68431E-5
1.3355873E-5
-6.924545E-5
-2.0231966E-5
-7.1121874E-5
-3.7396152E-5
-6.220912E-5
8.382035E-6
8.19748E-6
-6.0666156E-5
-5.499495E-6
-3.968337E-5
4.2257954E-5
-8.881964E-5
7.325948E-5
-9.1174545E-5
1.1580984E-4
-1.6955234E-4
2.1650676E-4
-3.4172903E-4
3.4030166E-4
-4.5883338E-4
8.5280306E-4
-7.5480476E-4
-7.6306134E-4
0.0015485507
-0.001416067
0.002627809
-0.0016781816
-9.136683E-4
-8.9018897E-4
0.001404869
-1.8857216E-4
0.0010207403
1.0405826E-4
9.720505E-4
-2.9388443E-4
-9.4676076E-4
-0.0019738306
-0.001238964
-5.736931E-4
9.2530536E-4
0.0013731762
0.0025965283
0.0013836235
6.8331807E-4
-8.09717E-4
-9.3155226E-4
-0.0015451715
-9.751163E-4
-0.0010410286
-1.2187911E-5
-3.497187E-4
1.4538871E-4
-2.7829342E-4
3.0276796E-4
1.8125585E-4
9.02493E-4
3.88625E-4
9.283491E-4
4.163149E-4
5.6343107E-4
2.4150623E-4
5.343744E-4
1.08502674E-4
2.9228785E-4
-1.2907833E-4
-1.5680712E-4
-7.5656356E-4
-2.960441E-4
-6.389657E-4
-3.5826166E-4
-4.4992074E-4
-1.6478596E-5
-5.080324E-4
-2.195078E-4
-4.8037004E-4
-1.8626859E-4
-4.458889E-4
-4.809556E-6
-1.08560846E-4
2.914547E-4
1.7763883E-5
2.6218686E-4
1.2676357E-4
4.8647594E-4
3.4298794E-4
7.212286E-4
5.1263423E-4
6.4198044E-4
3.7611928E-4
5.1697314E-4
1.0051565E-4
3.111066E-4
9.245513E-5
3.1386144E-4
6.3207655E-5
3.0402822E-4
1.689835E-6
1.5873957E-4
-1.2524797E-4
-1.292806E-4
-2.809158E-4
-3.3160852E-4
-4.955297E-4
-3.1718696E-4
-4.2056688E-4
-2.0943642E-4
-1.5283393E-4
-1.12786016E-4
-2.164274E-4
-1.724134E-4
-2.9178805E-4
-2.074793E-4
-1.9054081E-4
-4.5773954E-6
9.89078E-6
1.645839E-4
-7.3947313E-6
2.5380752E-4
1.0301701E-4
2.154454E-4
9.831358E-5
3.0239203E-4
8.541497E-5
2.5390313E-4
9.622751E-6
2.3846228E-4
-3.207011E-5
2.4239965E-4
1.05837426E-4
3.2962026E-4
7.992048E-5
2.8016345E-4
2.8124168E-5
2.6436895E-4
-6.163806E-5
1.8441054E-4
-9.164564E-5
1.3244677E-4
-1.9291404E-4
6.564566E-5
-1.9053758E-4
1.5770589E-4
-3.157838E-5
1.6156558E-4
-1.0504876E-4
1.2846777E-4
-2.585427E-4
-1.9018491E-6
-3.5833626E-4
4.922846E-5
-2.3260694E-4
2.7026256E-4
-1.1794951E-4
1.7117988E-4
-2.6184623E-4
1.2500885E-4
-2.6578893E-4
8.765983E-5
-2.4270991E-4
2.5982317E-4
-1.0946249E-4
2.7370022E-4
-1.8491074E-4
1.0713021E-4
-3.0360225E-4
1.7297223E-4
-1.4317417E-4
3.0081542E-4
-8.80511E-5
3.5440223E-4
-2.6249612E-4
2.0330373E-4
-3.1856587E-4
1.2947772E-4
-2.0176255E-4
2.9744508E-4
-9.978671E-5
3.6921765E-4
-2.039006E-4
1.5321E-4
-2.3564306E-4
1.0805847E-4
-2.0063369E-4
2.651212E-4
-2.8027836E-7
3.187033E-4
-2.3309327E-5
1.18648335E-4
-1.4430023E-4
6.513975E-5
-1.6911612E-4
1.0322098E-4
-9.105964E-5
1.7776937E-4
-5.174214E-5
1.7741551E-4
-1.8540103E-4
-2.2383274E-5
-1.9329399E-4
1.940852E-5
-1.5577275E-4
1.612704E-4
-3.6899444E-5
1.614636E-4
-2.1706845E-4
4.600174E-5
-2.844353E-4
-9.2111455E-5
-2.5851352E-4
-1.13049166E-4
-1.3401492E-4
3.159598E-5
-1.3612105E-4
2.5311595E-6
-1.8426022E-4
-8.4802115E-5
-1.4875524E-4
-1.8873734E-5
-8.0732796E-5
3.868625E-5
5.0998366E-5
3.567042E-5
2.1994094E-5
7.34232E-5
4.3973945E-5
3.3757653E-5
9.863216E-5
6.700693E-5
1.6279434E-4
3.2593343E-5
1.4380617E-4
2.2620061E-5
5.948953E-5
1.921171E-6
1.1775824E-4
3.554629E-5
1.4678996E-4
1.602386E-4
1.6528324E-4
1.9562333E-4
1.6099792E-4
-2.2813956E-5
1.6416046E-4
8.7420725E-5
1.5715402E-4
2.272255E-4
2.3211955E-4
2.62526E-4
1.8681101E-4
1.7804108E-4
5.2465624E-5
8.184803E-5
-7.092657E-5
-3.9614683E-6
-2.537234E-5
1.3360306E-5
-4.9692706E-5
-2.8973223E-5
-3.4508255E-5
4.9453254E-5
-9.429229E-5
7.2177696E-5
9.092683E-6
6.431995E-5
3.2940275E-6
2.2800892E-4
4.9072296E-5
4.7408E-5
8.095942E-5
1.19126475E-4
2.352818E-5
9.425711E-6
6.17495E-5
-3.4964993E-5
-1.0622905E-4
-1.06287865E-4
-9.81313E-5
-1.0275925E-4
7.451409E-5
-2.6449264E-4
-3.473479E-4
3.3875115E-4
-1.9176116E-5
2.3349037E-5
-4.0771635E-4
-7.098126E-5
-7.40314E-5
-1.06771095E-5
6.786293E-5
-4.5103385E-4
-7.107108E-5
2.7346538E-4
-3.2877113E-4
-3.8609584E-4
-5.0663186E-4
-1.0755194E-4
-8.432491E-5
-1.6769272E-4
-2.2122773E-4
9.831195E-5
6.901263E-5
-1.5686468E-4
-9.794121E-5
-6.0026938E-5
-2.449899E-4
-2.7587384E-4
-3.1962572E-4
-2.7013817E-4
3.6734826E-4
3.103432E-4
1.8003715E-4
-1.320322E-4
-4.2085292E-5
-2.018954E-4
-3.7646538E-4
-6.290115E-4
3.9746716E-5
1.2027909E-4
7.4388074E-5
-2.3826076E-4
3.8544615E-5
2.345349E-6
-1.1952166E-4
-8.658726E-5
1.1709752E-5
2.0181584E-5
4.0035797E-5
1.6468269E-4
1.2427411E-4
6.114514E-5
-8.5691776E-5
4.5346034E-5
-1.8783714E-5
9.094487E-5
1.6989649E-4
2.984135E-4
5.8140147E-5
2.0788985E-4
-1.1547889E-4
-8.780336E-5
-2.2253582E-4
1.3828501E-6
-9.8914585E-5
-2.9951578E-5
-2.002397E-4
-8.208559E-5
-8.646115E-5
7.242246E-5
8.136173E-5
8.442602E-5
2.1506824E-4
3.1780486E-4
2.4253073E-4
2.5664453E-4
2.806228E-4
2.7443678E-4
3.4958948E-4
3.559916E-4
5.329541E-4
6.103893E-4
5.755915E-4
4.7447818E-4
4.5634023E-4
2.1326302E-4
2.5914685E-4
2.1342604E-4
1.980318E-4
2.6507885E-4
2.668364E-4
2.230126E-4
1.3604363E-4
-5.751546E-5
-5.8886675E-5
-1.16905736E-4
-1.3416112E-4
-1.8748337E-4
-1.0507903E-4
-1.6644325E-4
-3.5495186E-4
-2.5631458E-4
-3.3898826E-4
-2.7888772E-4
-3.8812117E-4
-2.3738127E-4
-3.2447476E-4
-1.6232839E-4
-2.5919348E-4
-2.7373293E-4
-1.9059498E-4
-1.0859682E-4
-9.547144E-5
6.4793036E-5
3.001476E-5
8.342034E-5
8.297519E-5
1.0917501E-4
1.0136411E-4
1.663318E-4
1.7431699E-4
2.390062E-4
1.7346404E-4
3.0602925E-4
2.9975004E-4
3.529957E-4
3.3270838E-4
2.9919491E-4
3.2235187E-4
3.536225E-4
2.6244228E-4
3.2017697E-4
3.8957884E-4
2.7121863E-4
2.1985982E-4
9.827849E-5
5.763679E-5
-2.2419834E-5
-3.636947E-5
-6.1478066E-5
-1.032441E-4
-1.3125822E-4
-9.738924E-5
-1.569026E-4
-2.1658739E-4
-4.0754795E-4
-4.3439888E-4
-4.3787606E-4
-3.3175666E-4
-3.5097176E-4
-3.0232477E-4
-3.386732E-4
-2.9485222E-4
-2.5933285E-4
-2.7885244E-4
-3.3581728E-4
-3.5115535E-4
-2.738686E-4
-3.1408985E-4
-2.4459793E-4
-1.2800099E-4
-1.7528125E-4
-1.12990536E-4
-1.6704437E-4
-7.475609E-5
-3.091705E-5
2.9771258E-5
-2.1889184E-5
6.950659E-5
8.3381055E-5
1.2570743E-4
9.579787E-5
6.539509E-5
7.550944E-5
1.8882858E-4
1.0771716E-4
2.0546072E-4
1.018623E-4
1.5905096E-4
6.7446854E-5
9.4093455E-5
-1.14280396E-4
-1.662553E-6
-6.4462496E-5
-4.0373165E-5
-1.6928346E-4
-7.598118E-5
-1.7971185E-4
-2.2009948E-4
-2.8953765E-4
-2.2172734E-4
-2.0421928E-4
-5.1678442E-5
-2.0846537E-4
-1.4738431E-4
-1.9585912E-4
-7.574792E-5
-2.4875475E-4
-3.21963E-4
-1.7324231E-4
-7.90736E-5
-1.6046035E-4
-4.5745153E-5
-1.598501E-4
2.2394393E-5
-5.4510085E-5
7.405312E-5
4.2929634E-5
8.210395E-5
4.6203735E-5
9.180157E-5
7.511681E-5
2.0640349E-4
2.337998E-4
1.8763499E-4
1.7249682E-4
2.9535822E-4
1.3931494E-4
1.9280541E-4
1.6843935E-4
2.5522884E-4
5.394228E-5
7.1802795E-5
2.8606899E-5
1.2840371E-4
1.613655E-5
-6.0877213E-5
-1.9423646E-4
-9.822011E-5
-7.004989E-5
-3.7580954E-5
-8.438739E-5
-5.1911346E-5
-6.623166E-5
-3.9269773E-5
-1.0353092E-4
-1.1563135E-4
-8.363595E-5
4.089481E-5
1.1897887E-4
7.4571326E-5
7.483683E-5
1.0856805E-4
2.0621579E-4
1.5597141E-4
2.5159973E-4
3.1713798E-4
2.9818516E-4
2.8259645E-4
4.4150057E-4
4.869858E-4
3.5281596E-4
5.4351566E-4
4.6068546E-4
4.77491E-4
3.7459706E-4
4.5926843E-4
4.5182437E-4
4.9767183E-4
4.1413936E-4
5.0903636E-4
3.3210736E-4
3.8089958E-4
2.9001385E-4
2.8778805E-4
2.3206303E-4
2.535459E-4
2.2252824E-4
4.260881E-5
9.584131E-5
5.616306E-5
-1.494584E-5
7.8947005E-6
5.820815E-5
-2.8780194E-5
-5.7304263E-5
-1.0770009E-5
-5.0857216E-5
-2.1911976E-4
-1.9795787E-4
-1.9622142E-4
-3.816938E-5
-1.3878469E-4
-1.9291053E-4
-7.410319E-5
-1.0001318E-4
-3.7569396E-5
-1.0349132E-4
-1.983401E-4
-9.224947E-5
-1.0699925E-5
-6.7456895E-5
-3.5761925E-5
-4.3866145E-5
1.1531863E-4
-1.6539743E-5
8.759175E-5
3.778145E-5
1.0408493E-4
-4.12826E-5
-4.6450758E-5
2.1547122E-7
1.95921E-5
6.168291E-5
-4.366625E-5
-3.6311416E-5
-3.8580118E-5
-3.065155E-5
-8.727515E-5
1.3642352E-5
8.067782E-6
2.1760616E-5
-1.5230314E-4
-1.571982E-4
-1.7233659E-4
-1.1784165E-4
-1.4473895E-4
-4.0458155E-5
-1.190113E-4
-5.161688E-5
-2.799214E-4
-1.1610938E-4
-6.8926805E-5
-1.4364376E-4
-6.7304965E-5
-4.9795613E-5
-1.0930703E-4
-5.3598105E-5
-1.0065719E-4
-1.9604628E-4
-6.260052E-5
-1.20026496E-4
-2.9706775E-5
-1.0516367E-4
-1.0507663E-4
-1.8037934E-4
-1.6828763E-4
-2.4658866E-4
-1.1354571E-4
-1.9491978E-4
-3.910267E-5
-1.8130435E-4
-1.4849573E-4
-8.524747E-5
-9.498924E-5
-7.438556E-5
-1.5845425E-4
-2.2893197E-4
-2.1598821E-4
-3.0350723E-4
-3.546169E-4
-3.672114E-4
-4.6362722E-4
-3.003694E-4
-5.735019E-4
-4.8375712E-4
-5.1661825E-4
-4.7069282E-4
-4.144711E-4
-4.0091696E-4
-4.9845024E-4
-5.282043E-4
-6.065809E-4
-4.7954786E-4
-3.815592E-4
-3.6275518E-4
-4.0443655E-4
-2.6632647E-4
-3.1475766E-4
-1.7999536E-4
-2.162367E-4
-1.2631268E-4
-8.867884E-5
-9.055788E-5
-8.445453E-5
-4.063177E-5
8.902164E-5
6.453435E-5
1.4547433E-4
8.117488E-5
1.8550568E-4
1.0641807E-4
1.3510711E-4
1.6065744E-4
1.777799E-4
1.3474021E-4
2.0028172E-4
1.7303278E-4
2.2464916E-4
1.18242184E-4
1.583294E-4
5.2081825E-5
1.6632075E-5
2.0643097E-4
7.115891E-5
1.0513544E-4
-1.0168824E-4
-7.460384E-5
-2.9078807E-5
5.9616174E-5
-4.1231935E-5
-1.7597254E-4
-1.461926E-6
-1.8308959E-4
-3.126935E-4
-1.7796294E-4
-1.0423891E-4
-3.1700163E-4
-1.834628E-4
-2.290905E-4
-2.7019478E-4
-1.814474E-4
-2.8903704E-4
-1.0620531E-4
2.7189957E-5
3.443339E-5
-5.588471E-5
-1.9129587E-4
-7.761984E-5
-1.984748E-4
-4.1150374E-6
-9.0340065E-5
-1.0392821E-4
-4.9570142E-5
1.7687691E-4
1.8655126E-4
2.1258085E-5
-9.781921E-6
2.248661E-4
1.08964276E-4
1.420763E-4
1.3638241E-4
1.9148961E-4
6.42464E-5
2.194144E-4
1.6336783E-4
2.7451917E-4
1.4767963E-4
2.298487E-4
2.2180838E-4
1.411712E-4
1.5753551E-4
1.6078437E-4
2.4780468E-4
2.8155756E-4
1.9239438E-4
1.6639182E-4
1.8379101E-4
1.7426364E-4
1.899754E-4
1.7650612E-4
2.1541514E-4
1.4046802E-4
1.142163E-4
1.8620671E-4
9.8388395E-5
2.5214173E-4
9.944602E-5
1.9690288E-4
2.3168388E-4
2.6650642E-4
1.01170095E-4
2.4141732E-4
2.3126307E-4
2.06577E-4
1.252677E-4
2.9332435E-4
9.0497204E-5
1.4684603E-4
1.1454339E-4
3.0556583E-4
2.1884486E-4
2.2742689E-4
2.7716823E-4
3.542717E-4
2.5978597E-4
2.487439E-4
2.2936612E-4
2.422247E-4
2.0811081E-4
1.15189985E-4
6.2273226E-5
7.094931E-5
9.347169E-5
7.0160175E-5
4.589506E-5
2.7034575E-5
-1.1319007E-5
-5.445625E-5
5.1369498E-5
2.5260226E-5
-2.6233103E-5
-9.548009E-5
4.872729E-5
-2.5580848E-8
1.3567561E-4
6.9666836E-5
1.2444558E-4
1.1474636E-4
1.3544086E-4
1.8304869E-4
1.5899059E-4
2.4444034E-4
2.2842015E-4
3.113507E-4
4.7670634E-4
4.33532E-4
3.0096757E-4
3.0555858E-4
4.8787877E-4
5.209993E-4
4.4970712E-4
5.94454E-4
6.2806596E-4
6.4148713E-4
5.9702253E-4
5.7425344E-4
6.9216464E-4
5.879502E-4
4.681609E-4
4.2259292E-4
5.277362E-4
6.5875537E-4
6.590832E-4
6.04442E-4
6.2590593E-4
5.011214E-4
3.9053458E-4
2.8634563E-4
2.2428618E-4
1.3601226E-4
1.2941995E-4
8.0061116E-5
1.9627159E-4
2.0382195E-4
6.4610496E-5
-3.8613623E-5
-8.037118E-5
-2.4145673E-4
-2.8074818E-4
-3.09162E-4
-3.0156825E-4
-3.6044375E-4
-3.135641E-4
-3.3469917E-4
-3.5360453E-4
-3.639073E-4
-3.4736097E-4
-3.551271E-4
-3.0123885E-4
-1.7450616E-4
-2.0335807E-4
-1.7325931E-4
-1.6778607E-4
-5.4066528E-5
-1.3452109E-6
2.2175735E-5
5.4564942E-5
5.521641E-6
1.9407907E-4
4.701212E-5
1.18470634E-4
2.4523665E-4
2.3077674E-4
3.0127753E-4
3.581464E-4
3.0756166E-4
3.8896102E-4
3.139032E-4
3.8309392E-4
3.7636005E-4
4.1466518E-4
3.1876075E-4
3.8441713E-4
2.1692655E-4
4.0464688E-4
2.5714893E-4
1.6802894E-4
2.6320474E-4
1.3975508E-4
9.4037365E-5
1.9768652E-4
5.7460176E-5
-1.0686903E-5
-1.9610545E-4
-1.343204E-4
-2.6368894E-4
-2.0391558E-4
-3.6831418E-4
-3.2014062E-4
-3.16019E-4
-2.062587E-4
-5.4826733E-4
-4.7869814E-4
-4.1601827E-4
-4.499386E-4
-2.8128244E-4
-3.4544704E-4
-4.549813E-4
-5.1596283E-4
-3.8933748E-4
-3.4366056E-4
-3.8933512E-4
-4.3421696E-4
-4.7780212E-4
-3.5702944E-4
-2.1810537E-4
-2.973907E-5
-9.163249E-5
-1.662314E-5
-3.9294133E-5
-1.7341391E-4
-1.5915974E-4
-2.6253398E-4
-3.907864E-4
-1.2907047E-4
-9.518913E-5
1.6873017E-4
4.3461154E-5
4.0803967E-5
-1.4721543E-4
-9.716441E-5
-2.6069634E-4
-2.468512E-4
-2.9891523E-4
-2.8855828E-4
-2.876261E-4
-2.502843E-4
-1.9785459E-4
-2.4026609E-4
-3.4111415E-4
-2.2940814E-4
-3.0384137E-4
-3.0261397E-4
-2.6741493E-4
-1.4057868E-4
-1.763118E-4
-2.451792E-4
-1.3354191E-4
-1.14504845E-4
-1.9945575E-4
-1.7452324E-4
-2.35483E-4
-1.03622224E-4
-9.957181E-5
-6.389414E-5
-1.3316056E-4
-3.7089554E-5
-1.16994255E-4
3.7567643E-5
-1.1163129E-4
-3.1689993E-5
-7.710697E-6
-1.4312123E-5
-9.743092E-5
-4.9417736E-6
-5.416413E-5
5.6779958E-5
-1.3222225E-4
-8.2143604E-5
-2.2565902E-4
-6.435701E-5
-2.4416868E-4
-1.8115266E-4
-3.655261E-4
-2.2781147E-4
-3.0074775E-4
-2.9329179E-4
-4.5690063E-4
-3.1088458E-4
-3.609861E-4
-4.5531642E-4
-5.7015783E-4
-5.0916575E-4
-5.709182E-4
-5.8589457E-4
-5.612834E-4
-5.104553E-4
-6.1989634E-4
-5.799449E-4
-4.0450649E-4
-3.5539074E-4
-3.7653765E-4
-4.2482864E-4
-3.7622367E-4
-2.9544317E-4
-2.858455E-4
-1.7694708E-4
-1.701546E-4
-6.606591E-5
-5.183078E-5
1.031177E-4
9.248218E-5
8.202179E-5
4.1196276E-5
9.383898E-5
1.21879224E-4
3.3923407E-4
2.6426604E-4
4.2463187E-4
2.838196E-4
3.5467747E-4
3.319863E-4
3.8709346E-4
1.8788253E-4
2.7371038E-4
2.1383908E-4
3.524374E-4
1.8794497E-4
1.8011114E-4
1.5221573E-4
1.4938958E-4
3.335409E-5
1.9432294E-4
1.1208186E-4
1.3054798E-4
4.950069E-5
4.1490286E-5
5.597426E-5
7.992375E-5
1.1466466E-4
6.747099E-5
1.07274005E-4
4.181434E-5
1.1308613E-4
7.433819E-5
3.9849692E-5
-3.8187976E-5
7.06873E-5
1.3612138E-4
7.805113E-5
1.1232332E-5
-3.380419E-5
1.0749692E-4
9.468969E-5
1.3321637E-4
6.312175E-5
1.4784635E-4
6.115761E-5
1.1719863E-4
1.2774894E-4
1.336041E-4
2.3918197E-4
2.5652052E-4
2.6785268E-4
2.3462389E-4
2.9739222E-4
2.8713327E-4
3.1995022E-4
3.754824E-4
2.0567108E-4
3.0949974E-4
3.1990913E-4
4.3437767E-4
3.380471E-4
3.6181402E-4
4.407135E-4
2.6968002E-4
4.3368584E-4
3.8541335E-4
4.7202202E-4
3.317504E-4
3.5464708E-4
4.2666565E-4
5.3046027E-4
4.5717668E-4
4.1543768E-4
4.0783998E-4
4.9484725E-4
4.3862947E-4
5.379849E-4
4.356274E-4
4.2896182E-4
4.049543E-4
4.3494932E-4
4.2951055E-4
4.3049653E-4
4.2861368E-4
3.4649568E-4
3.905264E-4
2.992267E-4
2.4971645E-4
2.9934643E-4
3.1788516E-4
2.714864E-4
2.6236314E-4
1.534934E-4
1.634445E-4
1.14310205E-4
8.8851E-5
5.3084805E-5
7.636235E-5
2.7253394E-5
-1.5609323E-5
-6.4012966E-5
-1.143534E-5
9.463991E-5
-6.653521E-5
-1.2684158E-4
2.749378E-5
-4.504093E-5
-1.6559892E-4
-1.3093151E-4
-1.3719311E-4
-2.7226599E-5
4.3094708E-5
6.949572E-5
-1.2779392E-4
2.203599E-6
-2.5659458E-5
4.396043E-5
-1.014596E-5
1.3481153E-4
1.15971634E-4
1.7779591E-4
2.9083408E-4
3.3642066E-4
3.663266E-4
2.3801668E-4
3.9600505E-4
3.338961E-4
3.980854E-4
3.6627936E-4
3.2560108E-4
3.8653228E-4
4.46178E-4
4.087368E-4
4.236688E-4
3.7955822E-4
4.0838023E-4
4.3311866E-4
5.4955645E-4
4.3348965E-4
4.8752537E-4
4.558103E-4
3.1920962E-4
2.656666E-4
3.248111E-4
3.6641004E-4
1.6338199E-4
2.632702E-4
1.5329877E-4
2.3644172E-4
1.301034E-4
1.2322229E-4
1.4117928E-4
1.2187262E-4
1.552071E-5
-9.560107E-5
-1.3659587E-4
-1.2575043E-4
-2.510251E-4
-2.2896494E-4
-2.2202925E-4
-2.2657725E-4
-3.718572E-4
-1.9063264E-4
-4.0513353E-4
-3.3967028E-4
-3.7375934E-4
-4.1423904E-4
-4.3925722E-4
-3.6943768E-4
-3.7420745E-4
-4.1573803E-4
-2.838659E-4
-3.8613714E-4
-4.0462948E-4
-4.6869542E-4
-2.761948E-4
-2.9428463E-4
-3.1138086E-4
-2.9641166E-4
-2.6608558E-4
-2.6693026E-4
-1.920181E-4
-1.7125037E-4
-1.53338E-4
-4.2389867E-5
4.8638885E-5
-1.320113E-4
-6.274409E-5
-9.477406E-5
3.8086742E-5
2.3316601E-5
1.421097E-4
1.694496E-4
9.992345E-5
1.8938669E-4
1.16273775E-4
1.2778208E-4
1.2842688E-4
1.4864314E-4
1.21953475E-4
1.9825819E-4
2.317446E-4
2.7031996E-4
2.4194499E-4
1.9203826E-4
3.5329297E-4
1.14624134E-4
7.334306E-5
1.802797E-4
1.0114882E-4
1.01844795E-4
9.1621376E-5
5.3434145E-5
2.5380432E-5
7.405885E-5
1.1127428E-4
-9.709876E-5
-7.436404E-5
-1.6520027E-4
-1.0807008E-4
-6.3433115E-5
-1.9115086E-4
-3.4327264E-4
-2.523947E-4
-2.7921E-4
-2.8364616E-4
-3.383972E-4
-4.926644E-4
-3.8271796E-4
-4.0305575E-4
-3.6739453E-4
-3.4950336E-4
-3.7273104E-4
-4.2247868E-4
-4.4892495E-4
-2.7425913E-4
-2.889951E-4
-3.6899647E-4
-2.5877438E-4
-3.1662686E-4
-2.2879906E-4
-2.5845075E-4
-1.8027097E-4
-1.0864609E-4
-1.19023556E-4
-1.5131722E-4
-1.3664774E-4
-6.0771683E-5
5.7931426E-5
5.959487E-5
7.204901E-5
6.9678026E-5
7.478191E-5
9.622651E-5
1.4724417E-4
2.5125E-4
1.4730425E-4
2.0718714E-4
1.3928073E-4
1.6834635E-4
2.204193E-4
1.7310733E-4
2.482459E-4
1.9614471E-4
1.783473E-4
8.509879E-5
1.1009945E-4
1.4867815E-4
1.3558325E-4
2.1456147E-4
4.2644686E-5
9.019503E-5
2.871557E-5
-6.963278E-5
-1.009902E-4
-6.3618565E-5
-8.705885E-5
-1.5631705E-4
-1.0050255E-4
-2.753019E-4
-2.1008446E-4
-2.4730226E-4
-2.4794374E-4
-3.129845E-4
-2.3103895E-4
-2.9605065E-4
-3.0969438E-4
-2.888219E-4
-3.443518E-4
-3.817978E-4
-3.557324E-4
-3.7674527E-4
-3.035711E-4
-4.084225E-4
-3.57066E-4
-3.6266496E-4
-4.17312E-4
-4.2239937E-4
-2.878115E-4
-2.752166E-4
-3.2142925E-4
-2.491242E-4
-2.6097277E-4
-2.411227E-4
-1.6904897E-4
-2.1133375E-4
-1.6211101E-4
-1.053644E-4
-2.2926921E-4
-1.4238781E-4
-1.8238995E-4
-1.5715776E-4
-1.785561E-4
-7.381831E-5
-5.1270497E-5
-4.778077E-5
-5.104789E-5
-8.860329E-5
-5.171059E-5
-2.4452005E-5
-6.6915156E-5
-4.2012805E-5
4.927273E-5
4.132308E-5
2.1374188E-5
-5.2030937E-5
1.4872584E-4
1.0771854E-4
-2.6401685E-6
-2.892963E-5
8.804454E-5
4.364834E-5
1.3032135E-4
-3.1385673E-5
1.5406882E-4
1.04712104E-4
1.0416897E-4
4.6732694E-5
5.2716132E-5
9.8856915E-5
9.651966E-5
7.620256E-5
3.170316E-5
9.699291E-6
-9.561297E-5
2.2442735E-5
-9.7721604E-5
-6.792066E-5
-6.2482955E-5
-8.321147E-6
-1.9975631E-4
-2.2422013E-4
-2.6188733E-4
-2.4730345E-4
-3.5155955E-4
-2.4507093E-4
-3.3222302E-4
-2.975241E-4
-3.8099336E-4
-4.4611128E-4
-4.6775825E-4
-4.1689546E-4
-4.6706706E-4
-4.123778E-4
-3.9800836E-4
-4.71355E-4
-4.185589E-4
-2.9198278E-4
-1.695905E-4
-2.4226803E-4
-3.0186452E-4
-2.491655E-4
-6.7079796E-5
-7.5965785E-5
-2.9305624E-5
-5.3258656E-5
3.3645687E-5
2.6802747E-5
2.528826E-4
1.8245308E-4
1.9928958E-4
2.3716669E-4
2.4978825E-4
4.2919943E-4
2.312921E-4
4.144314E-4
4.5233965E-4
4.4596073E-4
2.9332496E-4
4.5522169E-4
4.0898888E-4
3.9289065E-4
2.838728E-4
3.691181E-4
2.852957E-4
4.012E-4
3.3270833E-4
3.0750432E-4
2.0908825E-4
5.1801358E-6
-2.1316457E-5
2.2644504E-5
-1.9825668E-6
-3.0724366E-6
-6.395134E-5
-1.01374266E-4
-1.5801798E-4
-1.5703219E-4
-1.8725819E-4
-2.8872298E-4
-1.7423178E-4
-2.1241844E-4
-1.282935E-4
-2.4758573E-4
-1.5603572E-4
-9.168592E-5
-1.9657634E-4
-1.7185867E-4
-1.1394203E-4
-1.2061642E-4
-6.924063E-5
-8.980158E-5
-1.8127106E-5
9.144354E-5
2.6067659E-5
3.8189744E-5
1.3140957E-4
2.3903526E-4
1.7525152E-4
1.08199696E-4
1.2851336E-4
1.8569248E-4
1.3813163E-4
2.6570552E-4
2.47236E-4
2.942715E-4
3.1785844E-4
3.171235E-4
4.212088E-4
4.596807E-4
3.0823838E-4
3.4881197E-4
3.3836835E-4
3.167953E-4
3.0939808E-4
2.7527966E-4
3.4643107E-4
3.3453494E-4
2.4916086E-4
1.7444212E-4
2.7478358E-4
1.607395E-4
2.5906356E-4
1.6590263E-4
2.3926035E-4
1.4399705E-4
7.542314E-5
2.0435634E-4
1.3173939E-4
4.92671E-5
1.2318995E-4
1.09904766E-4
1.1783041E-4
7.160401E-5
1.231276E-4
6.562933E-5
4.1946485E-5
-1.0142231E-5
2.559076E-5
6.184275E-5
-3.0775307E-5
8.844247E-5
2.3085908E-4
8.968675E-5
1.6181261E-4
2.3281985E-4
1.07204236E-4
1.5661135E-4
1.2461681E-4
1.1835586E-4
1.2277604E-5
1.3140865E-4
9.656436E-5
1.770016E-5
-1.890986E-5
3.098944E-5
2.1252588E-5
9.631006E-5
1.1861111E-4
8.47082E-5
7.9425605E-5
-2.3735927E-5
6.179734E-5
-3.921671E-5
8.243793E-5
1.1734572E-4
2.1983642E-5
-9.1918875E-5
8.65651E-5
4.9660914E-5
9.80902E-5
6.967764E-5
9.7716904E-5
7.7947676E-5
1.5744682E-4
8.431741E-5
1.5522112E-4
1.6061559E-4
1.182267E-4
7.651962E-5
5.2722E-5
5.8681167E-6
4.8466776E-5
-1.0237064E-5
-6.425543E-5
5.1333882E-5
9.878821E-6
7.82927E-5
5.1420906E-5
4.384552E-6
-9.263107E-5
-1.8328146E-4
-1.5730156E-4
-9.614111E-5
-1.053666E-4
-2.7132014E-4
-1.6438877E-4
-2.5042638E-4
-2.4987297E-4
-2.99862E-4
-3.2262722E-4
-3.8545602E-4
-4.073476E-4
-2.5085473E-4
-1.6790764E-4
-2.859715E-4
-3.641729E-4
-3.4443467E-4
-3.4425946E-4
-4.6840546E-4
-3.2232574E-4
-3.6750498E-4
-3.5490002E-4
-3.86825E-4
-3.2207172E-4
-2.4626372E-4
-2.7781245E-4
-2.941567E-4
-2.1881983E-4
-2.534508E-4
-9.431401E-5
-2.2289249E-4
-5.008173E-5
-1.222185E-4
-8.690591E-5
-8.399018E-5
-1.2334483E-4
-8.9514964E-5
-1.1432952E-4
-8.7504246E-5
-1.8016307E-4
-7.194611E-5
-1.891208E-4
-1.2308778E-4
-1.1163358E-4
-5.7105684E-5
-4.646215E-5
-1.7449429E-4
-1.6914998E-4
-1.5286298E-4
-1.5174535E-4
-1.1045164E-4
-2.1524652E-4
-5.2305055E-5
-1.15572366E-4
-2.7768474E-5
-1.7204987E-4
-1.585271E-4
-1.8361639E-4
-2.6054698E-4
-1.7651799E-4
-2.8302567E-4
-3.3487476E-4
-2.050835E-4
-1.5119376E-4
-1.3470928E-4
-1.4640158E-4
-1.8830725E-4
-1.1949085E-4
-1.7276611E-4
-1.7061843E-4
-1.5400164E-4
-2.3717563E-5
-5.744118E-5
-1.8332427E-4
-5.222638E-5
-1.1625156E-4
7.476779E-5
-1.0092633E-4
-1.684523E-4
-2.364624E-5
-3.2828495E-5
-2.0831007E-5
-5.5977805E-5
-8.648183E-5
-2.5694539E-5
1.072246E-5
5.14322E-5
-7.1873983E-6
-2.3289045E-5
-8.005514E-5
1.2547045E-4
-3.958211E-5
6.695784E-5
1.0965392E-5
-2.9238023E-5
1.51654685E-5
6.9489106E-5
-6.356578E-5
5.6640336E-5
-1.6812324E-5
1.6681608E-5
4.157906E-5
6.626803E-5
1.237273E-4
-7.633001E-6
1.0485398E-4
2.2803935E-5
1.1859822E-4
1.9832184E-4
1.8194907E-4
2.1448235E-4
2.0610521E-4
2.5363785E-4
3.061839E-4
2.3083798E-4
2.3686448E-4
2.522642E-4
2.4217565E-4
3.133757E-4
1.197405E-4
3.2974116E-4
2.7526915E-4
2.8249048E-4
3.009604E-4
3.2259955E-4
2.7750706E-4
3.240752E-4
2.2841955E-4
3.2895218E-4
2.4491767E-4
3.5750616E-4
1.9809412E-4
2.9152536E-4
2.040408E-4
3.554745E-4
1.89165E-4
2.0991193E-4
1.2450728E-4
1.5443271E-4
-6.624912E-5
7.904563E-5
1.08918735E-4
1.4485276E-4
2.4102821E-5
3.9026105E-5
-6.895295E-5
8.5352265E-5
6.6997777E-6
5.809406E-5
6.194961E-5
1.5855441E-4
1.6624722E-4
1.3822825E-4
1.9046582E-5
1.205745E-4
9.716122E-5
1.4420868E-4
1.1188521E-4
2.2289701E-4
1.1566738E-4
1.9249346E-4
1.8904929E-4
2.5896757E-4
1.5763563E-4
3.2336908E-4
2.0002045E-4
3.505595E-4
2.076432E-4
3.5380895E-4
1.365579E-4
3.357001E-4
1.0244766E-4
2.664659E-4
1.4064994E-4
2.3684866E-4
1.0395548E-4
2.7130454E-4
8.2478604E-5
1.6186186E-4
-2.8085062E-6
5.4204073E-5
-3.0067942E-5
-2.9157974E-5
-9.625902E-5
6.0575563E-5
-4.399648E-5
-2.3844836E-5
-2.2273026E-4
-1.0512083E-4
-2.793538E-4
-1.5945273E-4
-2.247225E-4
-1.6902795E-4
-3.0194948E-4
-1.3916896E-4
-3.1406782E-4
-2.675494E-4
-2.4020583E-4
-2.8905333E-6
-1.3443863E-4
-1.448766E-4
-9.1566995E-5
-2.827371E-5
-7.4571835E-5
1.5484249E-4
7.2580265E-6
1.6596545E-4
1.1117501E-4
8.7974935E-5
4.197214E-5
1.735415E-4
4.835931E-5
2.580913E-4
4.8293376E-5
2.7287562E-4
1.3497629E-5
2.4349242E-4
7.54506E-5
2.8800947E-4
8.38736E-5
2.3316094E-4
4.704057E-5
2.1402043E-4
6.625358E-5
8.252555E-5
4.4686785E-5
1.3550895E-4
-4.959342E-5
2.2104039E-5
-2.1555372E-5
1.2347864E-5
-8.135073E-5
-1.4586207E-4
-1.5698247E-4
-1.3849922E-4
-2.3961146E-4
-6.435404E-5
-2.1195678E-4
-2.2932806E-4
-2.5421422E-4
-2.6439017E-4
-3.0755036E-4
-2.449407E-4
-3.19592E-4
-2.9535725E-4
-2.975374E-4
-2.3379594E-4
-2.4771845E-4
-1.0940953E-4
-2.737759E-4
-9.556902E-5
-8.008617E-5
-3.7524453E-5
-1.4109457E-4
1.8180264E-6
-1.4967429E-4
-3.8319762E-5
7.912862E-6
1.2016876E-4
6.991086E-5
1.7479676E-4
8.11723E-5
2.1705864E-4
2.0799293E-4
3.0501644E-4
2.655511E-4
3.2280842E-4
2.3294531E-4
3.7042037E-4
3.3983382E-4
3.1526788E-4
2.691151E-4
2.939721E-4
1.7470984E-4
1.9907793E-4
1.6129571E-4
2.539183E-4
1.12822745E-4
9.329718E-5
1.8463729E-4
1.9267645E-4
1.7018529E-4
6.364317E-5
4.7717924E-5
1.2533818E-4
1.6919468E-4
1.158431E-4
2.5527335E-5
1.1568414E-4
-4.275515E-6
5.545288E-5
3.9161873E-7
3.3060638E-5
-5.2627103E-5
2.4811974E-5
1.1208987E-5
6.3364164E-6
2.9130038E-6
-2.501281E-5
-2.0419907E-4
-5.2018964E-5
-8.787123E-5
4.912463E-5
-3.6058354E-5
4.576247E-5
4.70107E-5
-6.4409464E-6
-9.773634E-5
-5.171607E-5
3.1109244E-5
8.585979E-5
2.6782498E-5
-5.3974946E-7
-9.179467E-5
1.2977772E-4
6.579145E-7
4.784006E-5
-3.8351318E-5
2.2389842E-5
7.1884504E-5
1.3030326E-4
6.241544E-5
1.539604E-4
4.189583E-5
9.853696E-5
8.1068494E-5
1.7720506E-4
1.8112051E-4
1.6732104E-4
7.033635E-5
1.245344E-4
9.930586E-5
2.0481029E-4
7.3386625E-5
2.0531859E-4
1.5908192E-4
1.1491164E-4
2.2941454E-4
2.6401028E-4
1.5696017E-4
3.2644568E-4
2.0032137E-4
2.0847046E-4
7.786665E-5
3.1837664E-4
1.1829696E-4
2.9039514E-4
1.5873542E-4
2.0795249E-4
6.185485E-5
1.9069228E-4
3.1390988E-5
2.0361549E-4
1.01986196E-4
1.3666922E-5
1.2371897E-5
9.170656E-5
-7.8742116E-5
-1.3088814E-5
-7.991736E-5
-1.2731345E-4
-9.117394E-5
1.9415167E-5
-1.3549415E-4
-8.748771E-5
-2.0085552E-4
-2.1039975E-4
-2.8885234E-4
-1.7513162E-4
-1.8961134E-4
-1.2296207E-4
-6.12824E-5
-9.5597075E-5
-2.561703E-4
-1.7293065E-4
-1.7475245E-4
-1.382623E-4
-2.3048649E-4
-1.17283314E-4
-2.9447905E-4
-9.055833E-5
-2.3177653E-4
-9.847493E-5
-1.6076375E-4
-3.8672322E-5
-7.816046E-5
-1.9691322E-5
-1.171898E-4
7.933583E-5
7.728208E-6
1.1869544E-4
-3.0387699E-5
1.1647945E-4
-7.403271E-5
1.453811E-5
-1.428404E-4
3.4126857E-5
1.8338485E-5
2.8338567E-5
-3.637847E-5
4.0406303E-5
-8.065092E-5
6.921098E-5
-5.8701185E-5
1.08437685E-4
-5.7532638E-5
1.3967796E-5
5.094046E-5
-6.344095E-6
-1.10853856E-4
-5.5139022E-5
-1.2839466E-4
-3.844747E-5
-1.7955489E-4
2.2101747E-5
-1.9297072E-4
-1.2179734E-4
-2.8843092E-4
-1.6062582E-4
-3.744331E-4
-2.507572E-4
-4.3896324E-4
-1.6129066E-4
-3.060897E-4
-2.0615339E-4
-4.4360154E-4
-3.703995E-4
-4.7884986E-4
-3.1963157E-4
-4.5847314E-4
-4.6827513E-4
-5.635415E-4
-4.4041497E-4
-4.5320104E-4
-3.5155058E-4
-5.1311817E-4
-4.5944497E-4
-4.1520092E-4
-2.7208414E-4
-4.906945E-4
-4.2676885E-4
-5.898297E-4
-3.4594277E-4
-4.6095153E-4
-2.9590746E-4
-4.92209E-4
-1.77145E-4
-3.9254874E-4
-2.1999542E-4
-2.0175202E-4
-2.256452E-4
-1.7668662E-4
-9.394871E-5
-1.4499061E-4
5.9865462E-5
-1.07403E-4
1.1245156E-4
4.2098116E-5
5.2923708E-5
4.575628E-5
-3.6008223E-5
4.021132E-5
3.9874954E-5
8.5421794E-5
5.8103342E-5
4.1839394E-5
7.5750395E-5
2.5581688E-4
4.82229E-5
1.2882105E-4
3.4553752E-5
2.3076196E-4
-4.3558393E-5
4.411548E-4
-2.4107713E-4
4.7931183E-4
-9.5145736E-4
6.807582E-4
-3.1731796E-4
-0.001318008
0.0020825868
0.0011196012
4.0244623E-4
-0.0036912458
0.001104408
-8.958886E-4
-2.555574E-4
-1.1175376E-4
5.4697937E-4
-0.0014833818
-4.4743603E-4
6.052886E-4
0.0015790279
1.2462499E-4
3.4953942E-4
5.4977096E-5
3.152739E-4
4.9231116E-5
3.1231059E-4
8.0156774E-4
0.0010655237
2.0405547E-4
-2.3649611E-4
-0.001128471
-9.7064103E-4
-0.0013638248
-9.548304E-4
-0.0017635954
-0.0011059648
-8.0864533E-4
4.1501896E-4
2.612848E-4
0.0012421847
0.0010714361
0.0011728007
6.4420863E-4
0.0012720947
7.5127196E-4
7.1588595E-4
6.574539E-4
0.0016287109
0.0010636228
8.2020013E-4
8.6659944E-4
0.0015618816
0.0010488982
0.0010383714
6.74246E-4
9.124281E-4
4.0211846E-4
1.8045274E-4
-4.6967738E-4
-1.10782144E-4
-4.3788322E-4
-2.673064E-4
-6.385E-4
-2.8199313E-4
-3.898205E-4
1.1432366E-4
-2.3537128E-4
-3.0068101E-4
-7.0214475E-4
-2.768244E-4
-8.3815906E-4
-7.478661E-4
-8.350476E-4
-3.0886382E-4
-5.8899866E-4
-4.7370495E-4
-3.7105125E-4
3.7337205E-4
8.769891E-5
2.2111638E-4
-1.531808E-4
5.0785926E-5
4.525465E-5
1.8985066E-4
-2.4254648E-4
-1.529095E-4
-4.016637E-4
-2.7673075E-5
-8.916356E-5
4.269256E-4
4.3594989E-4
6.789663E-4
3.468169E-4
4.0865535E-4
3.0634613E-4
2.77473E-4
-1.0753837E-6
6.9686284E-5
2.8369257E-5
4.2093213E-4
2.933133E-4
6.243814E-4
6.9758954E-4
8.7586825E-4
5.1441306E-4
3.319921E-4
1.9776555E-4
4.2481752E-4
-1.1277754E-7
-6.772164E-5
-2.8970352E-4
-7.961296E-5
-1.5166267E-4
1.5664093E-5
-1.7956585E-4
1.2470582E-4
-6.168602E-5
4.720722E-5
-2.763915E-4
-1.4233068E-4
-3.8148617E-4
-3.5064432E-4
-6.4158934E-4
-3.785385E-4
-5.2734907E-4
-1.6874133E-4
-3.6431E-4
6.0208535E-5
-1.6747414E-4
3.8618586E-5
-2.2116413E-4
-1.5651788E-4
-4.579145E-4
5.996243E-5
-1.5863283E-4
-8.616527E-5
-6.0165895E-4
-3.3254075E-4
-1.1513172E-4
-1.6730068E-4
-7.4909645E-4
-4.69821E-4
-4.5127957E-4
-9.662535E-5
-3.0262384E-4
-3.3412437E-4
-4.433932E-4
9.250001E-5
-4.5405215E-4
-5.477683E-4
-5.739062E-4
1.4819442E-5
-5.581764E-4
-5.925353E-4
-5.1950687E-4
-2.332673E-5
-1.6500776E-4
-2.8493746E-6
-5.3361105E-6
3.4522166E-4
3.297778E-4
6.823042E-4
5.9440883E-4
7.259838E-4
4.8675624E-4
5.4259604E-4
5.3002965E-4
6.44976E-4
1.5623917E-4
2.1482003E-4
8.269242E-5
2.6193514E-4
-2.4539375E-4
-3.663312E-5
-2.2435923E-4
5.7489753E-5
-2.4923586E-4
-1.44028745E-5
-1.5677855E-4
6.260476E-5
-1.2801283E-4
8.6284694E-5
-1.2457468E-4
4.6092155E-5
-6.573654E-5
1.0378003E-4
8.649402E-5
2.1369755E-4
1.6599847E-4
2.2473901E-4
1.8099573E-4
2.6040582E-4
2.513023E-4
2.6804916E-4
3.0022277E-4
2.3563133E-4
2.344376E-4
1.8926873E-4
1.8747865E-4
1.6267587E-4
1.9158093E-4
7.0145055E-5
-3.211503E-5
-3.3359058E-5
-7.120269E-5
-7.987435E-5
-8.7866225E-5
-1.3261897E-4
-2.7506656E-4
-2.085003E-4
-3.1726924E-4
-1.9398631E-4
-2.2128817E-4
-1.576549E-4
-2.1146277E-4
-3.0505043E-5
6.417735E-5
-1.9293544E-5
-1.7794628E-5
6.471431E-5
1.1001722E-4
1.01260346E-4
1.15521674E-4
1.3390428E-4
2.146815E-4
1.7371429E-4
4.489531E-5
1.8543664E-5
2.0532412E-5
7.835028E-5
-1.4476846E-4
-1.5413985E-4
-2.0501488E-4
-1.3232502E-4
-1.5447855E-4
-3.3694605E-4
-2.690503E-4
-2.9193892E-4
-2.2198574E-4
-1.5686025E-4
-2.4264219E-4
-2.285059E-4
-1.7371672E-4
-2.45562E-4
-2.3655083E-4
-1.9862715E-4
-3.3596857E-4
-1.523712E-4
-1.7571948E-4
-1.4003432E-4
-2.7970126E-4
-7.467319E-5
-9.133483E-5
-6.689269E-5
-4.9999635E-5
-3.457795E-6
9.33177E-5
6.371849E-5
-9.6520365E-5
-5.2128835E-5
-4.7013622E-5
8.0291284E-5
-1.6770748E-4
-1.0772914E-4
5.8671052E-5
1.5742226E-4
3.113357E-5
-3.785653E-4
-2.650917E-4
-2.9052448E-4
-2.2851904E-5
3.2223723E-4
-8.2115753E-4
3.4280547E-5
0.0011994347
-1.3368146E-4
-6.030912E-4
-4.9237796E-4
2.68732E-4
4.0631008E-4
5.050137E-4
5.1343628E-5
-1.4224042E-4
-2.1777372E-4
-6.816867E-5
-6.0466657E-5
2.5318292E-4
3.5344734E-4
5.4169644E-4
-8.828855E-5
2.2839663E-4
2.6350413E-4
2.2610897E-4
-6.3298336E-5
2.067968E-5
7.5108976E-5
3.092055E-4
3.0140454E-4
5.4727925E-4
4.0730418E-4
2.5825153E-4
-1.09242326E-4
-3.6874242E-4
-1.5506464E-4
1.5923404E-4
3.8748196E-5
-7.6646604E-5
-2.1350855E-4
-2.8831876E-4
-3.1886878E-4
-2.1648077E-4
-4.3405656E-5
-4.3274053E-5
-1.8025222E-4
-7.1105336E-5
-1.3992854E-4
-2.4538738E-6
-2.4364958E-6
2.8282317E-4
2.0344064E-4
3.8770091E-4
3.582098E-4
4.605585E-4
2.363244E-4
3.0049324E-4
2.2835394E-4
2.6916945E-4
6.4522205E-6
4.3371892E-5
2.689728E-5
1.5945027E-4
4.4936583E-5
-3.225732E-5
8.432293E-5
9.149505E-5
-1.9802706E-4
-1.6855175E-4
-2.4232481E-4
-3.1976323E-4
-3.9401933E-4
-2.3519123E-4
-1.2812566E-4
-1.14074945E-4
-2.766641E-6
1.7054865E-4
3.241406E-4
1.9077388E-4
1.3689505E-4
9.658321E-5
8.7682354E-5
9.9340425E-5
-1.0632616E-4
3.2589196E-5
1.0537945E-4
1.6331884E-4
5.3051284E-5
1.0971954E-4
9.838214E-5
7.633081E-5
-1.17516916E-4
-2.4428536E-4
-3.6906239E-4
-2.3207518E-4
-3.810193E-4
-3.115784E-4
-3.6962106E-4
-2.0321344E-4
-7.07009E-5
1.0889869E-4
1.4703095E-4
1.6502042E-4
1.8835897E-4
1.4827761E-4
-1.5329085E-4
-1.15295305E-4
-1.9162829E-4
-1.1936156E-4
3.7536672E-6
-9.918689E-5
-5.2353415E-5
-1.944264E-5
-8.2816936E-5
-7.1880536E-6
-1.1642413E-4
-7.88922E-6
-1.7295485E-4
-2.7226398E-4
-2.860058E-4
-2.5352492E-4
-3.8310586E-4
-2.5903308E-4
-3.0343217E-4
-1.4156794E-4
-1.3622965E-4
-1.0375296E-4
4.8024067E-5
7.3742995E-5
-5.833563E-5
-3.5622397E-5
-1.9786884E-4
-1.9979493E-4
-3.774749E-4
-4.3311896E-4
-5.392925E-4
-4.1674316E-4
-4.7690302E-4
-3.460796E-4
-4.1909472E-4
-3.1302907E-4
-4.1704296E-4
-2.1364666E-4
-5.353486E-4
-4.614548E-4
-4.8199072E-4
-4.3053873E-4
-4.1601787E-4
-4.4476433E-4
-5.2801735E-4
-3.5723E-4
-2.8239388E-4
-2.776316E-4
-4.9841596E-4
-4.0458186E-4
-4.13252E-4
-4.2528403E-4
-5.251407E-4
-4.5851927E-4
-4.354327E-4
-3.0219654E-4
-3.9741362E-4
-2.213557E-4
-1.5200184E-4
-1.0844545E-5
4.1903797E-5
9.767651E-6
2.0669597E-6
1.0305224E-5
-5.932451E-5
1.27792255E-5
-9.648784E-5
-1.3166708E-4
-8.569721E-5
-3.7838345E-5
-5.750362E-5
1.2977376E-5
-1.7107574E-4
3.0633866E-5
-2.7686816E-5
-8.002336E-5
-2.352194E-4
-3.677865E-5
-2.0781977E-4
-4.4500826E-5
-1.7246074E-4
-1.344891E-4
-1.5497426E-4
-3.1555388E-5
-9.60015E-5
5.2803098E-5
4.418162E-5
1.3666705E-4
1.786793E-4
1.9174743E-4
9.0612506E-5
1.5231235E-4
1.08782275E-4
2.8559158E-4
2.0207894E-4
1.4739724E-4
2.6073548E-4
1.7323032E-4
1.3372328E-4
3.1610252E-4
2.504103E-4
3.469499E-4
3.6681903E-4
3.7930958E-4
3.1092516E-4
3.7471487E-4
3.6977782E-4
3.1409448E-4
3.776962E-4
3.4842562E-4
3.6425097E-4
4.5445518E-4
4.2964434E-4
4.204473E-4
4.0540655E-4
4.6113424E-4
4.0429842E-4
4.9643876E-4
4.3878597E-4
4.727701E-4
3.0926568E-4
3.7034345E-4
3.278279E-4
2.9569873E-4
2.3341294E-4
2.378243E-4
2.5779186E-4
2.0319049E-4
1.7131015E-4
9.50519E-5
9.684247E-5
1.3241095E-4
8.2816994E-5
7.139656E-5
8.307267E-5
1.9210506E-4
1.0729016E-4
5.922424E-5
1.20670215E-4
5.9632093E-5
7.647451E-5
-3.8819067E-5
1.5402294E-4
7.502547E-5
7.335033E-5
-1.8528414E-4
-7.942066E-5
-4.9419334E-5
-7.973264E-5
-9.9916535E-5
-1.0214598E-4
8.1023445E-6
-6.358007E-6
3.807769E-5
-1.852383E-5
1.713882E-4
6.222489E-5
1.6407762E-4
1.4009533E-4
1.9795225E-4
1.8266424E-4
1.8419627E-4
2.8280076E-4
2.6223066E-4
2.1171296E-4
3.3199973E-4
2.846771E-4
2.6176276E-4
2.3951483E-4
2.6905752E-4
1.910788E-4
2.1910961E-4
2.3927492E-4
2.5099038E-5
1.0149702E-4
2.6372434E-5
1.9919389E-4
1.7714527E-4
3.0043887E-4
2.2776604E-4
2.9597897E-4
3.008859E-4
1.8927486E-4
1.751663E-4
4.309929E-4
4.1783374E-4
3.1671568E-4
2.8981516E-4
5.4217136E-4
3.8533413E-4
4.409952E-4
4.2839214E-4
3.3280885E-4
4.885506E-4
3.1745413E-4
3.131253E-4
3.3364893E-4
4.109975E-4
3.951096E-4
3.6473366E-4
2.999429E-4
1.7130426E-4
2.1190305E-4
2.578975E-4
3.525346E-4
2.2261868E-4
2.2292348E-4
8.837079E-5
1.1672047E-4
1.1982138E-4
2.1370579E-4
8.987212E-5
1.957562E-4
1.4421486E-4
1.8756732E-4
1.09673994E-4
1.7749802E-4
-6.929365E-6
1.982269E-4
1.3918284E-4
8.276392E-5
1.3960428E-4
6.1090395E-5
3.406789E-5
6.5643544E-5
-2.166559E-5
6.404912E-6
-1.2301162E-4
-1.1897387E-5
-1.5309227E-4
1.5816884E-5
-7.652639E-5
-3.9846134E-5
-3.8692757E-5
8.6324464E-5
-5.3290416E-5
-8.860022E-7
-1.513653E-4
-1.6231337E-5
-4.555626E-5
-6.216322E-5
4.8860504E-5
-7.2825555E-6
-6.6955463E-6
-4.9251375E-5
-6.895135E-5
-9.805873E-5
7.1429617E-6
-7.9845115E-5
-1.07942535E-4
-1.002401E-4
-7.787637E-5
-8.805589E-5
-1.3643145E-4
-8.5082414E-5
-1.3560687E-4
-3.651655E-5
-2.1879569E-4
-1.8768906E-4
-1.3772993E-4
-1.5313756E-4
-2.5178795E-4
-2.0413159E-4
-3.0462604E-4
-3.2600726E-4
-3.93737E-4
-2.4190264E-4
-3.1580534E-4
-2.9254457E-4
-3.3061014E-4
-4.0934628E-4
-3.14789E-4
-1.8716251E-4
-2.7722868E-4
-4.3402117E-4
-4.349291E-4
-4.1614065E-4
-4.0024874E-4
-3.9817195E-4
-5.685535E-4
-4.487948E-4
-4.5516543E-4
-4.7194184E-4
-1.6326705E-4
-3.4006734E-4
-4.6774535E-4
-4.6617328E-4
-3.0708467E-4
-2.2941329E-4
-1.09877146E-4
-5.714518E-5
-2.1522294E-4
-4.2916113E-4
-1.3950349E-4
-3.746237E-5
-2.4483094E-4
-2.8194702E-4
-2.3922377E-4
-2.8769142E-4
-7.6963544E-5
-9.854456E-5
-1.6357326E-4
-1.6582265E-4
-3.8990594E-4
-2.457825E-4
-2.5652943E-4
-1.9626578E-4
-1.3502403E-4
-1.9179628E-4
-1.2823156E-4
-7.897472E-5
-1.3216946E-4
-7.3928284E-5
-2.8816526E-4
-3.677789E-4
-3.7068475E-4
-2.1691246E-4
-1.9307854E-4
-2.0488533E-4
-1.6821052E-4
-2.4690278E-4
-3.1699575E-4
-2.8474344E-4
-1.8185354E-4
-1.09280496E-4
-8.323853E-5
-2.3177934E-4
-2.2686254E-4
-2.2453339E-4
-1.9522366E-4
-2.724757E-4
-1.7712313E-4
-1.1003786E-4
-1.4230901E-4
-1.1051112E-4
-9.826282E-5
-5.8452002E-5
-8.986621E-5
-1.8890481E-4
-2.6812853E-4
-2.4486336E-4
-1.3100289E-4
-1.5911134E-4
-1.0821705E-4
-4.693201E-5
-1.7467795E-4
-1.9876352E-5
-7.574258E-6
6.0013906E-5
-4.3047814E-5
5.2827614E-5
-1.7979473E-4
-2.5351057E-4
-2.8353726E-4
-8.4645835E-5
-1.6140901E-6
7.002787E-5
6.821423E-5
1.7115843E-4
1.9190401E-4
1.7091256E-4
2.457622E-4
1.6128675E-4
1.3153961E-4
-4.13636E-5
-6.6382618E-6
4.382067E-5
1.052672E-4
5.603174E-5
1.6877589E-4
1.9591904E-4
2.0792884E-4
3.7783317E-4
4.467271E-4
3.8926865E-4
3.9082178E-4
3.5212934E-4
3.6024998E-4
3.1400158E-4
2.2574661E-4
3.927463E-4
3.067415E-4
4.303113E-4
4.0650863E-4
3.9108767E-4
4.7651803E-4
4.444409E-4
4.5879462E-4
4.3873032E-4
3.8479327E-4
2.393195E-4
2.3837772E-4
3.082644E-4
2.0532345E-4
2.9122533E-4
2.50675E-4
3.7541415E-4
3.6389378E-4
2.5547377E-4
2.5446483E-4
3.5422647E-4
1.7943312E-4
9.1379035E-5
7.044214E-5
2.2198516E-4
2.5324334E-4
3.7129477E-4
2.3910515E-4
3.3054227E-4
3.1331208E-4
2.8206818E-4
3.3019594E-4
3.1412704E-4
3.7121025E-4
4.054003E-4
3.1965264E-4
3.393746E-4
2.6736624E-4
1.8902156E-4
2.962395E-4
3.703462E-4
3.365331E-4
3.804747E-4
4.550749E-4
5.610843E-4
5.145882E-4
5.24054E-4
4.4293498E-4
5.075029E-4
4.4996498E-4
5.362124E-4
4.4057117E-4
5.1523896E-4
3.2947137E-4
5.921369E-4
4.620433E-4
5.721655E-4
4.7328707E-4
5.6199025E-4
4.1449137E-4
3.9045795E-4
3.9865682E-4
3.8793072E-4
2.1887649E-4
3.904936E-4
3.0468698E-4
3.7610982E-4
2.2004155E-4
1.9109734E-4
2.5897025E-4
2.7025002E-4
2.5698243E-4
1.8919611E-4
-3.9387185E-5
4.1060444E-5
1.6816244E-5
-1.2284996E-4
-1.08167165E-4
-1.8513469E-4
-2.7588324E-4
-2.9979507E-4
-3.8160605E-4
-3.1487856E-4
-3.5870288E-4
-3.6839384E-4
-4.681445E-4
-4.1066704E-4
-4.0821158E-4
-4.4199484E-4
-4.4028735E-4
-3.9605668E-4
-4.11877E-4
-4.3971802E-4
-4.292161E-4
-3.2029927E-4
-3.3884784E-4
-2.6682674E-4
-4.2381504E-4
-3.5170838E-4
-3.844957E-4
-2.7032057E-4
-3.0421698E-4
-4.087019E-4
-3.8851748E-4
-1.323575E-4
-3.6383767E-4
-2.949919E-4
-3.069993E-4
-2.3785635E-4
-1.1784537E-4
4.7230747E-5
8.950052E-5
4.0973657E-5
-1.2377868E-4
-6.77085E-6
-1.11261856E-4
-1.0006086E-4
-7.31751E-5
8.114209E-5
9.789555E-5
1.6575263E-4
1.01945014E-4
3.367091E-5
-1.3314753E-5
-1.7614059E-6
-2.723412E-5
-1.6592156E-4
1.94775E-5
1.5315565E-5
1.0222879E-4
8.012857E-5
2.5706697E-5
7.5812655E-5
3.1430147E-5
1.7487453E-5
-5.398218E-5
1.2647409E-4
3.1035208E-5
1.3767922E-4
1.0709791E-4
9.871115E-5
4.801119E-5
1.0055383E-4
-9.243925E-6
1.00993624E-4
-2.9720777E-5
6.703937E-5
1.1900626E-5
9.40424E-5
1.4511132E-4
1.1415523E-4
-5.1039184E-5
-1.5388956E-5
2.8200926E-5
5.5357534E-5
-1.4412498E-5
2.1073762E-5
4.4440043E-5
-1.1236695E-5
6.5846914E-5
-2.2500159E-5
1.24076E-4
2.9365434E-5
7.0379705E-5
-5.5436383E-5
5.9103418E-6
-5.421657E-5
-5.1767005E-5
-8.32598E-5
-1.3577684E-5
-5.4102766E-5
2.751104E-5
-6.115805E-5
-5.229208E-6
4.3305685E-5
8.555097E-5
1.0079198E-4
7.0027905E-5
1.0427316E-4
-7.855465E-5
7.5598286E-6
-3.3414388E-5
1.2181832E-6
3.5836252E-5
-7.895792E-5
-1.887012E-5
-3.326402E-5
-1.7227615E-4
2.0105013E-5
-7.3052135E-5
-8.484434E-5
-1.5519839E-4
-9.0527086E-5
-8.3928506E-5
-8.9548004E-5
-8.7439876E-5
-1.0221788E-4
-1.8341075E-4
-1.1292229E-4
-1.386246E-4
-1.6245822E-4
-1.212561E-4
-9.400144E-5
-9.9983474E-5
-1.8584064E-5
-1.5980882E-5
-1.9577454E-5
2.6818052E-5
-7.092804E-6
-7.703137E-5
2.828929E-5
-5.0271065E-5
-9.747619E-5
-6.440273E-5
-1.468082E-4
-1.3637383E-4
-2.0398379E-4
-1.222401E-4
-2.2979818E-4
-1.7688247E-4
-1.6408117E-4
-7.371042E-5
-9.2926E-5
-1.530268E-4
-7.9784084E-5
-2.3930395E-5
2.699205E-5
-3.0168823E-5
8.899E-5
7.920708E-5
1.5014729E-4
1.739178E-4
1.16753916E-4
7.540368E-5
1.17515185E-4
1.5588928E-4
1.4408624E-4
1.3821661E-4
1.457624E-4
1.2097937E-4
1.0100605E-4
1.8747433E-4
9.647173E-5
9.687771E-5
8.994016E-5
1.7890599E-4
1.3838724E-4
1.7540925E-4
7.706603E-5
9.022113E-5
1.35629525E-5
1.01761274E-4
1.1479672E-4
8.211072E-5
3.4080305E-5
1.519963E-4
9.286088E-5
8.7778884E-5
1.4627256E-4
1.4227343E-4
2.1749493E-5
7.3807154E-5
2.2394406E-5
-2.0418112E-5
-4.1451112E-5
6.526049E-5
1.0465107E-4
2.0991642E-6
3.204545E-5
-4.890129E-5
-3.7784655E-5
9.59394E-6
-4.2843156E-5
-4.521044E-5
-2.7277063E-5
-1.03584745E-4
-1.0886516E-4
-7.4446E-5
-9.761697E-5
-2.3183701E-4
-7.832606E-5
-7.998819E-5
-1.7795742E-4
-1.8097993E-4
-2.2493562E-4
-2.2305077E-4
-3.3557505E-4
-2.5340414E-4
-4.4886008E-4
-2.5960305E-4
-4.3910037E-4
-3.339411E-4
-3.4496872E-4
-3.9317113E-4
-4.356227E-4
-2.7074455E-4
-4.0431874E-4
-3.780411E-4
-2.8861398E-4
-3.0529613E-4
-3.6075676E-4
-2.7861836E-4
-3.6282372E-4
-3.2770535E-4
-3.9439005E-4
-4.1092918E-4
-2.510311E-4
-2.2885996E-4
-3.6450414E-4
-1.9553382E-4
-3.211098E-4
-3.9230712E-4
-3.0495005E-4
-2.0277803E-4
-8.269022E-5
-2.0717124E-4
-2.468856E-4
-1.5526272E-4
-1.12736765E-4
-1.2150142E-4
-1.4956061E-4
-4.4979468E-5
-1.3445677E-5
-6.5564214E-5
-7.759322E-5
-1.4907408E-4
-2.1112597E-4
-4.2332438E-5
-6.461061E-5
-7.223328E-5
-1.1054734E-5
-2.2121E-5
4.359841E-5
1.8202029E-5
1.2822283E-5
4.1825235E-5
-1.6995125E-5
5.7967023E-5
-5.9470047E-5
-1.7649023E-5
1.12826776E-4
1.7229974E-4
2.2024702E-5
6.796625E-5
1.3171216E-4
8.409697E-5
8.174599E-5
6.465564E-5
8.401767E-5
7.904724E-5
7.867291E-5
3.4552286E-5
1.4931633E-4
1.430343E-4
2.3698833E-4
3.2650866E-4
3.5184203E-4
3.616074E-4
3.8343435E-4
2.385368E-4
2.6116607E-4
2.6166489E-4
2.540426E-4
3.2607737E-4
4.100767E-4
2.6454878E-4
3.1009395E-4
3.2194066E-4
2.3060282E-4
1.634103E-4
2.3311481E-4
2.4348538E-4
2.3459336E-4
1.7091485E-4
2.1729748E-4
1.7425226E-4
1.3725E-4
1.3990908E-4
1.4002937E-4
7.8285644E-5
1.957278E-6
3.3529042E-5
1.2869954E-4
1.408481E-4
5.817307E-6
5.5752378E-5
7.016087E-5
1.1800682E-4
1.5972162E-4
-3.125693E-5
-4.4307573E-5
-7.6637225E-5
-4.855786E-5
3.7357205E-7
7.215242E-5
-3.242714E-5
1.48187455E-5
-1.5703852E-5
1.9622156E-4
2.3081264E-5
3.9037794E-5
-3.511932E-6
1.9814692E-5
1.02082835E-4
1.00145466E-4
-5.402992E-5
3.841815E-5
-3.4421053E-5
4.264143E-5
-1.2632711E-6
1.0688655E-4
1.2037893E-4
1.7457822E-4
6.23359E-5
2.0113807E-4
2.2484543E-4
1.54938E-4
2.6201716E-4
2.401638E-4
2.3729385E-4
1.4375192E-4
3.0488003E-4
2.14234E-4
3.4359808E-4
2.0866288E-4
3.08119E-4
2.3761044E-4
3.360515E-4
2.9669897E-4
3.0741957E-4
2.7945093E-4
2.7151356E-4
2.8235503E-4
2.97914E-4
2.5882205E-4
2.9243884E-4
2.919002E-4
2.1860156E-4
2.0133697E-4
1.9272555E-4
1.9461232E-4
3.0542642E-4
2.0844344E-4
2.5521277E-4
1.9244166E-4
2.1410876E-4
1.6734579E-4
1.6679082E-4
1.4908312E-4
2.3906297E-4
2.0190436E-4
2.9130888E-4
2.0096493E-4
1.9019758E-4
1.8907365E-4
2.088765E-4
1.1607342E-4
7.127463E-5
-2.8447663E-5
-2.3058208E-5
-1.2480702E-4
-7.057838E-5
-2.0762192E-5
8.004445E-5
-2.8673534E-5
-7.503246E-5
-2.2752842E-4
-1.1174025E-4
-2.0153463E-4
-2.2596688E-4
-1.0944849E-4
-1.5120754E-4
-1.445921E-4
-2.2835731E-4
-2.1704687E-4
-1.4232741E-4
-3.5746448E-4
-1.7181388E-4
-2.5677017E-4
-2.4775878E-4
-2.2571314E-4
-3.0803587E-4
-2.895847E-4
-3.1557257E-4
-2.746096E-4
-3.521438E-4
-2.3615749E-4
-2.949919E-4
-3.0470963E-4
-3.6161588E-4
-3.4372875E-4
-3.364179E-4
-3.7003864E-4
-4.0399565E-4
-3.88898E-4
-4.794789E-4
-4.793591E-4
-5.301793E-4
-4.8050826E-4
-4.644604E-4
-4.990191E-4
-4.529092E-4
-5.0310156E-4
-3.9617068E-4
-4.781209E-4
-4.1715935E-4
-5.692005E-4
-4.634402E-4
-6.395349E-4
-5.1289133E-4
-4.3724378E-4
-5.008491E-4
-6.450823E-4
-5.0954736E-4
-4.4971754E-4
-4.4849212E-4
-5.05585E-4
-4.9600354E-4
-4.2164608E-4
-3.8885538E-4
-4.1920348E-4
-4.5159337E-4
-4.3302006E-4
-4.0183318E-4
-4.0129243E-4
-4.24786E-4
-3.46046E-4
-2.3497736E-4
-2.3866161E-4
-1.4933477E-4
-2.682106E-4
-2.1362642E-4
-1.7704356E-4
-1.9761277E-4
-1.16608746E-4
-1.1809337E-4
-1.4296081E-4
-7.020755E-5
-4.6678193E-5
9.20921E-6
-5.8087153E-5
2.550497E-5
-5.3622083E-5
5.6513232E-5
8.4293126E-5
1.012225E-4
1.2873395E-4
1.289547E-4
1.1339131E-4
1.6568274E-4
1.0602462E-4
9.99461E-5
1.0762076E-4
2.4786583E-4
1.4140879E-4
2.499234E-4
1.1358103E-4
2.0499114E-4
2.290597E-4
1.8532839E-4
1.4853482E-4
2.045189E-4
1.402803E-4
1.7525804E-4
1.7206166E-4
1.8385808E-4
5.2388008E-5
8.164472E-5
1.1752978E-4
1.7401604E-4
1.5345086E-4
7.367493E-5
7.830247E-5
9.324157E-5
3.0239627E-5
8.013337E-5
4.5112163E-5
1.6073054E-5
-8.317175E-7
6.7106375E-5
1.0579872E-4
8.3592204E-5
-2.8160972E-5
2.1029422E-5
1.2709934E-4
1.5831711E-4
9.286998E-5
1.7873701E-4
3.5241858E-6
2.2639336E-4
1.0960776E-4
1.5847264E-4
5.831085E-5
1.2434271E-4
2.0033764E-4
1.790202E-4
1.1492114E-4
6.774463E-5
1.7082765E-4
1.8689458E-4
1.09390996E-4
1.1526612E-4
1.6833635E-4
2.8185087E-4
1.8970334E-4
1.1945381E-4
2.0221311E-4
1.3886063E-4
3.2813387E-4
9.058047E-5
1.6668627E-4
1.8252904E-4
4.214618E-4
2.2406105E-4
2.0222134E-4
1.00022065E-4
3.689445E-4
3.8001873E-4
3.6392573E-4
3.0250743E-4
3.8290763E-4
3.941234E-4
4.6100153E-4
4.70469E-4
4.01737E-4
3.7405762E-4
3.9175237E-4
4.0454866E-4
5.1521417E-4
4.46095E-4
4.944325E-4
3.9947047E-4
4.8332755E-4
5.5243116E-4
4.9341586E-4
4.887442E-4
3.931487E-4
3.2783818E-4
4.5969707E-4
3.8275245E-4
3.7892486E-4
3.3461396E-4
3.17836E-4
2.4888312E-4
4.0152692E-4
2.973475E-4
3.0269078E-4
2.0532697E-4
2.2371314E-4
9.529536E-5
2.5961924E-4
9.854656E-5
2.1518531E-4
1.2219453E-4
2.4541336E-4
4.844973E-5
1.5989893E-4
-3.9252704E-5
2.4379598E-4
1.8571138E-4
2.1456604E-4
1.2267365E-4
1.9156894E-4
6.7679146E-5
2.1619661E-4
-1.9072151E-5
8.391582E-5
-3.0672938E-5
6.8992485E-5
-2.2809509E-5
3.1661504E-5
-1.9302045E-6
-5.8283217E-6
1.7649112E-6
-3.1597299E-6
3.992655E-6
-1.09978086E-4
-1.2672298E-4
-1.1862854E-4
-2.894353E-4
-1.4560136E-4
-2.712669E-4
-1.795809E-4
-1.9754785E-4
-2.291345E-4
-2.4973607E-4
-2.1001937E-4
-2.4371676E-4
-2.4189922E-4
-3.2208726E-4
-2.5063957E-4
-4.0504217E-4
-2.2587802E-4
-3.9215374E-4
-2.2826689E-4
-3.8451317E-4
-1.6070224E-4
-3.4531383E-4
-3.020297E-4
-3.4182356E-4
-2.58003E-4
-3.5851667E-4
-1.9742273E-4
-2.5513174E-4
-2.813797E-4
-4.3321503E-4
-2.822538E-4
-3.562124E-4
-2.76962E-4
-3.3602995E-4
-2.1925112E-4
-2.611354E-4
-2.159569E-4
-2.307066E-4
-1.8896953E-4
-2.1570186E-4
-3.303494E-4
-2.3439681E-4
-2.084832E-4
-2.1600854E-4
-2.4299315E-4
-3.054515E-4
-3.0779952E-4
-3.1430976E-4
-1.7632754E-4
-2.0384463E-4
-1.7820764E-4
-1.8789571E-4
-2.4298669E-4
-1.9691682E-4
-6.876306E-5
-3.265382E-4
-2.6131922E-4
-3.4526698E-4
-2.2248545E-4
-2.0905117E-4
-1.2952264E-4
-2.527898E-4
-1.7345161E-4
-2.2969654E-4
-1.4733891E-4
-1.6991603E-4
-6.934051E-6
-1.2018135E-4
-1.3151781E-4
-1.9817521E-4
-4.7023626E-5
2.2139642E-5
1.2344208E-4
-1.9666364E-5
4.0160015E-5
6.6722576E-5
1.3262898E-4
7.1092596E-5
5.825949E-5
1.1980255E-4
1.18693235E-4
7.91302E-5
1.2825691E-4
1.8063035E-4
2.1508726E-4
2.8011441E-4
1.9668687E-4
1.0543403E-4
2.3514668E-4
1.3372953E-4
3.0151432E-4
1.237967E-4
1.7791535E-4
3.4153115E-4
3.4058097E-4
3.562838E-4
4.0872025E-4
2.1351379E-4
3.0763887E-4
3.0743808E-4
3.588314E-4
2.2424788E-4
4.3324791E-4
2.444091E-4
4.0043792E-4
2.923594E-4
2.907521E-4
2.2333588E-4
3.0130288E-4
1.4680481E-4
3.5790866E-4
2.1825486E-4
3.285286E-4
1.04609775E-4
2.8570511E-4
1.8641131E-4
3.929592E-4
2.673328E-4
3.0643542E-4
2.3026421E-4
3.5326733E-4
2.1570658E-4
3.3782722E-4
1.5187266E-4
1.5461739E-4
2.0648436E-4
3.2152358E-4
2.2004238E-4
2.1395044E-4
1.9900092E-4
3.0703016E-4
3.019455E-4
3.045606E-4
2.8385E-4
3.2360392E-4
1.6486207E-4
3.4727537E-4
2.7174441E-4
4.2576084E-4
2.4059301E-4
3.2377575E-4
3.108813E-4
4.5081793E-4
1.9086285E-4
4.1661208E-4
2.8962307E-4
3.584339E-4
1.9922531E-4
4.2043024E-4
2.9324827E-4
3.9615622E-4
1.8091314E-4
3.6039774E-4
2.603042E-4
4.673053E-4
2.9828743E-4
2.7486516E-4
2.1850003E-4
3.050675E-4
2.967124E-4
2.8930814E-4
2.1788711E-4
1.4814318E-4
1.3029366E-4
1.6198306E-4
7.772466E-5
2.025568E-4
5.8916376E-5
5.516148E-6
6.081744E-5
-1.9136853E-5
4.587803E-5
2.5153613E-6
-8.275522E-5
2.5156503E-6
-7.5984564E-5
4.406486E-5
-6.2645406E-5
-8.639001E-5
-8.521413E-5
-1.25520355E-5
-1.1791794E-4
-7.9121004E-5
-2.1347527E-4
-1.78396E-4
-1.2320191E-4
-1.6783542E-4
-2.8110275E-4
-1.6601577E-4
-3.6397038E-4
-2.1833584E-4
-4.0798006E-4
-2.8454224E-4
-4.034837E-4
-2.9803225E-4
-4.5483775E-4
-1.8029801E-4
-4.553976E-4
-2.3548723E-4
-3.4434054E-4
-3.2682385E-4
-4.407983E-4
-4.258184E-4
-4.0102497E-4
-3.921224E-4
-3.931128E-4
-5.069075E-4
-4.8023308E-4
-5.533766E-4
-4.804151E-4
-5.064252E-4
-5.0186994E-4
-4.8343872E-4
-5.4015295E-4
-5.399362E-4
-5.796726E-4
-4.8584747E-4
-6.501695E-4
-5.893564E-4
-5.4697844E-4
-6.0606893E-4
-6.6474767E-4
-6.0221576E-4
-6.337627E-4
-5.277578E-4
-5.477136E-4
-4.8554037E-4
-5.6302524E-4
-4.6624878E-4
-5.951246E-4
-4.797237E-4
-5.39646E-4
-4.9045734E-4
-4.8443157E-4
-3.657386E-4
-5.310615E-4
-3.7043303E-4
-5.5194227E-4
-4.6413258E-4
-5.077096E-4
-3.2205784E-4
-2.7287833E-4
-1.3497566E-4
-3.5683726E-4
-2.2411035E-4
-2.7239378E-4
-2.0693171E-4
-2.7044225E-4
-2.7816885E-4
-2.4024604E-4
-2.6188538E-4
-1.7064657E-4
-7.9195146E-5
-6.717087E-5
-8.2733844E-5
-1.4076932E-4
-7.489601E-5
-1.0550377E-4
-5.287141E-5
-7.340115E-5
-1.2976091E-4
-1.5102736E-4
-4.6884657E-6
-9.739359E-5
4.083765E-5
6.1632504E-6
-1.07683365E-4
-1.09374836E-4
-4.7936323E-5
-8.386185E-5
-5.7988724E-5
-2.2231611E-4
-1.14740535E-4
-1.4884988E-4
-1.0716557E-4
-1.5980419E-4
-7.14311E-5
-2.2299918E-4
-9.6990334E-5
-1.9615369E-4
-1.3629904E-4
-1.651989E-4
-1.3830622E-4
-2.0903863E-4
-7.060498E-5
-2.5279625E-4
-9.373732E-5
-2.094002E-4
-6.92245E-5
-6.429585E-5
9.3154515E-5
2.8144976E-5
3.3884862E-5
1.2608703E-4
8.815067E-5
6.0350958E-5
1.2832035E-4
2.3264101E-5
1.4030021E-4
1.7188324E-4
1.331609E-4
7.4465046E-5
2.060051E-4
9.309834E-5
9.884803E-5
8.0982165E-5
1.02011756E-4
2.0489728E-5
2.578111E-4
1.847303E-4
2.0151053E-4
1.0255915E-4
2.7199474E-4
2.4096247E-4
2.8662098E-4
7.462955E-5
4.0397607E-4
1.4318306E-4
3.5281896E-4
1.09718014E-4
1.8284253E-4
2.2125967E-4
2.6780608E-4
1.03946106E-4
1.9884031E-4
1.8161646E-4
2.9327787E-4
1.1399535E-4
2.9208974E-4
3.5131196E-4
2.659733E-4
1.6398205E-4
2.2073605E-4
1.8837352E-4
1.8432061E-4
1.7537543E-4
1.8231012E-4
1.5937585E-4
2.5168865E-4
2.6508459E-4
1.935181E-4
1.8137158E-4
2.4342336E-4
2.0951504E-4
1.9805417E-4
1.783736E-4
1.9995707E-4
1.6231567E-4
3.110545E-4
1.2934375E-4
2.6858263E-4
2.1259437E-4
2.4719967E-4
1.9950786E-4
2.0973674E-4
2.412283E-4
1.8002384E-4
1.0614491E-4
2.3120569E-4
2.1748887E-5
1.6107027E-4
6.2213956E-5
1.6346677E-4
2.3573677E-5
2.7474063E-4
9.995663E-6
2.4111195E-4
-2.6213549E-5
2.1646351E-4
4.1305848E-5
1.7056425E-4
1.4142507E-4
2.3167237E-4
1.8090595E-4
2.811521E-4
2.1630853E-4
9.2702954E-5
1.1080237E-4
1.2140634E-4
1.8893476E-4
1.5751747E-4
9.411728E-5
8.778169E-5
-4.9021433E-5
-3.8826016E-5
-3.4221186E-5
1.2538418E-5
-7.1958886E-5
-2.4133124E-5
-1.32013E-4
-1.4478633E-4
-1.9820283E-4
-5.324579E-5
-2.1529039E-4
-1.90898E-4
-2.2464606E-4
-2.712398E-4
-3.3483512E-4
-2.4448076E-4
-3.8436835E-4
-1.8126305E-4
-4.7174594E-4
-2.8842047E-4
-4.3314407E-4
-3.827221E-4
-4.8135585E-4
-3.9118473E-4
-4.5120393E-4
-2.4727563E-4
-5.4222654E-4
-4.0013448E-4
-4.447413E-4
-3.28802E-4
-4.5938362E-4
-2.7504397E-4
-4.303012E-4
-3.8157127E-4
-3.795072E-4
-3.4762913E-4
-3.6810094E-4
-3.313802E-4
-3.3478567E-4
-4.0591336E-4
-3.3689357E-4
-3.2847538E-4
-2.2725026E-4
-2.4974035E-4
-3.4502434E-4
-3.1695393E-4
-2.8355766E-4
-1.7552849E-4
-2.4602347E-4
-1.3545874E-4
-1.9441734E-4
-1.3134399E-4
-2.834787E-4
-1.9012176E-4
-2.6164888E-4
-1.7140889E-4
-2.7727234E-4
-1.506208E-4
-1.9074016E-4
-1.2466084E-4
-2.1265568E-4
-1.8597615E-4
-2.7275356E-4
-7.353993E-5
-1.9176716E-4
-1.06214124E-4
-2.1759955E-4
-8.145333E-5
-1.10524474E-4
-1.2519743E-4
-1.6066252E-4
5.2189098E-5
-1.0585748E-4
8.257307E-5
-7.046693E-5
7.850465E-5
-9.123001E-6
3.3744465E-5
3.4700137E-5
1.2400247E-4
6.366636E-5
1.6774626E-4
1.9878356E-4
3.0075753E-4
2.1124577E-4
1.3164058E-4
1.6844002E-4
1.20224824E-4
2.2933877E-4
2.922105E-4
1.5181892E-4
2.816774E-4
1.7426346E-4
2.815128E-4
2.5612503E-4
3.0670248E-4
2.005025E-4
3.5492814E-4
2.769966E-4
4.270958E-4
2.1071467E-4
3.4795867E-4
2.0457165E-4
3.6227814E-4
1.1688998E-4
3.7109767E-4
2.269129E-4
2.9545382E-4
1.6090911E-4
3.5735112E-4
2.4973156E-4
3.325676E-4
1.8208088E-4
2.7126216E-4
9.9791396E-5
2.8715265E-4
1.254571E-4
2.6535394E-4
8.5955195E-5
1.8259374E-4
7.754455E-5
2.7616217E-4
1.2328316E-4
2.4308114E-4
8.730064E-5
1.7101137E-4
2.2320187E-4
1.0135086E-4
1.448402E-4
1.4638093E-4
1.6528349E-4
1.4872703E-4
1.141313E-4
3.2446714E-4
1.2772501E-4
2.694486E-4
5.181314E-5
2.537066E-4
8.96256E-5
2.1282288E-4
1.1355242E-4
2.4969687E-4
1.2642263E-4
1.7530496E-4
5.133724E-5
8.821631E-5
-9.868207E-5
1.2541754E-4
-1.926584E-5
7.0142E-5
-1.2400906E-4
3.6160538E-6
-8.9650486E-5
-2.0641008E-5
-2.722869E-4
-5.8436153E-6
-2.1771103E-4
-6.378804E-5
-2.5605885E-4
-2.0347163E-4
-3.168523E-4
-2.3665908E-4
-2.877619E-4
-2.1513899E-4
-2.8927147E-4
-1.4261318E-4
-1.777947E-4
-1.3786738E-4
-3.138104E-4
-2.2817335E-4
-2.4561552E-4
-2.686195E-4
-2.3078611E-4
-2.1165314E-4
-2.549909E-4
-1.4906048E-4
-2.9567644E-4
-1.9053412E-4
-3.0102232E-4
-1.2556669E-4
-2.468395E-4
-1.1012753E-4
-2.7660961E-4
1.46027105E-5
-2.014403E-4
-5.6030887E-5
-1.9261077E-4
-1.928476E-4
-2.9371673E-4
-1.02082566E-4
-2.072572E-4
7.432925E-6
-1.893754E-4
-7.4235955E-5
-2.6329665E-4
-3.370873E-5
-1.6897071E-4
-7.199906E-5
-2.8667293E-4
-1.0823066E-4
-2.3029529E-4
-4.201982E-5
-1.0819272E-4
-6.848719E-5
-2.5727155E-4
-1.312843E-4
-1.8461878E-4
4.1065414E-5
-1.3437633E-4
-1.5490748E-4
-1.519663E-4
-1.2828872E-4
-2.467562E-4
-2.2901752E-4
-1.3247893E-4
-9.3930685E-5
-1.2238527E-4
-5.9065536E-5
-7.962674E-5
-1.2686761E-4
-8.562762E-5
-5.1684267E-5
-1.6936188E-4
-9.7603915E-5
-1.3979268E-4
-7.023035E-5
-1.3822138E-4
3.1570875E-5
-6.553057E-5
4.9422135E-5
-5.8843758E-5
1.1989436E-4
-4.3443888E-5
4.425007E-5
-9.432731E-5
9.184362E-5
-7.849008E-5
1.652991E-5
6.44E-6
1.2296979E-5
-1.08237065E-4
-1.0126265E-4
-9.4574105E-5
5.9063E-5
-4.2153926E-5
-5.8390313E-5
-8.734424E-5
3.1307685E-5
-1.183623E-4
-7.0003145E-5
-3.9605848E-6
9.082048E-5
7.393195E-5
6.088932E-5
-4.1079657E-5
1.2824095E-4
5.6875866E-5
8.6383625E-5
1.1694375E-4
1.0384509E-4
1.3410978E-4
1.7774077E-4
7.4507757E-6
2.4370616E-4
1.0131661E-4
1.6993957E-4
7.2847935E-5
1.2600061E-4
1.2037637E-5
1.536252E-4
4.81479E-5
3.8123693E-5
7.126721E-5
1.3065392E-4
3.8306614E-5
1.2762877E-4
1.4522081E-5
1.6789016E-4
2.7761627E-5
1.4339319E-4
4.641857E-5
1.6591704E-4
1.2366496E-4
1.9844083E-4
1.1776686E-4
1.1309382E-4
5.005128E-5
1.7672074E-4
1.227588E-5
1.7204545E-4
1.1194531E-4
2.4375934E-4
1.619856E-4
2.3426804E-4
2.0396756E-4
2.80078E-4
1.7108329E-4
2.2890313E-4
1.7564162E-4
1.8316481E-4
2.4019754E-4
2.0547498E-4
1.3357047E-4
1.5045362E-4
7.243126E-5
1.843112E-4
1.8583497E-4
1.4514706E-4
2.0658586E-4
1.5329474E-4
6.9438356E-5
1.4663991E-4
9.6251046E-5
3.228292E-4
1.3489861E-4
1.9935679E-4
1.659891E-4
3.502565E-4
8.911857E-5
3.2640016E-4
2.934887E-5
3.269216E-4
5.8386875E-5
2.7336477E-4
1.9482634E-4
1.9681467E-4
6.256368E-5
1.3442604E-4
1.1231731E-4
1.1814753E-4
7.6694945E-5
1.5506272E-4
9.549951E-5
1.681221E-4
1.4332215E-4
5.0664494E-5
1.2942578E-4
1.4554376E-4
1.0326228E-4
9.456044E-5
1.1296077E-4
7.799643E-5
4.75983E-5
1.4767666E-4
1.3563909E-4
1.3809834E-4
7.654783E-5
4.677761E-5
6.6201406E-5
8.8106215E-5
-4.3151413E-5
1.0658267E-4
-3.440825E-6
1.511577E-4
7.847975E-6
6.92236E-5
1.7675404E-5
7.834425E-5
-5.1900315E-6
1.3397455E-4
1.1439195E-5
1.5651951E-4
-1.2642228E-4
1.4101596E-4
2.0830352E-5
7.0720904E-5
-7.62739E-6
1.4420401E-4
-9.003411E-5
1.2658004E-4
7.458952E-5
2.571164E-5
-1.437988E-4
-4.0336334E-5
-8.3553816E-5
8.6495005E-5
-5.549586E-5
5.3302923E-5
5.786401E-6
-7.341959E-5
-1.390173E-5
-1.16362244E-4
1.3488758E-5
-7.085558E-5
-1.830884E-5
3.5416945E-6
-2.6132488E-5
4.7151875E-6
-9.4395924E-5
-3.6551093E-5
-9.954174E-5
-5.336332E-5
-1.3801237E-4
-7.9690966E-5
-7.577434E-5
2.4308827E-5
-1.3147615E-4
4.870675E-5
-1.2853339E-4
6.2915747E-6
-4.8644928E-5
-3.968249E-5
-2.3069321E-4
-4.4929893E-5
-2.1185093E-4
-3.632527E-5
-2.7132686E-4
-7.058851E-5
-2.039247E-4
2.6698972E-5
-1.5503711E-4
-1.2759384E-4
-1.6594055E-4
-1.138144E-4
-1.2590601E-4
-6.8192676E-5
-1.4315732E-4
-3.0432508E-5
-2.050226E-4
-1.2595429E-4
-1.2442087E-4
-9.1780545E-5
-2.0113886E-4
-5.3229094E-5
-6.319104E-5
-5.025321E-5
-1.0343498E-4
-4.203361E-5
-5.5629887E-5
-7.5431984E-5
-1.16122E-4
-1.6021874E-4
-3.655116E-5
-3.3543576E-5
-1.025191E-6
-4.6066085E-5
-1.5575622E-4
4.6996647E-5
-9.767201E-5
-2.378547E-5
-1.5317576E-4
1.0036728E-5
-1.2221196E-4
7.28876E-5
-1.13524846E-4
1.2706405E-4
-8.851855E-5
1.8092508E-4
-9.907594E-5
6.950885E-5
-4.0770476E-5
1.7967964E-4
-9.5048155E-5
5.60465E-5
-5.0486724E-5
1.2703221E-4
9.611681E-5
2.3793984E-4
4.057446E-5
4.370458E-5
1.5622261E-5
1.01614205E-4
-5.1145403E-6
1.6995324E-4
-1.7960458E-5
2.1678925E-5
5.1389954E-5
1.3430862E-4
5.691163E-5
4.319457E-5
3.0440944E-5
1.3071831E-4
1.4766168E-5
7.5403135E-5
5.6319408E-5
1.01698366E-4
-6.726087E-5
1.15745015E-5
-5.8491078E-5
1.21736746E-4
5.0046885E-5
1.7975744E-4
-8.681456E-9
1.6180426E-4
1.441428E-5
1.5380954E-4
9.297508E-6
1.356742E-4
-1.4160169E-5
6.344235E-5
-2.8930752E-5
1.0097551E-4
4.9302304E-5
1.30267E-4
5.9090773E-5
2.2280126E-4
4.7881284E-5
2.2179425E-4
1.4452558E-4
1.902864E-4
1.4778941E-4
1.7959204E-4
1.4392263E-4
1.7912305E-4
9.011146E-5
2.4388623E-4
1.8982976E-4
2.942589E-4
2.2558139E-4
1.5959785E-4
1.5469865E-4
2.032346E-4
2.2571915E-4
2.314676E-4
1.9766283E-4
2.0013655E-4
8.310307E-5
2.172221E-4
1.102041E-4
3.3166542E-4
2.1742436E-4
2.896282E-4
1.4225146E-4
2.2249547E-4
8.687744E-5
2.461667E-4
7.605202E-5
3.0152802E-4
5.8145644E-5
1.5518848E-4
7.369631E-5
1.8127609E-4
-4.3264696E-5
1.7853054E-4
-6.260715E-5
1.0373834E-4
7.4288284E-5
4.1444117E-5
-1.01038044E-4
4.5904508E-5
-1.1078169E-4
5.348279E-7
-1.2213846E-4
-1.0296641E-4
-1.8093023E-4
-6.829128E-5
-2.4593106E-4
-9.138121E-5
-1.0833399E-4
-1.3253368E-4
-2.954205E-4
-2.2740319E-4
-1.7999252E-4
-2.9410486E-4
-2.428358E-4
-2.3949733E-4
-3.1580156E-4
-1.888561E-4
-3.7567626E-4
-2.40193E-4
-2.8769832E-4
-2.620091E-4
-3.4626832E-4
-2.9263442E-4
-2.9228514E-4
-2.2436121E-4
-2.9154363E-4
-2.0849619E-4
-4.0274597E-4
-2.2602937E-4
-3.984617E-4
-1.3874802E-4
-4.6795598E-4
-1.153649E-4
-3.5502834E-4
-1.7379445E-4
-2.8502414E-4
-1.6337304E-4
-3.2692825E-4
-1.9912777E-4
-3.148323E-4
-1.1980122E-4
-2.9474075E-4
-1.3738373E-4
-1.9668124E-4
-6.204343E-5
-1.9338535E-4
-9.550863E-5
-2.4205193E-4
-5.4671433E-5
-1.3016838E-4
-5.4230157E-5
-1.09596695E-4
-2.0937101E-5
-8.081384E-5
-9.720275E-5
-7.40573E-5
-1.9137955E-5
-4.847407E-5
3.349546E-5
-4.3542415E-5
6.0909374E-6
-2.3847304E-5
3.0862993E-5
-1.3064582E-5
4.482569E-5
-6.6849796E-5
1.4409587E-4
-2.0260002E-5
1.0714028E-4
-7.864714E-5
1.5988902E-4
-7.5957505E-5
9.9903744E-5
-1.8989689E-4
1.2639306E-7
-1.3792622E-4
2.2582779E-5
-1.6378734E-4
-4.077124E-5
-1.8363821E-4
-8.849994E-5
-2.4391385E-4
-5.9512637E-5
-3.0021332E-4
-9.8477525E-5
-2.9468734E-4
-8.7111934E-5
-2.3661653E-4
-1.5930842E-4
-2.8130494E-4
-1.5738497E-4
-1.6002178E-4
-1.4323583E-4
-2.4407257E-4
-9.6770455E-5
-2.6031907E-4
-5.2890235E-5
-1.4001418E-4
-4.3495133E-5
-2.1583524E-4
-9.424048E-5
-2.5777685E-4
-1.6770765E-4
-1.1804924E-4
-2.2408814E-5
-1.18798496E-4
-4.7789166E-5
-1.9615362E-4
2.1243279E-5
-2.2345266E-4
-1.732757E-5
-7.102218E-5
1.5647933E-4
-4.480253E-5
7.1057024E-5
-1.2758243E-4
7.3032556E-5
-6.486935E-5
4.2330394E-5
-2.2238239E-5
2.2686085E-4
-4.7302205E-5
2.3695291E-4
-1.7099082E-5
1.1990492E-4
-3.4815115E-5
1.638033E-4
1.7010603E-5
1.862916E-4
-7.1623246E-5
1.3791422E-4
-8.11929E-5
5.4203963E-5
3.307757E-5
1.8006028E-4
3.8576554E-6
7.527585E-5
8.9339585E-5
6.420585E-5
4.9243263E-5
1.766124E-4
2.7010006E-5
8.212035E-5
2.6509467E-6
2.041481E-4
4.2874264E-5
2.2227225E-4
2.8293085E-5
2.0415001E-4
4.5750152E-5
1.9643838E-4
-1.20169225E-5
2.6186675E-4
-1.6265432E-5
1.9749424E-4
-1.2332489E-5
1.5616081E-4
-1.6566449E-4
9.168879E-5
-4.827805E-5
2.8078966E-5
-1.1483594E-4
9.779437E-5
-1.9317912E-4
5.6421617E-5
-1.2728033E-4
2.1295564E-5
-2.0103011E-4
5.595542E-5
-1.2535014E-4
1.6647835E-5
-1.2834826E-4
5.9881342E-5
-7.0243164E-5
-1.616759E-5
-1.444767E-4
2.775625E-5
-6.452163E-5
-2.55352E-5
-3.9547383E-5
1.8177925E-5
3.1727526E-5
5.4911376E-5
-7.665125E-5
-2.2351978E-5
-6.417462E-5
-5.46566E-5
-3.751197E-5
-7.609137E-5
-4.81899E-5
-6.243866E-5
-1.0921767E-4
1.4466492E-5
1.8330476E-5
1.11782065E-4
-8.299322E-5
6.801594E-5
-8.3241255E-5
1.4524162E-4
-1.08749755E-5
1.1011164E-4
-1.5677839E-5
2.253103E-4
-1.1622872E-4
9.809605E-5
-1.2320423E-4
1.7920171E-4
-8.4734434E-5
2.1338821E-4
-6.707526E-5
5.9521702E-5
-1.4680553E-5
9.3890325E-5
-2.1649152E-5
1.1920117E-4
-1.01853366E-4
5.6409095E-5
-3.859908E-5
8.9003915E-5
5.7287387E-5
3.3354838E-5
9.928531E-5
1.5267547E-5
3.8894574E-5
1.1214712E-4
6.435759E-5
1.05497995E-4
-7.9825095E-6
9.71281E-5
1.2659702E-5
4.7919824E-5
4.9209804E-5
1.3896111E-4
4.196542E-6
1.5962012E-4
9.393892E-5
1.143914E-4
2.0364814E-5
2.2138597E-4
-9.247807E-6
1.4989685E-4
-8.450336E-5
-2.630464E-5
-9.314398E-6
8.318148E-5
-6.3617044E-5
1.17928605E-4
-1.5550762E-4
1.4864905E-4
-8.037745E-5
1.4257987E-4
-2.0005473E-5
4.7885882E-5
8.468057E-6
1.5048172E-4
-3.5659745E-5
9.1949994E-5
-1.372608E-4
1.1309644E-4
-1.4305015E-6
7.284789E-5
-2.4723453E-5
6.759324E-6
-8.48648E-5
-4.7456615E-6
-7.491658E-5
1.5286116E-5
-1.0499301E-4
-8.458628E-5
-8.074333E-5
-4.36494E-5
-1.514673E-4
-9.9997684E-5
-1.9614476E-4
-1.1400174E-4
-1.5320907E-4
-3.6570502E-5
-1.9715235E-4
-4.734429E-6
-1.0221791E-4
1.0932542E-4
-1.8162701E-4
7.370782E-5
-2.2382569E-4
4.794291E-5
-2.2225144E-4
-5.1417173E-5
-1.5701505E-4
6.130281E-5
-1.9455102E-4
1.4175505E-4
-1.09797926E-4
7.671554E-5
-1.2445154E-4
1.6270232E-4
-1.1516209E-4
9.366536E-5
-7.280996E-5
6.1607294E-5
-2.8144137E-5
1.8914379E-4
4.8100934E-5
1.6270239E-4
1.4578E-4
1.9691627E-4
9.127361E-5
1.917242E-4
9.06468E-5
3.033103E-4
2.1441626E-4
2.6507996E-4
7.8733836E-5
2.287757E-4
2.0306474E-4
3.087607E-4
2.4395583E-4
4.0310502E-4
3.0500765E-4
3.521057E-4
2.3919658E-4
4.1668123E-4
2.7254387E-4
3.8439874E-4
2.1796885E-4
4.2132303E-4
1.7577724E-4
3.6912423E-4
1.8896168E-4
3.8511714E-4
1.0134297E-4
3.6778688E-4
7.1704795E-5
4.5145984E-4
1.1784713E-4
4.72063E-4
1.4795404E-4
4.0901557E-4
1.8252005E-4
4.6094967E-4
2.1044197E-4
3.9372584E-4
8.791778E-5
3.3431855E-4
2.7883521E-5
2.7227844E-4
1.16779884E-4
2.5261188E-4
6.743897E-5
1.2480833E-4
4.890486E-5
1.0817116E-4
6.4599524E-5
1.6561507E-4
-2.7197333E-5
1.0990944E-4
1.3951231E-5
6.6634006E-5
-4.485987E-5
3.3817614E-5
-9.14099E-5
-9.127819E-5
-1.8348507E-4
-4.936028E-5
-1.5201118E-4
-3.938942E-5
-3.3400423E-4
-2.1899166E-5
-2.5574074E-4
-2.9164607E-5
-3.400793E-4
-1.4227975E-4
-3.5249305E-4
-8.9106936E-5
-2.7373643E-4
-1.2545014E-4
-3.6685905E-4
-3.107388E-5
-3.467797E-4
-2.968798E-5
-3.616292E-4
-1.0578471E-4
-3.9748155E-4
-1.2478043E-4
-3.0404108E-4
-2.0772427E-4
-2.0393981E-4
-1.7311817E-4
-3.297935E-4
-8.626566E-5
-2.0551143E-4
-5.038766E-5
-2.1712364E-4
-6.841362E-5
-1.6164806E-4
2.2318023E-5
-1.1440628E-4
-1.2089029E-4
-3.219599E-4
-6.46135E-5
-1.389614E-4
2.2917766E-5
-1.1028007E-4
6.869019E-5
-1.0241669E-4
1.4294292E-4
-1.6594667E-4
1.765994E-5
-1.3470283E-4
2.1955515E-4
-1.3271546E-4
9.090551E-5
-1.4343533E-4
2.6467186E-4
-1.6408083E-4
2.156365E-4
-1.4934955E-4
1.6530389E-4
-9.956904E-5
1.5595499E-4
-1.0464659E-4
2.474222E-4
-4.1477353E-5
2.5940384E-4
-8.539465E-5
2.3180137E-4
-4.8914928E-5
2.0896533E-4
9.204556E-7
1.2229897E-4
5.4250766E-5
1.716456E-4
8.985141E-6
2.9251404E-4
6.631225E-5
2.1948767E-4
1.0818993E-4
2.1128585E-4
3.1583797E-5
1.853858E-4
1.9401985E-5
2.5289602E-4
-2.4859502E-5
2.2616706E-4
6.310056E-5
3.0760936E-4
3.5273682E-5
2.867571E-4
2.5313026E-5
2.0931508E-4
8.739148E-6
2.5987145E-4
1.4108241E-5
2.2746777E-4
-6.617657E-5
1.7965019E-4
-1.2001232E-4
1.2413508E-4
-4.152108E-5
1.6402204E-4
-1.6829777E-4
1.7740256E-4
-1.4109237E-4
1.7479857E-4
-1.01510115E-4
1.6771971E-4
-1.7463273E-4
6.030824E-5
-1.04676896E-4
1.8956E-4
-9.867194E-5
1.1701564E-4
-6.821683E-5
1.7713463E-4
-8.9989895E-5
1.3452448E-4
-3.232731E-5
1.2865725E-4
-7.7541015E-5
7.620983E-5
-5.553744E-5
1.5966104E-4
-1.02768725E-4
1.5388738E-4
8.101913E-6
4.0412615E-5
-1.541868E-4
5.2776537E-5
-5.919188E-5
2.4128033E-4
1.1722836E-6
2.0895808E-4
-3.247624E-5
2.487091E-4
-3.3966822E-5
2.347916E-4
-4.5389723E-5
2.556822E-4
-3.6567955E-5
2.827138E-4
1.6680491E-5
4.0045462E-4
-9.477007E-5
2.9107017E-4
3.479252E-5
3.6723271E-4
1.1924463E-4
2.8555054E-4
6.955714E-5
2.8033592E-4
1.1112963E-4
3.3793336E-4
2.671249E-5
3.8743505E-4
1.1931302E-4
3.9550386E-4
1.7574737E-4
3.2012045E-4
1.5994963E-4
3.555391E-4
1.6179694E-4
3.053952E-4
1.8042079E-4
3.7697493E-4
2.8892362E-4
3.1126523E-4
2.5367222E-4
3.1753906E-4
2.1279253E-4
4.2285374E-4
1.4398921E-4
3.747872E-4
2.2709262E-4
4.0260074E-4
1.605067E-4
3.7285328E-4
1.7849013E-4
3.9391808E-4
1.9981869E-4
3.9882647E-4
6.0861403E-5
2.4842186E-4
7.489693E-5
3.049281E-4
1.3340366E-4
3.3114676E-4
-2.161349E-5
2.3732088E-4
7.4223775E-5
2.819275E-4
-8.177734E-5
1.0996245E-4
-1.42047575E-5
1.5975391E-4
-1.422819E-4
4.269321E-5
-8.0855374E-5
3.4075223E-5
-2.3024542E-4
-1.1866755E-4
-3.0444647E-4
-3.5550253E-5
-2.6098845E-4
-1.2297976E-4
-2.923949E-4
-1.7212152E-4
-2.3716045E-4
-1.2363939E-4
-3.0247113E-4
-1.6659543E-4
-3.4282086E-4
-6.73116E-5
-2.1515525E-4
-1.1978506E-4
-3.1634283E-4
-1.9696199E-4
-3.0416518E-4
-4.0243685E-5
-3.5744067E-4
-1.8648061E-4
-3.761578E-4
-7.039991E-5
-3.3870648E-4
-7.926815E-5
-3.728298E-4
-7.603175E-5
-2.7166383E-4
-8.414202E-5
-3.5387187E-4
-2.8012657E-5
-3.9982257E-4
-7.28539E-5
-4.534714E-4
-6.463909E-5
-3.1211405E-4
7.644316E-5
-2.3034256E-4
-4.6528444E-6
-3.1474233E-4
-4.157498E-5
-2.60852E-4
1.2476296E-5
-2.6164713E-4
-3.341841E-6
-1.4700285E-4
3.598069E-5
-1.03133716E-4
7.267145E-5
-1.5774308E-4
1.2567968E-4
-7.080829E-5
1.27519E-4
-6.2590145E-5
2.9868298E-4
2.7991982E-5
1.909355E-4
-2.5612842E-5
2.577722E-4
1.7248416E-5
2.9103315E-4
1.4076259E-5
2.478505E-4
-3.9212035E-5
2.9293358E-4
-1.3607943E-4
2.1106753E-4
-7.2690484E-5
2.1939048E-4
-4.573271E-5
2.0907627E-4
-1.0188658E-4
2.5211973E-4
-1.0240772E-4
2.220319E-4
-2.2670762E-4
2.914791E-4
-9.106193E-5
2.3820874E-4
-1.9598116E-4
1.8937107E-4
-2.0293286E-4
1.0484776E-4
-1.60477E-4
1.3049445E-4
-1.720996E-4
1.280128E-4
-2.4659812E-4
1.4323299E-4
-1.8088437E-4
3.614662E-5
-2.3463066E-4
1.8207536E-5
-1.4438803E-4
-4.5790424E-5
-3.3591388E-4
3.1847892E-5
-3.308845E-4
-1.651114E-5
-3.5380627E-4
-8.7181645E-5
-5.5212964E-4
-4.1794567E-5
-3.8940753E-4
-8.338902E-5
-4.6098165E-4
-6.503264E-5
-4.5771615E-4
-9.077649E-5
-5.3313107E-4
-6.890144E-5
-4.7806115E-4
6.3486127E-6
-5.0459686E-4
4.2912475E-6
-4.5348518E-4
2.5068806E-5
-4.045559E-4
8.160244E-5
-3.6866724E-4
6.803175E-5
-3.513104E-4
1.2417947E-4
-3.8900104E-4
2.6045811E-5
-2.9485542E-4
1.6371769E-4
-2.590025E-4
1.0133455E-4
-1.7482387E-4
1.0805971E-4
-1.259043E-4
2.7266354E-4
-3.201329E-5
2.9509066E-4
-7.18164E-5
2.9620845E-4
-7.806081E-5
3.836475E-4
6.331765E-5
4.1942004E-4
7.3030875E-5
4.4713373E-4
1.4219142E-4
4.4904035E-4
-5.7193854E-5
4.3038212E-4
5.9178896E-5
5.390292E-4
4.909677E-5
5.7751744E-4
3.7707083E-5
5.2561396E-4
9.789078E-6
6.424681E-4
4.555491E-5
5.855548E-4
7.717531E-5
5.41247E-4
-5.8952948E-5
5.087209E-4
7.776601E-5
5.899598E-4
5.7052544E-5
5.293299E-4
6.8538386E-5
5.819795E-4
-1.4620919E-5
5.433936E-4
3.915246E-5
5.418232E-4
1.2200419E-5
4.965635E-4
6.429238E-5
3.7555303E-4
-4.1333715E-5
3.2199165E-4
-2.433909E-5
3.7641055E-4
-1.8680135E-5
2.1789079E-4
-1.2255131E-6
2.9555807E-4
-1.4411367E-4
2.324428E-4
-2.2037375E-4
1.8730821E-4
-2.8316255E-4
2.3830273E-4
-3.1221827E-4
2.3596146E-4
-2.972143E-4
1.4535988E-4
-2.9555554E-4
2.5508885E-4
-3.09481E-4
1.7629488E-4
-3.1386764E-4
2.3908503E-4
-3.5162352E-4
1.5148685E-4
-3.8203725E-4
2.88186E-4
-2.7544852E-4
2.7075852E-4
-3.2056763E-4
1.6944009E-4
-3.6596323E-4
1.819136E-4
-3.3503672E-4
2.0864223E-4
-3.223623E-4
1.06780855E-4
-2.8136483E-4
7.968864E-5
-3.9816034E-4
1.0242182E-4
-3.5525425E-4
2.0074064E-4
-3.343943E-4
1.0398913E-4
-4.2832698E-4
1.3120592E-4
-4.4822737E-4
6.552698E-5
-5.0647656E-4
1.0548698E-4
-4.008728E-4
-1.02300895E-4
-5.7232054E-4
-5.2221796E-5
-5.9043843E-4
-2.7250946E-5
-5.8184424E-4
-6.642237E-5
-5.988431E-4
5.996038E-7
-6.649234E-4
4.353518E-5
-6.209321E-4
1.3510944E-4
-5.9371523E-4
8.303358E-5
-5.370245E-4
1.304048E-4
-3.9538508E-4
1.6609026E-4
-4.1383796E-4
7.8271085E-5
-2.64704E-4
6.3309955E-5
-9.060812E-5
1.3540423E-4
-3.523872E-4
5.250026E-4
-0.0010172548
7.0580846E-4
-2.9870222E-5
1.8491724E-4
-2.3778062E-4
5.9735994E-5
5.3366664E-5
-3.2959122E-4
4.276323E-4
-3.181634E-4
2.0268344E-4
2.6689438E-4
-0.0016832041
0.0016403975
-1.907002E-4
4.854679E-5
-6.6260074E-4
4.282841E-4
-5.1260693E-4
3.467935E-4
-4.9101707E-4
4.3551176E-4
-4.601366E-4
4.780372E-4
-3.8554159E-4
3.771648E-4
-4.326132E-4
3.981638E-4
-4.894853E-4
4.2555798E-4
-5.7306245E-4
3.861366E-4
-5.222795E-4
3.372911E-4
-5.964022E-4
2.8483593E-4
-6.0020277E-4
3.3601545E-4
-4.4075452E-4
5.097987E-4
-6.309758E-4
3.1301586E-4
-4.6626647E-4
3.567114E-4
-5.586479E-4
3.946452E-4
-4.885316E-4
4.2753565E-4
-5.971715E-4
3.207102E-4
-6.295382E-4
3.3673993E-4
-5.9037306E-4
4.2428655E-4
-4.3350988E-4
4.3071195E-4
-4.6108983E-4
4.465124E-4
-5.8444776E-4
4.2565915E-4
-7.08719E-4
4.8403794E-4
-5.655713E-4
5.6762894E-4
-6.0955907E-4
3.701631E-4
-7.183157E-4
4.422757E-4
-5.779486E-4
5.99437E-4
-5.162743E-4
7.093807E-4
-5.731639E-4
7.2870957E-4
-6.6174485E-4
7.024251E-4
-5.0867087E-4
9.27584E-4
-2.7785348E-4
9.121564E-4
-5.2683486E-4
8.531573E-4
-4.8687594E-4
7.154355E-4
-4.446299E-4
0.0010284642
-3.203456E-4
8.788526E-4
-5.0120836E-4
7.6186366E-4
-6.1379536E-4
6.7821215E-4
-6.4206566E-4
8.314352E-4
-5.592915E-4
9.0282457E-4
-6.751975E-4
7.302973E-4
-7.760316E-4
7.619801E-4
-7.700321E-4
9.0310944E-4
-6.7868916E-4
9.791016E-4
-6.8516686E-4
9.768056E-4
-8.883401E-4
9.921174E-4
-7.969909E-4
0.0011657074
-6.6517945E-4
0.0012401454
-6.7141006E-4
0.0013639679
-7.567005E-4
0.0014791567
-6.9501874E-4
0.0017158336
-4.6260157E-4
0.0019552393
-6.638064E-4
0.0019165191
-9.2799077E-4
0.001945637
-0.0011491362
0.002044422
-0.0012806999
0.002163012
-0.0015018183
0.0020892252
-0.0018616904
0.0018360983
-0.0021953376
0.0016556868
-0.0021164543
0.0012174653
-0.001592207
3.163422E-4
-5.497196E-4
-0.001450497
0.0015157661
-0.004176558
0.0046021664
-0.007534976
0.009062707
-0.012077888
0.014710262
-0.017984949
0.021102559
-0.02486005
0.028108358
-0.032260325
0.035853155
-0.040863987
0.048865438
-0.05672789
0.056538172
-0.027814297
-0.029399004
0.17293115
-0.2608108
0.49860007
-0.64231575
-0.02056585
0.26179388
0.0025341343
0.387983
-0.17742425
-1.0
-0.93470526
-0.085814655
0.32021633
0.7964203
0.8003441
0.7230306
0.3808529
0.17169286
0.06154277
0.092279755
0.23698182
0.3053591
0.18208703
-0.008401272
-0.12562855
-0.18233314
-0.2566266
-0.2887785
-0.25322592
-0.23950857
-0.2534717
-0.2752882
-0.29163265
-0.26692674
-0.2550345
-0.30514422
-0.282893
-0.21580288
-0.28043783
-0.2390476
-0.18541038
-0.14913394
-0.09077738
-0.036540993
-0.023655577
-0.009650447
0.034222055
0.031702027
0.014468114
0.0530273
0.10793743
0.104716696
0.085469946
0.09902563
0.095373906
0.08076863
0.093810126
0.123754494
0.117407106
0.1248818
0.114410944
0.09262443
0.06944971
0.053676087
0.056372777
0.06499425
0.07709917
0.079383515
0.08202454
0.08454752
0.0916444
0.0972827
0.08986112
0.06225501
0.062154576
0.06914423
0.08406093
0.11469485
0.104699194
0.11756419
0.09727164
0.057895157
0.033176538
0.025694728
0.012009554
0.02151238
0.041523725
0.06599334
0.059352417
0.039149806
0.0054737017
-0.030924378
-0.02672823
-0.01335697
0.0014904113
0.022496955
0.040868662
0.030127937
0.0059702047
-0.003623521
0.0030330354
0.014213593
0.023391793
0.035552613
0.044628777
0.049163315
0.045856792
0.034608196
0.014154344
0.008510873
0.00912601
0.015388168
0.027979208
0.0393184
0.03430681
0.014117407
-0.008875395
-0.013763176
-0.012337614
-0.0036557326
0.00467957
0.01280084
0.016874177
0.012766681
0.003264736
-0.010532577
-0.017148586
-0.010937886
-0.00568464
5.4887286E-4
0.0077961762
0.0062797973
-0.004306749
-0.01868713
-0.030197667
-0.040095948
-0.05268735
-0.043546777
-0.03365952
-0.027467988
-0.035771396
-0.040526137
-0.054621067
-0.06464136
-0.067143016
-0.06587436
-0.05415907
-0.045755338
-0.036777522
-0.041001797
-0.04668156
-0.050422378
-0.059357736
-0.054195885
-0.05136293
-0.04731974
-0.03770747
-0.031204663
-0.031384215
-0.03158336
-0.037738625
-0.041963212
-0.04406218
-0.036509484
-0.036093056
-0.030246008
-0.026100298
-0.022214388
-0.024955735
-0.028219903
-0.031832773
-0.030172864
-0.022030337
-0.01491456
-0.015307742
-0.015456709
-0.010412727
-0.008094048
-0.0128638325
-0.02295123
-0.029801115
-0.030263819
-0.02422862
-0.01510898
-0.0100016175
-0.0056261183
-0.006411847
-0.010378861
-0.016665258
-0.017321741
-0.015440756
-0.010277116
-0.0056343065
-0.00305308
-0.0047876975
-0.005725661
-0.00784555
-0.008997817
-0.00956337
-0.007952009
-0.006615458
-0.005292995
-0.005071142
-0.0050338516
-0.005750469
-0.006573813
-0.007033578
-0.006611442
-0.0057482277
-0.0044437214
-0.0034386534
-0.0029894763
-0.002937881
-0.0028043934
-0.002542185
-0.0020772626
-0.0015481437
-9.5664035E-4
-5.5327575E-4
-2.87871E-4
-1.7838748E-4
-9.560317E-5
-4.5371435E-5
-9.439665E-6
-0.0
