* Impulse Response data saved by REW V5.20 Beta 12
* IR is normalised
* IR window has been applied
* IR is not the min phase version
* Source: Microfone (E-MU 0404 | USB), no input selected, Left channel, volume: no control
* Dated: 29/06/2017 16:01:27
* Measurement: jun 29 16:01:27
* Excitation:  128k Log Swept Sine, 1 sweep at -14,0 dBFS  Using a loopback as a timing reference
* Response measured over: 1,8 to 20.000,2 Hz
0.013402599841356277 // Peak value before normalisation
6003 // Peak index
6227 // Response length
2.0833333333333333E-5 // Sample interval (seconds)
-0.125 // Start time (seconds)
* Data start
0.0
7.359974E-11
6.17707E-11
7.841382E-10
-3.9606274E-10
8.1249935E-10
-1.413576E-9
-1.3726569E-9
6.379548E-9
4.544935E-9
4.255743E-9
6.8543127E-9
-2.9493816E-9
1.6900083E-8
-2.1904418E-9
2.0055912E-9
-1.4923729E-9
2.1922483E-8
2.8111469E-8
4.0369763E-8
-5.0578397E-8
2.8312694E-8
-8.432746E-8
8.806625E-8
-7.3716926E-8
-1.1687722E-8
-1.2257712E-7
5.4843248E-8
-7.617183E-8
8.3952365E-8
-8.070107E-8
4.4852573E-8
1.7009044E-7
9.3213195E-8
2.533674E-8
2.7097278E-7
5.368416E-8
2.2012533E-7
1.1074808E-7
1.6647645E-7
1.2931422E-7
3.5547893E-7
3.7393602E-7
2.691051E-7
1.3658284E-7
1.0199517E-7
2.3534302E-7
1.2018852E-7
-1.8306869E-8
4.228758E-8
4.117319E-8
1.6700562E-7
5.8193077E-8
5.214871E-7
1.4952799E-7
6.562528E-7
5.803463E-7
6.4880834E-7
4.2916236E-7
4.7252797E-7
2.9176417E-7
6.461E-7
5.051019E-7
5.535999E-7
2.3143083E-7
7.7406986E-7
6.738576E-8
5.7821427E-7
-3.3472753E-7
3.7710373E-7
2.5454838E-8
-2.6869327E-7
-2.8372295E-7
1.7666489E-8
-1.243937E-7
1.3945831E-8
1.1692792E-7
3.510572E-7
-1.118569E-6
-2.320303E-9
-7.3917117E-9
6.317275E-7
-5.084336E-8
3.6916003E-7
1.0838315E-6
8.7585767E-7
3.8751304E-7
-7.379781E-8
2.3194154E-8
9.590874E-7
6.053035E-7
6.912206E-7
3.9879262E-7
5.847575E-7
2.625091E-7
-6.691013E-7
8.1169624E-8
1.4848442E-7
-2.3973312E-6
1.4746999E-7
-1.2451304E-6
-8.606334E-7
-1.7257549E-6
-8.5712156E-7
-1.277621E-6
-2.978461E-7
-8.523608E-7
8.414639E-8
-8.470199E-7
-2.8492116E-7
-2.0971477E-6
1.412929E-7
-4.9845767E-7
7.8751344E-7
-5.621552E-7
-1.58141E-7
-1.5942807E-6
1.3735352E-6
3.148462E-7
6.495215E-8
-6.3565324E-7
5.4173213E-8
-2.1398714E-8
-1.6092065E-6
-7.011188E-7
-1.65395E-6
-2.2796314E-6
-1.6398874E-6
-3.4704656E-6
-2.6567293E-6
-5.366774E-6
-3.150177E-6
-2.9687776E-6
-1.3074381E-6
-3.3513961E-6
-2.4134486E-6
-3.4587067E-6
-2.230181E-6
-3.2541718E-6
2.730389E-6
-6.555237E-7
3.108233E-6
-7.4031726E-7
3.0913704E-6
-9.1811E-7
2.3204732E-6
-1.734237E-6
1.3101347E-6
-1.2246718E-6
2.5761492E-6
-2.4617477E-6
-3.7093798E-7
-3.03441E-6
3.7193185E-8
-2.3290067E-6
4.7442853E-7
-1.2680865E-6
1.3363084E-6
-2.71251E-6
9.323249E-7
-8.032886E-7
4.985442E-6
-2.2434038E-7
2.2467725E-6
9.741087E-7
1.08658E-6
-1.8271605E-7
5.3685512E-6
1.1614105E-6
4.7074614E-6
3.6669576E-6
4.047266E-6
1.5716945E-6
5.492106E-6
1.1618733E-6
4.4557155E-6
2.4142846E-6
9.30522E-8
-2.1618775E-6
3.7022737E-6
-1.642039E-6
1.0868504E-6
-1.1444943E-6
6.2955646E-6
-2.342778E-6
3.280744E-6
-3.238054E-6
2.3106413E-7
1.016103E-7
4.592389E-6
-4.7572553E-6
4.035158E-6
-3.2320454E-6
3.5163805E-6
-2.4005697E-6
6.411921E-6
7.5952485E-8
6.238017E-6
6.98303E-7
7.3793526E-6
9.357738E-7
7.397295E-6
1.0876179E-6
4.096986E-6
2.0854882E-6
3.4073273E-6
4.4490983E-7
6.3643165E-6
1.2511927E-7
1.5596369E-6
-7.5668794E-7
1.9448794E-6
-2.2359122E-6
-1.4564381E-6
-1.9344288E-6
-2.1169233E-6
-1.3967679E-6
3.4368034E-6
-7.351088E-6
5.1306656E-6
-4.158426E-6
7.101673E-6
1.6555932E-6
6.038334E-6
6.7660346E-7
9.38849E-6
1.3861771E-6
8.198776E-6
1.8522495E-6
1.1582325E-5
-1.5585568E-6
1.0267136E-5
9.145075E-7
9.498014E-6
-1.895659E-6
1.2538216E-5
1.0270172E-6
8.6243945E-6
-5.2946206E-7
1.06928765E-5
-3.154569E-6
1.1388628E-6
2.1421943E-6
1.4160248E-5
5.28321E-6
8.515107E-6
-7.304167E-6
3.9610645E-6
4.9464184E-6
5.328304E-6
-2.8246513E-6
9.932048E-6
-2.3881546E-6
5.7209804E-6
-4.4254202E-6
3.4217383E-6
-4.791085E-6
1.7014464E-6
-5.150994E-6
3.3676627E-6
-1.3852087E-5
3.374536E-6
-8.232406E-6
-1.7665225E-6
-8.730039E-6
3.9291644E-6
-1.3688166E-5
-3.4247873E-6
-1.387097E-5
4.680098E-6
-8.514559E-6
7.962214E-6
-2.2028848E-6
1.4344409E-5
3.621931E-6
8.756551E-6
-3.0837637E-6
1.5456797E-5
-8.334237E-6
1.4202252E-5
-4.854715E-6
7.582707E-6
-2.7972642E-6
1.2289906E-5
-8.314702E-6
5.857483E-6
-4.6291216E-6
6.7956016E-6
-1.2353852E-5
-8.740544E-6
-1.5444804E-5
-2.923899E-6
-2.4088407E-5
-4.001096E-6
-2.0980866E-5
-5.005031E-6
-3.0612573E-5
-1.2783689E-5
-2.2285984E-5
-1.5628926E-5
-1.8535009E-5
-1.0067873E-5
-1.4877847E-5
5.2934756E-6
-8.240176E-6
3.5033618E-6
-2.1211888E-5
8.987928E-6
-1.2552876E-5
6.296145E-6
-5.5668206E-6
6.339901E-6
-2.2152068E-5
1.1126737E-5
-1.0453402E-5
1.994012E-5
-1.8145176E-5
1.2930079E-5
-1.5399E-5
-7.631086E-6
-1.4635144E-5
-3.619536E-6
-1.342611E-5
-1.125551E-5
-1.5835989E-5
6.106215E-6
-1.5292928E-5
-3.4134557E-6
-6.8832683E-6
7.017395E-6
-1.8190232E-5
1.3444527E-6
-8.908324E-6
1.3069892E-5
-5.3338126E-6
1.3799075E-5
3.6184298E-7
1.654459E-6
-9.328124E-6
6.904452E-7
-7.9519905E-6
3.2141234E-6
-1.6893893E-5
-9.255876E-7
-1.764834E-5
-2.5255497E-6
-2.319408E-5
6.4469036E-6
-3.3677927E-5
-1.4696387E-6
-1.0847467E-5
-1.8471931E-6
-3.4102384E-5
-2.5589436E-6
-3.0416651E-5
-9.207411E-6
-1.0258972E-5
1.2464602E-6
-1.11798645E-5
3.7039774E-6
-7.4470795E-6
-6.542783E-6
-1.9816784E-5
-6.505995E-9
-2.3546143E-5
-4.2257994E-8
-2.1368745E-5
8.606873E-6
-1.4702324E-5
4.630201E-6
-2.8417528E-5
-7.0104147E-6
-4.295588E-5
9.1978345E-6
-1.6051928E-5
-1.4929836E-5
-2.4277753E-5
-1.4493569E-5
-3.7750604E-5
3.2873158E-6
-3.600374E-5
-2.1083977E-6
-3.5516725E-5
-8.992554E-6
-2.4507413E-5
-2.0489659E-5
-2.6321286E-5
-7.705584E-6
-4.4310425E-5
-9.085885E-6
-3.890599E-5
-8.557903E-6
-2.5747935E-5
-5.9194617E-6
-2.8287712E-5
-5.3795834E-6
-4.303432E-5
6.4335304E-6
-1.08457E-5
2.0735526E-5
-1.2011997E-5
-6.7293613E-6
-5.397259E-5
3.6907616E-6
-4.415756E-5
9.7597585E-6
-4.281736E-5
-3.7403138E-6
-3.8170856E-5
7.3411666E-6
-4.396806E-5
1.2657032E-5
-2.5939189E-5
9.604651E-6
-4.138449E-5
7.150008E-6
-3.5759727E-5
-1.05180525E-5
-1.3520421E-5
1.7897693E-5
-6.653412E-6
4.268507E-5
-7.4055993E-6
2.6196216E-5
-7.261881E-6
3.613407E-5
1.7526723E-5
2.5530673E-5
5.357555E-6
4.128811E-5
6.052857E-6
1.9451234E-5
-1.6470492E-5
4.488804E-5
1.4086818E-6
3.746325E-5
-2.6837351E-5
8.404896E-6
-3.4293404E-5
-6.3831153E-6
-4.7183483E-5
6.878724E-6
-2.8588564E-5
1.1072221E-5
-3.3298904E-5
1.3394524E-5
-4.591013E-5
2.1919794E-5
-3.644762E-5
1.7787686E-5
-3.1589036E-5
1.8389357E-5
-3.1175397E-5
1.3128352E-5
-3.194661E-5
2.2636348E-5
-1.6648397E-5
3.944793E-5
-1.276378E-5
2.3619274E-5
-7.6517E-6
2.584221E-5
1.1368529E-5
2.4843443E-5
-2.1015308E-5
2.9107037E-5
2.0292282E-5
1.5887741E-5
-9.3108165E-6
1.7042266E-5
-7.312101E-6
3.0891948E-5
-9.003248E-6
6.8058134E-6
-4.000675E-5
6.0100074E-6
-2.1808659E-5
1.9546364E-5
-5.0197363E-5
-6.8315E-6
-2.7849732E-5
3.888672E-5
-1.9610137E-5
-5.101723E-6
-4.6700894E-5
8.55743E-6
-5.004769E-5
9.64994E-6
-6.27757E-5
-5.4386896E-6
-4.7753103E-5
1.197575E-5
-3.831466E-5
-1.2570923E-5
-3.0683765E-5
1.3787719E-5
-4.551559E-5
1.3861253E-6
-3.204372E-5
2.0758904E-5
-1.2405113E-5
1.8918541E-5
-2.3346513E-5
1.7031358E-5
-6.0653892E-6
1.0454501E-5
-3.8953047E-5
1.8206072E-5
-1.7305745E-5
1.1277385E-5
-1.8627567E-5
4.0577584E-6
-1.3130338E-5
2.5586076E-5
-8.670387E-6
-8.60592E-6
-2.603681E-5
1.3108207E-5
-3.2410277E-5
7.972452E-6
-2.2915094E-5
2.4115701E-5
-5.3926404E-5
1.4903754E-5
-5.526961E-5
-1.2375397E-6
-5.912701E-5
6.8116924E-6
-4.755122E-5
-1.3418516E-5
-3.5714675E-5
3.8340488E-5
-3.4619832E-5
1.3312525E-5
-4.4886E-5
4.044637E-5
1.497603E-6
3.2057128E-6
-5.4777833E-5
4.0264567E-5
-2.0629373E-5
1.1100139E-5
-3.5344874E-5
4.7664318E-5
-3.0046682E-5
2.6625301E-5
-8.410131E-6
3.79954E-5
-4.182967E-5
7.5671505E-6
-2.4633862E-5
4.2580847E-5
-6.3198655E-5
-3.3225233E-6
-2.7284812E-5
2.38396E-6
-3.350215E-5
3.9299215E-5
-3.0563515E-5
6.810448E-5
2.774875E-6
4.206628E-5
5.1535385E-6
1.3836951E-5
-3.124393E-5
1.7121212E-5
-3.545579E-5
4.2419295E-5
-4.0231484E-5
2.45528E-5
-5.40771E-5
2.614574E-5
-1.1133218E-5
5.2075604E-5
-4.4228553E-5
3.9004117E-6
-4.364495E-5
3.7072223E-5
-1.7320268E-5
2.0461162E-5
-4.4193268E-5
4.166217E-5
-1.649534E-5
1.8534374E-5
-1.0162611E-5
5.5136818E-5
-2.8496503E-5
-1.902278E-6
-2.3754423E-5
1.4425746E-5
-4.0613293E-5
4.02597E-5
-3.002771E-5
-1.0276154E-5
-4.390081E-5
1.05910185E-5
-4.1399246E-5
2.0785621E-5
-4.7566617E-5
4.1325547E-6
-1.808177E-5
3.2958164E-5
-4.096461E-5
3.940348E-5
-6.917349E-5
4.045907E-5
-3.5617228E-5
6.191684E-5
-4.2634332E-5
-3.2449323E-5
-5.103415E-5
2.0543794E-5
-7.563539E-5
3.879754E-5
-5.7474612E-5
3.8809463E-5
-4.428609E-5
2.8445877E-5
-4.230146E-5
4.1616007E-5
-3.727719E-5
5.3426207E-5
-3.5347148E-5
4.3257918E-5
-3.6960948E-5
4.2123287E-5
-2.5347497E-5
5.170294E-5
-5.578322E-6
5.9545393E-5
-4.5968478E-5
3.1821975E-5
-4.571913E-5
4.391967E-5
-5.31766E-5
4.923833E-6
9.698908E-6
4.4179993E-5
-3.4021185E-5
1.9521833E-5
2.7100254E-5
4.2569718E-5
-1.7067436E-5
7.797282E-5
-1.5221155E-5
5.5868208E-5
-4.9787664E-5
3.3604196E-5
-2.3313323E-5
7.580566E-5
-8.174039E-5
6.2613435E-5
-5.8828573E-5
1.0077553E-4
-6.154991E-5
3.9802257E-5
-3.074851E-5
6.295345E-5
-4.842739E-5
6.659012E-5
-3.8924085E-5
5.5302007E-5
-7.711187E-5
6.1019753E-5
-8.7354056E-5
3.8357713E-5
-4.6028497E-5
3.4185214E-5
-3.5011843E-5
5.839351E-5
-2.9655093E-5
5.6548237E-5
-6.242843E-5
2.2314278E-5
-3.4127235E-5
6.241049E-5
-1.04647515E-5
9.086748E-5
-7.408725E-5
6.0842383E-5
-1.7918383E-5
1.0071673E-4
-2.1364553E-5
6.311379E-5
-6.0441547E-5
4.7995716E-5
-2.6972657E-5
6.9470996E-5
-5.621254E-5
6.700566E-5
-5.0474577E-5
8.8258355E-5
-1.11726215E-4
4.470874E-5
-6.03045E-5
6.812211E-5
-1.01180965E-4
3.91105E-5
-7.761155E-5
7.8397665E-5
-9.498644E-5
4.3238924E-5
-1.1902273E-4
5.790115E-5
-1.0229098E-4
-4.9916456E-5
-1.1517446E-4
2.850552E-5
-9.104904E-5
5.139196E-5
-9.644055E-5
-2.8143919E-5
-8.500648E-5
-1.07196065E-5
-1.455246E-5
-1.7890226E-5
6.8168315E-6
-3.3348294E-6
-8.621719E-6
-1.2947104E-4
4.9062608E-5
-1.1619743E-4
1.4651667E-4
-6.851799E-5
4.3643554E-4
-3.0412598E-4
-0.002009042
0.0037134057
-0.0011288516
-7.287279E-4
-0.0011187188
6.7458814E-4
-4.4879253E-4
6.589027E-4
-3.376563E-5
6.798306E-4
3.5871658E-4
-1.5212016E-4
-0.0011521945
-0.0014401048
-0.001054221
-1.2445767E-4
4.6662294E-4
0.0016521037
0.0017148796
8.6036674E-4
1.3551449E-4
-4.2020538E-4
-0.0031929149
0.0014716365
-9.706671E-4
-9.0037676E-4
-3.4157134E-4
-2.7817657E-4
-3.65156E-4
6.348893E-4
3.0959325E-4
6.8551005E-4
4.561162E-4
7.5005065E-4
-1.0475101E-5
-7.08795E-4
-8.787522E-4
1.7418989E-4
4.7603447E-4
0.0012545593
0.0011897926
0.0010055974
-4.275075E-4
-4.4051014E-4
-9.981466E-4
-0.0010219889
-0.0010508464
-1.6487687E-4
-3.858222E-4
-1.6477564E-4
-6.103135E-4
-1.8623055E-4
-3.2078917E-4
1.6444974E-4
4.149109E-5
6.676207E-4
3.0186315E-4
4.533648E-4
1.6638232E-4
5.033481E-4
4.1195346E-4
7.4453646E-4
4.2805274E-4
4.5445192E-4
-2.186056E-5
9.660479E-5
-3.8645414E-4
-1.2564266E-5
-2.0319861E-4
1.5894037E-4
-5.4207285E-5
9.57196E-5
-3.659374E-4
-1.3632969E-4
-3.7364956E-4
-2.583982E-4
-2.38532E-4
-1.5018559E-4
-2.735339E-4
-2.055947E-4
-3.5479266E-4
-2.4582903E-4
-1.0637586E-4
1.3507954E-4
1.1351699E-4
2.2569609E-4
7.4069762E-6
8.6648186E-5
-1.2324711E-4
1.7792134E-5
-1.6972324E-5
2.633459E-4
1.0701737E-4
2.4464368E-4
5.6668672E-5
2.5462802E-4
1.2882456E-5
1.224202E-4
-8.316069E-6
1.2679018E-4
-8.205284E-5
2.0656878E-6
-1.424639E-4
1.1592914E-4
-1.8167724E-4
1.8511673E-4
-6.057148E-5
7.507793E-5
-1.2228366E-4
8.631354E-5
-1.6332304E-4
1.1392221E-4
-1.6855731E-4
1.4548704E-4
-2.1441166E-4
8.0632904E-5
-1.8922024E-4
1.0428684E-4
-2.57383E-5
2.4494735E-4
-6.7821554E-7
2.529389E-4
-1.517263E-4
-2.6059472E-6
-3.6022512E-4
-1.179236E-5
-2.1726845E-4
2.4486866E-4
-9.620425E-5
3.1045527E-4
-1.0134106E-4
1.1291965E-4
-2.833917E-4
1.4701597E-5
-2.1589128E-4
1.415113E-4
-6.495553E-5
3.3984962E-4
-2.368408E-5
2.1490833E-4
-1.6429723E-4
2.2114467E-4
-1.06120526E-4
2.7700508E-4
1.3474299E-5
3.1317674E-4
-1.3793782E-4
1.8219615E-4
-2.9275988E-4
1.1521861E-5
-1.7851991E-4
1.7377397E-4
-7.001578E-5
2.497552E-4
-1.8577499E-5
1.0419304E-4
-2.3806312E-4
-4.7801066E-5
-1.8669588E-4
1.4124987E-4
-7.704764E-6
2.2933185E-4
-9.762132E-5
9.9183E-5
-1.8316427E-4
-8.449729E-5
-2.3560645E-4
-1.9933172E-5
-1.00031786E-4
7.36821E-5
-8.142589E-5
-1.4762854E-5
-2.1056159E-4
-9.906502E-5
-2.0107644E-4
-1.1443655E-5
-5.6796714E-5
4.474003E-5
6.18337E-5
1.0025272E-4
5.9271206E-5
9.44062E-6
-3.4222925E-5
-1.22247E-5
-8.141258E-5
3.3874549E-6
7.072473E-5
9.843406E-5
7.656048E-6
-3.0723153E-5
-3.9441347E-5
-3.3271026E-5
-4.3938553E-6
-8.447937E-5
7.294675E-5
-6.496062E-5
6.564582E-5
-4.749481E-5
7.8398996E-5
-4.6258177E-5
1.5475806E-4
-2.712224E-5
1.7282626E-4
-5.9171478E-5
1.2491185E-4
-1.4273828E-4
5.5105626E-5
-1.912542E-4
8.402741E-5
-1.815347E-4
1.2456563E-4
-1.7840165E-4
1.1904782E-4
-9.441558E-5
1.4563439E-4
-1.5256592E-4
1.8004281E-4
-3.115427E-5
1.948673E-4
2.5432188E-5
2.1171456E-4
9.201293E-5
3.4719877E-4
1.221721E-4
3.1117402E-4
6.991523E-5
1.712522E-4
8.7857865E-5
1.1096912E-4
-1.1180926E-5
3.4799014E-5
4.194121E-5
1.1823698E-4
-1.2863749E-5
1.1813589E-4
7.10531E-5
1.3228875E-4
1.0047453E-4
2.3173574E-4
2.1082953E-4
2.2115093E-4
1.0312228E-4
2.0160755E-4
5.19406E-5
1.4214347E-4
1.50778E-4
1.7502843E-4
6.205263E-5
9.506374E-5
-2.9584028E-6
-1.7195938E-5
-1.9574915E-4
-1.1809002E-4
-1.21670084E-4
-3.2784144E-5
-9.612093E-5
-3.487238E-5
-1.4659631E-4
-3.6369827E-5
-1.9318466E-4
-7.1142963E-6
-1.6253172E-4
5.4428565E-5
-1.097084E-4
2.2289346E-4
-5.101788E-4
5.1397426E-5
3.5121012E-4
-1.5621618E-4
-3.8874435E-4
-2.6350064E-4
-2.1718744E-4
5.668509E-5
-5.9993778E-5
-7.649082E-5
-1.5550299E-4
5.8691157E-6
-1.8738967E-4
1.5537353E-4
-3.3067056E-4
-2.9406406E-4
4.8602346E-4
1.2229949E-4
-5.0958955E-5
-2.164359E-4
7.665603E-5
5.7875004E-5
1.1676824E-4
1.17754535E-4
-1.2776339E-4
-2.83174E-4
-6.3746184E-4
3.1303134E-5
1.3358139E-4
1.8470852E-4
-1.12308546E-4
5.7635352E-5
5.3175303E-5
1.265913E-4
3.576373E-6
1.1019157E-4
-3.184843E-4
-2.0877375E-4
-1.4444561E-4
-3.2798832E-4
-4.761138E-4
-4.795097E-4
-5.965853E-4
1.736228E-4
1.5602214E-4
3.885698E-4
7.3759234E-6
3.889052E-5
1.5954224E-4
7.2871866E-5
-2.2565946E-4
-1.7519474E-4
-2.1155384E-4
-3.8187456E-4
-4.4835586E-4
-4.9041875E-4
-4.2454604E-4
-3.4350753E-4
-1.6459667E-4
1.11390465E-4
1.3061354E-4
2.5969843E-4
3.931025E-4
3.806514E-4
2.2860533E-4
3.4246445E-4
3.575697E-4
3.8333738E-4
3.4204303E-4
5.4092007E-4
4.0038806E-4
4.4073202E-4
3.0257116E-4
4.2062026E-4
1.5927656E-4
2.9742465E-4
1.980096E-4
4.529421E-4
2.4993694E-4
3.6823523E-4
1.8704098E-4
3.6209592E-4
8.556668E-5
3.2235464E-4
2.086763E-4
3.2895754E-4
1.8138278E-4
2.771091E-4
2.939201E-5
5.8509577E-5
-8.764766E-5
7.4484965E-6
-1.7923408E-4
7.19808E-6
-1.3736889E-4
3.1921256E-5
-1.5097148E-4
-1.215748E-4
-2.5534278E-4
-9.7847085E-5
-1.7367593E-4
-1.0970421E-4
-9.1876514E-5
7.483418E-5
-1.0402322E-4
3.4245302E-5
-8.28975E-5
-5.8594327E-5
-1.8031368E-4
-5.104014E-5
-1.0671661E-4
1.11706155E-4
-9.513327E-5
6.492867E-5
-4.517797E-5
1.5511618E-4
-5.06174E-5
1.5158606E-4
-2.2219072E-6
3.2514986E-4
4.2524458E-5
1.6695252E-4
3.499611E-5
2.780937E-4
1.293738E-5
1.7208238E-4
1.859133E-5
1.4327247E-4
-1.2572097E-4
-5.222427E-6
-2.4661387E-4
-6.434124E-5
-3.2144587E-4
-8.011542E-5
-2.7725252E-4
-1.3659037E-4
-2.5939458E-4
-3.8490656E-5
-2.1608033E-4
-1.1001941E-5
-2.0119474E-4
4.0558894E-5
-1.4407744E-4
1.347156E-4
-7.944197E-5
3.6901052E-5
-5.018534E-5
1.7395099E-4
-1.475714E-4
9.991922E-5
-7.903754E-5
1.5773007E-4
-9.758563E-6
1.7250498E-4
-1.7230042E-4
2.1430913E-5
-1.246718E-4
1.447148E-4
-7.091181E-5
5.6047433E-5
2.6214702E-6
7.0083326E-5
-1.8820509E-4
5.1054963E-6
-8.0128055E-5
1.2385193E-4
-1.2223933E-4
7.143049E-5
-8.0097605E-5
-9.1562186E-5
-3.16861E-4
-7.757113E-5
-3.0865762E-4
-1.540929E-4
-4.252064E-4
-1.4189932E-4
-2.363801E-4
-2.317632E-4
-3.9845053E-4
-2.2049513E-4
-4.414819E-4
-1.8586469E-4
-2.4154878E-4
-1.4220287E-4
-2.7013043E-4
-1.8759366E-4
-3.1839963E-4
-2.3322308E-4
-2.9857957E-4
-9.055103E-5
-1.5392604E-4
6.150668E-5
-1.3857575E-4
6.2968134E-6
-1.503844E-4
-7.730379E-6
-6.934034E-5
5.1658535E-5
-5.029211E-6
1.7559594E-4
8.302947E-5
3.6763152E-4
1.7673027E-4
3.298662E-4
2.3049871E-4
3.6139623E-4
2.865532E-4
4.6825342E-4
1.3228523E-4
3.6022943E-4
1.2203578E-4
1.0258963E-4
8.1620674E-5
3.0927805E-4
6.7659494E-5
1.08730754E-4
5.3888336E-5
1.6341369E-4
-8.541124E-6
5.410734E-5
-2.4323339E-5
-4.5466745E-6
-3.525098E-5
5.512761E-6
-6.56283E-5
1.5379656E-4
-3.0031482E-5
2.4772611E-5
-7.717559E-5
6.64146E-5
5.7250476E-5
1.0657512E-4
2.5482826E-5
3.7864225E-5
5.983798E-7
4.5694174E-5
1.0379561E-5
1.4897871E-4
-1.6676075E-5
1.8961524E-4
-1.2923997E-4
1.48931E-4
-2.9117542E-5
1.0642273E-4
6.195862E-5
2.6969388E-4
5.6626224E-5
3.177758E-4
5.6200583E-6
1.4425331E-4
-3.332257E-5
9.190311E-5
-8.3356215E-5
2.1688285E-4
5.3074615E-5
1.641534E-4
8.374766E-5
9.5166E-5
9.758962E-5
2.2875621E-4
1.5627449E-4
1.7156255E-4
6.085546E-5
2.0029016E-4
1.2850008E-4
3.1193264E-4
1.00716556E-4
3.0029364E-4
1.8707979E-4
4.223497E-4
2.9484308E-4
2.8502019E-4
2.3196622E-4
3.2125972E-4
2.555198E-4
3.2865096E-4
2.281337E-4
3.1318754E-4
1.3912898E-4
2.6863118E-4
2.4158455E-4
2.1654925E-4
1.08506494E-4
1.1560364E-4
2.2502669E-5
7.615487E-5
7.368522E-5
4.1848994E-5
-1.0657257E-4
-9.450439E-5
-4.2774718E-5
-7.8331585E-5
-2.852509E-4
-1.0981579E-4
-2.6018574E-4
-1.5020267E-4
-3.8875575E-4
-2.4106358E-4
-4.097637E-4
-2.7599634E-4
-4.9379194E-4
-3.8526955E-4
-3.5171554E-4
-3.8591176E-4
-4.1175302E-4
-3.969538E-4
-4.0505134E-4
-1.7761954E-4
-2.4584547E-4
-2.4518493E-4
-2.505995E-4
-3.0744358E-4
-2.3908883E-4
-1.1845213E-4
-6.372253E-5
-1.4604848E-5
-2.7558852E-5
2.6629675E-6
-9.5050564E-5
1.2253573E-4
-6.514006E-5
5.725148E-5
-7.0417394E-5
1.506825E-4
-6.567676E-5
1.5952885E-4
-4.8368107E-5
2.0271029E-4
-3.704865E-5
2.1569885E-4
6.040627E-5
8.214207E-5
-5.660892E-5
1.8329956E-4
-2.1620782E-7
1.7715074E-4
-4.3852287E-5
-5.0988525E-5
-1.4927165E-4
-1.3136382E-4
-3.0429664E-4
-2.0988341E-4
-3.1891817E-4
-2.090222E-4
-2.3597956E-4
-2.4390167E-4
-4.0780887E-4
-3.4112055E-4
-3.8169703E-4
-2.8337454E-4
-4.621771E-4
-3.318733E-4
-3.4014686E-4
-1.7882585E-4
-2.2566822E-4
-1.9017111E-4
-1.5200382E-4
-9.9217395E-5
-2.1190531E-4
-2.0978464E-4
-3.2226957E-4
-2.1713496E-4
-3.3693272E-4
-1.2621452E-4
-2.3027182E-4
-2.1456716E-4
-3.0687908E-4
-2.2786019E-4
-3.9482888E-4
-3.7763864E-4
-3.54381E-4
-2.694859E-4
-4.2744493E-4
-2.2347773E-4
-4.1331275E-4
-3.2398084E-4
-3.2810742E-4
-1.6434274E-4
-3.3478555E-4
-2.1544869E-4
-2.59541E-4
-1.6579508E-4
-2.2921561E-4
-3.1924457E-4
-1.750438E-4
-5.8647813E-5
-2.8023554E-4
-1.9502649E-4
-7.9197984E-5
-1.2522581E-4
-8.329211E-5
-2.875248E-5
-2.0658138E-4
-1.4165376E-4
7.194618E-6
1.2229264E-4
2.384582E-5
6.917248E-5
1.1194483E-5
6.83972E-5
1.6177398E-4
2.4221168E-4
1.0986265E-4
2.554069E-4
8.869723E-5
2.3166249E-5
2.833088E-4
2.9192836E-4
1.00786565E-4
8.88054E-5
7.8432495E-5
7.833461E-5
-3.471653E-5
5.5326166E-4
2.565519E-4
1.8923917E-4
-1.3486805E-4
2.2272141E-4
-7.4293006E-5
5.9569866E-5
-2.2462504E-5
2.972956E-5
-7.884679E-5
-1.350929E-4
-8.753857E-5
-9.4365314E-5
-8.442402E-5
1.9009366E-4
6.0419643E-5
-1.2635573E-5
-2.71857E-4
-2.1184013E-4
-1.4990423E-4
-1.1126805E-4
-1.4778346E-4
-1.2922268E-4
-1.7996186E-4
-1.6958898E-4
-3.222718E-4
-1.0416347E-4
-4.28453E-5
-1.0919941E-4
-1.1209173E-4
5.8956368E-5
5.4453594E-6
1.0898566E-4
-1.3048082E-5
7.1868126E-5
1.2879076E-5
1.5612112E-4
8.488405E-5
1.3541803E-4
7.0177506E-5
3.2520792E-4
1.595388E-5
1.3741784E-4
9.728476E-5
3.3464658E-4
2.5330353E-4
4.4309418E-4
3.484469E-4
4.3967128E-4
3.8729858E-4
5.5959524E-4
3.7858437E-4
4.485272E-4
4.070233E-4
5.284608E-4
3.2072206E-4
5.106744E-4
3.0048404E-4
3.7475035E-4
3.3018255E-4
2.7497078E-4
1.6870144E-4
2.724129E-4
1.3946362E-4
2.6385562E-4
1.8353062E-4
2.4786964E-4
1.1035509E-4
5.3670374E-5
-3.719755E-5
3.8661197E-5
1.6738639E-5
1.4753715E-4
1.7656592E-5
1.6681981E-4
2.636539E-5
-1.6759772E-5
-1.7935618E-4
-3.1032534E-6
-1.2704877E-4
-3.9376405E-6
-1.464497E-4
-4.6427567E-6
-1.2751727E-4
5.328548E-5
2.565911E-5
1.9678698E-4
4.4722045E-5
2.4360794E-4
1.2874624E-4
3.3581007E-4
3.6008303E-5
2.3196203E-4
4.029522E-4
4.7516447E-4
2.3683126E-4
5.1964464E-4
3.0119502E-4
5.272665E-4
3.3101265E-4
5.277337E-4
4.7940563E-4
7.513851E-4
5.5555144E-4
4.0507902E-4
5.445165E-4
4.8348002E-4
2.448114E-4
4.1308106E-4
4.151275E-4
4.1512566E-4
3.6121404E-4
4.7084878E-4
3.8103823E-4
3.466234E-4
2.4341684E-4
9.706838E-5
-2.1080936E-5
2.7000424E-5
-3.1562483E-6
1.4712792E-4
1.3385096E-4
3.3282023E-4
2.6829325E-4
1.9077685E-4
4.520417E-5
1.10606474E-4
-1.9077861E-5
1.6008309E-4
-1.4172428E-5
2.5257078E-4
1.0397182E-5
2.0358688E-4
7.441582E-5
2.1320066E-4
-4.294484E-5
-2.3106513E-5
2.658922E-5
2.0207891E-4
-2.1437849E-5
3.9119233E-5
-6.7187175E-5
3.8606922E-5
-4.0057825E-5
-1.0694031E-4
-1.5099668E-4
-2.1145158E-4
-1.6609296E-4
-1.4724703E-4
-1.2060379E-4
-2.5957424E-4
-1.940401E-4
-1.634501E-4
-3.4995447E-4
-2.1704077E-4
-2.913504E-4
-2.424168E-4
-3.6990366E-4
-3.2370747E-4
-3.123888E-4
-2.971011E-4
-3.5824726E-4
-3.3144743E-4
-2.6441008E-4
-3.350013E-4
-2.9851572E-4
-2.2683352E-4
-2.3826252E-4
-1.8033138E-4
-1.4341397E-4
-1.8242172E-4
-2.9306006E-4
2.5937294E-5
-1.6067928E-4
5.374322E-6
-3.5610014E-5
5.4737677E-5
-8.045632E-5
8.364836E-5
-1.352475E-4
-2.4030878E-5
-1.0706678E-4
3.702152E-5
1.5484299E-4
1.4154214E-4
4.6253368E-5
1.8613947E-4
4.1859254E-5
5.1990966E-5
-1.948294E-4
-1.637145E-4
-5.2666415E-5
-8.934225E-5
-1.1553351E-4
-2.2511029E-5
-1.09073466E-4
-9.073842E-5
-2.4141178E-4
-3.7248502E-4
-5.483482E-4
-5.2616553E-4
-6.0478866E-4
-6.7775795E-4
-5.638686E-4
-5.101141E-4
-5.385092E-4
-5.668334E-4
-4.7048126E-4
-4.125562E-4
-5.9709646E-4
-3.3641595E-4
-4.8971915E-4
-4.242152E-4
-5.7414593E-4
-5.3546746E-4
-4.723234E-4
-2.9100734E-4
-5.354016E-4
-3.239627E-4
-4.7470827E-4
-2.5446786E-4
-2.851643E-4
-1.4861225E-4
-2.8065147E-4
-2.0562156E-4
-1.7481428E-4
-3.5956225E-5
-1.09226334E-4
-7.887795E-5
5.1197017E-6
4.8945556E-5
1.6514436E-4
1.7834267E-4
7.329133E-5
-4.1762927E-5
2.777777E-5
6.157503E-5
9.425061E-5
-3.29877E-6
1.8183659E-5
-2.0942261E-5
-3.0502292E-6
-5.533638E-5
-6.739264E-5
-2.5752455E-5
-6.5708E-5
-4.825873E-6
-2.314332E-4
-7.726645E-5
-1.9736365E-4
-1.4791264E-4
-9.2962175E-5
-3.0065526E-4
-3.9598727E-4
-3.4015425E-4
-2.6492376E-4
-2.3291103E-4
-3.9311164E-4
-2.6183008E-4
-4.020415E-4
-2.5830654E-4
-3.4843007E-4
-3.7306122E-4
-3.3595116E-4
-2.8747998E-4
-3.521645E-4
-3.523658E-4
-3.0762496E-4
-3.6961437E-4
-2.7156947E-4
-3.1474212E-4
-3.605821E-4
-3.2928097E-4
-4.1000967E-4
-4.709674E-4
-3.978274E-4
-4.4517705E-4
-3.8642526E-4
-3.697629E-4
-2.450374E-4
-2.6203235E-4
-3.2952536E-4
-3.3443497E-4
-2.303431E-4
-2.3455804E-4
-3.2434432E-4
-1.6489548E-4
-1.8905042E-4
-9.023754E-5
-2.8961631E-5
-7.903714E-5
9.805674E-5
9.142605E-5
1.5521473E-4
1.8799985E-4
2.219651E-4
2.226013E-4
2.741205E-4
2.7251788E-4
3.8371014E-4
3.8431477E-4
3.784249E-4
4.7832E-4
3.5434097E-4
4.0291774E-4
3.6325402E-4
4.0184535E-4
3.7756795E-4
4.967433E-4
5.111615E-4
4.5946048E-4
4.2387826E-4
3.4253616E-4
3.146154E-4
3.4164652E-4
3.3086474E-4
3.5566412E-4
3.6230098E-4
3.363808E-4
3.3083075E-4
2.0401846E-4
2.6002649E-4
4.5123E-5
1.6820586E-4
1.5830377E-4
5.7866502E-5
-6.249973E-5
1.2706983E-4
-8.37268E-6
1.3225999E-4
-6.032719E-5
-2.6316138E-5
-1.15693954E-4
-1.2369297E-4
-8.7062785E-5
-5.8710128E-5
-9.6445074E-5
-1.4904448E-4
-9.013995E-5
-6.213858E-5
-6.309331E-5
-4.187125E-5
6.470348E-5
-3.5827492E-5
2.1131542E-5
4.3527252E-5
5.0087743E-5
8.605963E-5
2.0289318E-4
2.259521E-4
2.8110936E-4
3.436226E-4
3.4133214E-4
4.2318535E-4
3.3692244E-4
4.256108E-4
4.8679282E-4
4.7984548E-4
5.092051E-4
4.5730488E-4
4.9114326E-4
7.62815E-4
6.271861E-4
5.7976955E-4
5.8918E-4
7.270731E-4
6.034059E-4
6.975772E-4
5.6989375E-4
4.9986044E-4
5.9455825E-4
7.192154E-4
6.182528E-4
6.0757896E-4
6.4603606E-4
5.699836E-4
3.7661957E-4
2.2819718E-4
3.2002537E-4
3.47665E-4
2.7994718E-4
2.1273678E-4
3.3567532E-4
1.6143227E-4
1.0979338E-4
1.6755477E-4
1.65755E-4
8.944278E-5
1.7855778E-5
2.6905078E-5
4.1839616E-5
-4.5500256E-5
2.4564217E-5
-1.5983265E-5
-7.1729315E-5
-1.6381664E-4
-1.3756352E-6
-1.4752E-4
-2.8730568E-4
-3.0410226E-4
-1.5374938E-4
-2.1434801E-4
-1.1808341E-4
-4.7395664E-5
6.1717925E-5
1.0283404E-4
-3.5113148E-6
8.467354E-5
5.581846E-5
1.3267822E-4
1.1693774E-4
2.0107017E-4
2.1049105E-4
1.8466196E-4
2.2080081E-4
3.4596637E-4
4.5211575E-4
3.109499E-4
4.8723267E-4
3.6508747E-4
4.7112606E-4
5.283073E-4
4.6505418E-4
4.7565086E-4
4.121635E-4
3.823774E-4
4.896034E-4
5.107274E-4
4.4376508E-4
3.9938616E-4
4.1096396E-4
3.5931708E-4
4.5889695E-4
2.3365175E-4
3.585442E-4
1.6821953E-4
2.862383E-4
1.2180449E-4
1.2762222E-4
-1.485785E-5
7.7774144E-5
1.0100097E-6
-8.6355154E-5
-1.10652785E-4
-2.2713412E-4
-2.4435972E-4
-3.397722E-4
-2.1142945E-4
-3.279744E-4
-3.9506686E-4
-4.727606E-4
-3.87488E-4
-3.2466586E-4
-2.9948694E-4
-4.4660887E-4
-3.4975307E-4
-3.7145652E-4
-4.9067824E-4
-3.8410787E-4
-4.279836E-4
-4.691886E-4
-4.5902547E-4
-3.5902119E-4
-4.7440125E-4
-3.7916342E-4
-3.4775204E-4
-4.3266668E-4
-4.3363302E-4
-3.8190256E-4
-3.5887604E-4
-2.4900457E-4
-2.3310441E-4
-9.110752E-5
-2.817241E-4
-9.483454E-5
-1.2019887E-4
4.2396442E-7
-7.223985E-5
-2.5220019E-5
-1.3607733E-4
5.9256676E-5
-8.3007304E-5
-1.7102408E-5
5.2088148E-5
1.03676946E-4
1.2414856E-4
1.2598612E-4
3.0080726E-5
-9.543211E-5
1.1957152E-4
1.3173839E-5
2.9027839E-5
7.2009985E-5
7.964054E-5
5.9129732E-5
1.2053676E-4
1.8199882E-4
3.8696584E-5
7.101752E-5
1.1004989E-4
-6.0300026E-5
-2.3093755E-6
-7.7689656E-5
3.695137E-5
8.267524E-5
8.1712256E-5
-3.7630743E-5
-3.401528E-5
4.663001E-5
-1.0045537E-4
-6.879385E-5
-2.4314288E-5
1.3119346E-4
-1.4683246E-4
-4.9490965E-5
-1.0777695E-6
-3.8786555E-5
-2.60854E-4
-1.3148184E-4
-1.9680605E-4
-1.13820766E-4
-1.8432345E-4
-1.4650448E-4
-1.7200153E-4
-9.715945E-5
-2.3497656E-4
-1.6407292E-4
-1.7575381E-4
-2.0025145E-4
-2.9330954E-4
-3.0700155E-4
-3.2278505E-4
-3.3948894E-4
-3.4488263E-4
-3.6799585E-4
-2.614403E-4
-3.1654246E-4
-2.6573977E-4
-2.8086457E-4
-2.89053E-4
-2.5280693E-4
-2.7153624E-4
-2.198141E-4
-3.1196166E-4
-3.0312611E-4
-2.3731025E-4
-2.1693221E-4
-1.7234607E-4
-1.2676106E-4
-1.677385E-4
6.9586145E-5
-4.2773907E-5
8.9797715E-5
7.315897E-7
2.1023065E-4
1.3960498E-4
1.8941378E-4
1.07899745E-4
2.2211857E-4
1.9490528E-4
2.313457E-4
1.7552187E-4
2.5859766E-4
2.4936156E-4
2.5279014E-4
2.6552103E-4
2.2971608E-4
8.064677E-5
1.3010856E-4
1.4602789E-4
1.7017749E-4
7.3775474E-5
7.8506026E-5
-6.67201E-5
-1.6289581E-5
-1.3542022E-4
-2.0690315E-4
-2.5189013E-4
-4.1315184E-4
-3.0892677E-4
-4.5009647E-4
-4.626279E-4
-4.452804E-4
-4.2878298E-4
-5.912117E-4
-5.8640103E-4
-6.1518495E-4
-5.210818E-4
-6.480387E-4
-6.366853E-4
-6.306435E-4
-4.9560785E-4
-4.4870807E-4
-5.617381E-4
-3.4700535E-4
-3.9768414E-4
-2.5297984E-4
-3.3080974E-4
-2.2606258E-4
-1.9165988E-4
-5.704617E-5
-1.122887E-4
-4.5081186E-5
-8.449856E-5
-3.9708466E-5
5.2712974E-5
1.0081005E-4
1.4846509E-4
1.9045513E-4
1.7831274E-4
3.0965908E-4
2.4382358E-4
2.4491272E-4
2.4585862E-4
2.7620123E-4
3.0603752E-4
2.1338084E-4
2.9322665E-4
2.3603668E-4
1.6281908E-4
1.4238378E-4
1.3870848E-4
5.4331806E-5
2.518064E-5
-1.3392406E-4
-5.6399964E-5
-1.818007E-4
-1.0463164E-4
-1.3895385E-4
-1.2255303E-4
-2.480138E-4
-1.6279098E-4
-1.7569927E-4
-1.4596185E-4
-2.519275E-4
-3.284662E-4
-1.2295262E-4
-1.6776189E-4
-2.0390905E-4
-2.9484503E-4
-3.533351E-4
-3.3799783E-4
-1.8681124E-4
-2.1223401E-4
-3.400669E-4
-2.7285624E-4
-2.3779258E-4
-2.190358E-4
-2.544078E-4
-2.1722839E-4
-1.1094523E-4
-6.9126465E-5
-9.237709E-5
-1.2169448E-4
-6.554079E-5
5.5276078E-6
-7.378597E-5
5.2993046E-6
-8.830403E-6
2.1637414E-5
-6.0476745E-5
6.569543E-5
6.799829E-5
6.9120186E-5
1.2568224E-4
1.7907379E-4
1.4911588E-4
1.1150553E-4
3.0926549E-6
1.0030911E-4
2.1793043E-5
9.723675E-5
9.764857E-5
9.5748204E-5
1.4674533E-4
1.19223376E-4
3.2184853E-5
6.948003E-5
8.9466994E-5
1.4172895E-4
2.0137032E-4
7.782175E-5
8.3743354E-5
-1.793834E-5
4.320523E-6
1.012466E-4
1.5011964E-4
5.059856E-5
6.857707E-5
-1.4980343E-6
9.257399E-5
1.100136E-5
6.177213E-5
-7.9291836E-5
1.5589596E-5
-2.3654844E-7
-3.0789102E-5
1.2894593E-4
1.8359366E-4
1.7512277E-4
1.379486E-4
1.428782E-4
-1.3564702E-5
1.5005334E-4
9.401142E-5
4.7672354E-5
1.16210176E-4
1.5960146E-4
2.6822527E-4
1.988005E-4
8.647656E-5
1.5701615E-4
1.5723145E-4
2.1615552E-4
1.3915688E-4
1.5471132E-4
1.1750881E-4
1.10490415E-4
2.0015435E-4
1.9563963E-4
2.7316532E-4
1.6513809E-4
1.9775485E-4
1.3205518E-4
9.878416E-5
4.1107698E-5
2.2058617E-4
7.893784E-5
9.889849E-5
1.4809276E-5
2.0101486E-4
1.078474E-4
1.0149805E-4
1.581872E-4
1.6465377E-4
1.5950362E-4
2.5657789E-4
1.518109E-4
2.3016783E-4
2.1117399E-4
1.5196229E-4
2.8367605E-4
2.2204245E-4
1.4134996E-4
1.6420051E-4
1.9975097E-4
1.234644E-4
3.156523E-4
1.8573017E-4
2.9469738E-4
1.6466349E-4
2.0865451E-4
1.6101875E-4
1.4922075E-4
1.1800209E-4
1.5404254E-4
7.780652E-5
1.6026568E-4
1.735626E-4
2.1771091E-4
1.9527164E-4
9.925522E-5
1.16597475E-4
5.678622E-5
1.925398E-4
1.4343666E-4
1.8749299E-4
9.27518E-5
1.8679039E-4
9.9610166E-5
6.08575E-5
7.243684E-5
1.2262922E-4
1.01583275E-4
8.015941E-5
2.3954269E-4
8.890125E-5
4.894339E-5
1.3202321E-6
-3.1387517E-5
-2.2673637E-5
3.4999925E-5
-4.693948E-5
1.0820124E-5
3.407481E-5
6.684376E-5
-2.1486873E-4
-1.3837188E-5
-1.3395641E-5
1.7180564E-5
-1.3220703E-4
-2.1448119E-5
-1.3353584E-4
7.197523E-5
-1.7980879E-4
-1.0084531E-4
-1.3314403E-4
-1.3200742E-4
-1.6632241E-4
7.580982E-5
-1.17274816E-4
-1.5851416E-4
-7.03317E-5
6.664151E-5
-6.8906396E-5
-8.519971E-5
-5.9301346E-5
-1.00292586E-4
-1.1804068E-4
-8.18561E-5
6.392006E-5
1.548735E-5
-8.877763E-5
-2.8481256E-4
-6.949793E-5
-1.3704515E-4
-5.9294416E-5
-1.5547654E-5
-9.879672E-5
-1.0565433E-4
-2.0145392E-4
-1.8192794E-4
-2.1512747E-4
-1.612642E-4
-1.1937315E-4
-1.0753827E-4
-1.8413598E-4
-3.111664E-4
-2.631269E-4
-1.9330213E-4
-2.6995438E-4
-1.7578837E-4
-3.427765E-4
-1.4049796E-4
-2.6063243E-4
-2.0161406E-4
-2.5168384E-4
-2.1890481E-4
-3.2582122E-4
-1.13626236E-4
-3.106275E-4
-9.659238E-5
-2.6008138E-4
-1.2239188E-4
-1.2761535E-4
-9.887759E-5
-1.6599405E-4
-5.975293E-5
-4.0200895E-5
-1.3310266E-4
-2.1669925E-4
-6.425422E-5
-7.656195E-5
-2.7806344E-4
-1.4074479E-4
-3.6619283E-5
-1.7901478E-4
-1.7370806E-4
-6.815534E-5
-1.2652992E-4
-1.7949627E-4
-8.634652E-5
-1.3966109E-4
-1.4125521E-4
-5.417983E-6
-1.0300871E-4
-2.5614376E-5
1.4586689E-5
-1.21532785E-5
-6.993021E-5
-8.2329854E-5
-7.257712E-5
-1.09034205E-4
-2.657036E-6
-1.2261941E-4
-7.512503E-5
-1.3362704E-4
-1.678449E-4
-3.5392438E-4
-9.135604E-5
-1.3330657E-4
-2.0016832E-5
-1.9286147E-4
-1.0275587E-4
-1.3269193E-4
-6.050095E-5
-5.1314233E-5
-6.456912E-5
-1.07586566E-4
-8.2124636E-5
-8.430295E-5
3.8446207E-5
1.0687589E-5
-1.9301497E-5
-7.1964554E-5
4.2825162E-5
1.9075851E-5
-4.2817657E-5
1.030218E-4
1.3264777E-5
4.6402423E-5
4.2602904E-5
6.299959E-6
1.0387986E-4
9.3657254E-5
8.392804E-6
3.5094174E-5
1.1119117E-4
1.5095748E-4
1.5038266E-4
-5.739475E-5
5.7812445E-6
1.1977252E-5
9.0698704E-5
9.52364E-5
8.286886E-5
8.319532E-5
7.846196E-6
2.4335164E-5
7.6468976E-5
6.257996E-5
1.7435326E-4
9.026717E-5
1.6041106E-4
1.8763855E-4
9.0376976E-5
6.5671025E-5
1.565412E-4
1.199738E-4
1.5332417E-4
1.4935283E-4
1.8215926E-4
2.2777644E-4
1.0214929E-4
2.1997171E-4
2.375689E-4
5.0538853E-5
8.4882915E-5
2.110055E-4
1.532862E-4
2.7584442E-4
2.1433794E-4
3.611995E-4
2.9394022E-4
3.4443758E-4
3.672956E-4
3.6297448E-4
2.3884716E-4
1.8041875E-4
3.329686E-4
2.623935E-4
3.0538085E-4
2.2868744E-4
2.5195617E-4
2.3569015E-4
3.0127395E-4
2.1955605E-4
1.6974917E-4
2.0226957E-4
1.1556083E-4
1.6453612E-4
1.7673157E-4
1.532804E-4
8.934741E-5
9.2377944E-5
6.854526E-5
2.1199654E-4
2.6626242E-4
7.2918214E-5
2.6566993E-5
1.3167554E-4
1.527E-4
8.561757E-5
4.3954704E-5
1.9776178E-4
1.2167579E-4
1.3584371E-4
6.938039E-5
1.3863541E-4
2.956327E-5
2.1492688E-5
1.230607E-4
6.155389E-5
1.0377337E-4
2.4709705E-4
6.2028776E-5
1.3529108E-4
7.532306E-5
3.797113E-5
-3.9070514E-5
9.434132E-5
4.3228847E-5
1.2738944E-4
2.7601407E-5
8.6422326E-5
-4.1550706E-5
2.5087744E-5
-2.9650442E-5
5.4644486E-5
6.695825E-5
-1.31877905E-5
1.8728359E-5
-7.079724E-5
-1.1725246E-4
-9.9630684E-5
-6.671052E-5
-1.1444359E-4
-1.339957E-4
-3.091365E-5
-3.0034327E-5
-1.4593958E-6
-1.2930079E-5
5.680857E-5
6.7911766E-5
1.8441311E-5
1.6029566E-4
5.089412E-5
1.17181466E-4
1.8786064E-4
1.6174492E-4
1.5979924E-4
1.6212842E-4
1.586887E-4
2.1413145E-4
1.696976E-4
1.0002328E-4
1.2045069E-4
1.3765888E-4
7.8359924E-5
-2.8354663E-5
1.6535792E-4
1.2811838E-4
2.2788394E-5
5.1296497E-6
8.823597E-7
-1.4842159E-4
-5.7153142E-5
-2.2451502E-5
-4.36565E-5
-9.549133E-5
-1.3798925E-4
-9.3405186E-5
-6.9498965E-5
-1.4968669E-4
-1.813449E-4
-1.3603682E-4
-2.5252326E-4
-8.265899E-5
-1.1673256E-4
-8.193879E-5
-1.6290782E-4
3.2572545E-5
-1.251611E-4
-5.5575656E-5
-1.371656E-4
-7.502613E-5
-1.1765891E-4
-6.0739465E-5
-1.5094409E-4
-4.987641E-5
-1.0466399E-4
-8.8230245E-6
-2.0951426E-5
-1.1267958E-4
-7.1942144E-5
7.118448E-5
-6.209099E-5
-1.989147E-5
-1.925488E-5
1.990972E-5
2.7891467E-5
2.669947E-5
5.6123365E-5
5.4645137E-5
1.8379591E-4
7.509097E-5
8.041709E-5
-1.1501444E-5
3.8063674E-5
-1.0422885E-5
-7.75576E-5
1.0733984E-5
1.4883349E-5
9.797949E-5
6.460968E-5
2.5879504E-5
4.0636507E-5
1.3577059E-4
-6.613097E-6
8.518472E-5
7.90246E-5
9.983508E-5
2.4728304E-5
6.696481E-5
7.8104225E-5
1.6242842E-4
2.8392527E-5
1.3232905E-4
1.2778069E-4
1.203493E-4
9.0206384E-5
9.219004E-5
7.4289055E-5
6.0863687E-5
1.9611622E-4
1.1063111E-4
1.7142107E-4
9.539057E-5
1.5697807E-4
1.8311506E-5
7.4514515E-5
4.467101E-5
1.5395769E-4
5.981208E-6
6.088462E-5
-1.8707075E-5
5.311781E-5
-2.0255024E-5
-8.354914E-5
-5.898647E-5
-8.7597764E-5
-6.7241876E-5
-4.133399E-5
-3.7379206E-5
-9.324569E-6
-8.305972E-5
-6.522942E-5
-2.050639E-5
2.5762959E-6
-1.4118384E-5
-2.3671857E-5
-2.4767169E-5
-1.3475536E-4
4.724894E-5
-1.4215102E-4
8.125784E-6
-6.859715E-5
2.4359986E-4
5.605167E-5
1.266036E-4
8.011897E-5
2.640321E-4
2.211373E-4
3.2323727E-4
1.82804E-4
3.017132E-4
1.6676882E-4
1.8411696E-4
2.774941E-4
3.4423394E-4
3.3402603E-4
2.5247436E-4
3.4331146E-4
2.7944616E-4
2.484839E-4
1.9405858E-4
1.7332313E-4
3.3821326E-4
3.1075018E-4
2.724086E-4
2.1579806E-4
1.9072235E-4
2.3289864E-4
1.3462431E-4
1.8880737E-5
8.952642E-5
5.695826E-5
9.48325E-5
-4.6236662E-5
7.5465694E-5
-1.9014613E-5
2.6931322E-5
-1.1683566E-4
-6.0990664E-5
-1.2462465E-4
-4.4866327E-5
-1.4181307E-4
-2.7280757E-5
-2.3900457E-4
-9.516234E-5
-2.1020167E-4
-1.0197408E-4
-1.8345285E-4
-3.6858073E-5
-3.0080348E-4
3.660737E-5
-2.4184382E-4
-7.360907E-5
-3.292364E-4
-5.409959E-7
-1.5978386E-4
2.0706111E-5
-1.6920977E-4
6.109968E-5
-1.0245857E-4
-7.998418E-5
-3.954622E-5
1.4630808E-4
-8.471145E-5
7.799071E-5
4.48091E-5
9.697837E-5
-7.0570815E-5
5.6311575E-5
5.741405E-5
9.754416E-5
2.4193829E-5
8.1761704E-5
-7.4172145E-5
1.12484544E-4
1.5867341E-6
8.188433E-5
1.3324682E-6
1.8969684E-5
-1.3165358E-4
1.8382496E-4
-1.4422106E-4
1.0105635E-4
-8.945871E-5
1.768021E-5
-2.4982472E-4
-6.6655244E-5
-2.8689118E-4
-1.5701273E-5
-2.0280195E-4
3.977899E-6
-2.5742364E-4
-1.2375005E-4
-3.6081558E-4
-1.7249779E-4
-2.2126395E-4
-9.872239E-5
-2.9261038E-4
-2.3112068E-4
-3.3626164E-4
-1.9320923E-4
-3.5851658E-4
-1.6755862E-4
-2.448968E-4
-2.3399154E-4
-3.611012E-4
-2.8686685E-4
-4.107288E-4
-1.6757949E-4
-2.895921E-4
-2.2474655E-4
-3.2916674E-4
-2.894615E-4
-2.684869E-4
-1.696731E-4
-1.4825744E-4
-7.80157E-5
-2.6846654E-4
-2.0749767E-4
-2.571631E-4
-1.6224029E-4
-2.619483E-4
-2.5138303E-4
-1.852268E-4
-2.8875118E-4
-1.0663717E-4
-1.5506202E-4
1.09242595E-4
-1.5633903E-4
8.1822254E-5
-2.86922E-4
1.336272E-4
-6.881678E-4
5.5607676E-4
6.189164E-4
-0.0040292377
0.0021460305
0.0024415413
0.0013444709
-0.0046581356
0.0010887464
1.0307837E-4
-3.6230427E-4
-4.9926597E-4
7.57661E-4
-5.1781634E-4
-0.0017833653
0.0014241618
0.0019944927
-5.300481E-4
7.109091E-5
0.0014863431
9.131833E-4
-3.6199274E-4
-1.5962176E-4
0.0014596988
7.663568E-4
-0.0012051837
4.0258106E-4
-8.200197E-5
-0.0011532807
-0.0011997096
-1.0783444E-5
-0.0013809968
-0.0019438886
-0.0014041091
7.6341984E-4
2.493569E-4
0.0011577598
0.0011624753
0.0019033393
8.9266157E-4
0.0012895345
7.5065246E-4
4.1546827E-4
-9.426336E-6
0.0010129119
7.2034315E-4
2.225511E-4
8.410954E-7
0.0010279809
3.2899005E-4
-4.027553E-4
-5.0393824E-4
2.4779755E-4
-2.9848798E-4
-8.95727E-4
-0.001413161
-3.3038258E-4
-3.032112E-4
-1.5941313E-4
-2.2769594E-4
2.659665E-4
3.9931727E-4
5.892279E-4
2.293708E-4
2.5620463E-4
4.091702E-4
6.1047263E-4
2.6848115E-4
1.4881018E-4
2.2170423E-4
5.9857755E-4
3.6767655E-4
2.7148533E-4
3.5671005E-4
0.0010981484
8.4484846E-4
5.8882264E-4
2.1892753E-4
4.3342792E-4
1.5770884E-4
4.172433E-4
6.674681E-5
1.5834515E-4
-1.3409425E-4
-2.8543354E-5
6.4147703E-6
3.9985843E-4
5.275115E-4
7.8281533E-4
4.126558E-4
3.0543408E-4
2.2337091E-4
1.6552357E-4
-2.1820594E-4
-7.0184906E-5
-2.4363265E-4
-5.8679875E-6
1.5147805E-4
3.550371E-4
3.6516954E-4
6.785602E-4
3.147006E-4
2.0441554E-4
-6.9633476E-5
1.5926974E-4
-2.6349282E-5
-1.701896E-4
-3.3110552E-4
-2.5904013E-4
-2.3889201E-4
-1.00871024E-4
-8.011307E-5
2.3470931E-4
-1.0780445E-4
-1.1526684E-4
-1.5783322E-4
-5.421026E-5
-1.7819232E-4
-1.5819767E-4
-3.4187268E-4
-6.957176E-5
-1.0860735E-4
1.0878581E-4
1.1939514E-4
4.0807817E-4
1.5017856E-4
3.1062984E-4
5.2004943E-5
1.9577944E-4
-8.396995E-5
4.454996E-5
-1.4057284E-4
3.831514E-5
-1.6613305E-6
-2.3653757E-4
-3.982491E-5
-7.1477634E-6
-1.980202E-4
-2.121366E-4
-1.4060584E-4
1.7398469E-4
-3.1293443E-4
-2.0103807E-4
-4.5590106E-4
-2.2350762E-4
-4.6375796E-4
-2.1273378E-4
-2.4776207E-4
5.9179132E-5
-2.1755438E-4
-4.411109E-4
-1.3493083E-4
-6.876046E-5
1.098661E-4
-2.1876364E-4
-1.1153251E-4
2.9762532E-4
8.896873E-5
-2.1447267E-4
5.2224008E-5
1.6820719E-4
-2.1418704E-4
-1.4476506E-4
-1.0174464E-4
2.0843379E-4
1.00473604E-4
-4.1831077E-5
1.9106727E-4
1.3279189E-4
-1.17038E-4
-2.2237367E-4
2.4869189E-5
-9.6855314E-5
-1.510563E-4
-1.6926475E-4
1.4634193E-4
7.583892E-5
4.6343383E-5
3.0277804E-5
3.3847467E-4
5.7468475E-5
1.1583883E-4
-1.1168442E-5
5.047031E-4
2.3410958E-4
2.9036854E-4
-2.106343E-5
4.3214057E-4
1.6245434E-4
2.1648583E-4
1.7168588E-5
2.4727717E-4
1.0146181E-4
2.8332032E-4
3.7926216E-5
2.5573993E-4
1.239438E-4
1.9131273E-4
3.2200904E-5
1.5353378E-4
-7.3217976E-5
1.138181E-4
-1.18864344E-4
8.5066815E-5
-6.923241E-5
2.7443575E-5
-1.12561305E-4
1.3545349E-4
-4.281681E-5
1.8383631E-4
5.0161972E-5
1.975544E-4
-7.231158E-6
3.668869E-4
2.2140107E-4
2.7148201E-4
1.6208993E-4
2.563982E-4
9.688067E-5
2.3933442E-4
1.677018E-4
3.0010822E-4
8.2209015E-5
3.0152497E-4
8.294959E-5
1.9071552E-4
-2.2212509E-5
8.6077795E-5
-7.935862E-5
-1.8019206E-5
-2.4119215E-4
-1.8578272E-4
-2.1766998E-4
-2.3370223E-4
-3.596539E-4
-1.0007205E-4
-2.9815952E-4
-2.0796394E-4
-2.3747358E-4
-3.019908E-4
-2.8271106E-4
-3.4930446E-4
-2.3781534E-4
-1.92225E-4
-3.5152398E-4
-2.2803989E-4
-1.6946511E-4
-1.8403877E-4
-3.014465E-4
-1.8436874E-4
-1.7488956E-4
-2.3635718E-4
-1.7689107E-4
-2.6558738E-4
-2.7361375E-4
-2.2077904E-4
-3.1182854E-4
-2.2154587E-4
-1.45262E-4
-1.02414226E-4
-5.9196744E-5
-6.922784E-5
-9.342105E-5
-1.1232366E-5
5.3071303E-6
1.5686912E-5
-3.0540262E-4
8.167458E-5
1.5850179E-4
-8.2021556E-4
-5.2030813E-5
0.0013072502
-1.2548026E-4
-3.2710956E-4
-6.6293124E-4
3.2139695E-4
3.789713E-4
8.5727905E-4
1.04444036E-4
3.4181972E-4
5.089588E-5
2.0207421E-4
1.8387806E-4
1.8389945E-4
1.04599174E-4
4.3198047E-4
3.091588E-4
9.052835E-5
-4.379452E-5
-5.1935385E-5
-1.3638687E-4
5.7225097E-5
1.02834325E-4
3.3515575E-4
2.567324E-4
5.86062E-4
8.4264606E-4
4.96341E-4
1.564816E-4
-2.1889142E-4
-1.2772504E-4
4.515908E-4
1.8979602E-4
6.9308794E-6
-5.784067E-5
-1.5613346E-4
-3.713727E-4
-6.064169E-6
1.3959776E-4
2.8877822E-4
-1.06261745E-4
2.8039134E-4
2.3269685E-4
3.4031863E-4
2.8641298E-4
5.8764755E-4
3.5881656E-4
4.4138436E-4
4.2321745E-4
5.690576E-4
2.9474683E-4
5.0735525E-5
1.1093993E-4
1.9359592E-4
-2.3548429E-4
-1.4640499E-4
2.6842283E-6
7.980786E-5
7.229797E-5
2.3567863E-4
2.2095564E-4
4.0345514E-4
2.653886E-4
1.8603746E-4
1.4073375E-4
8.8937646E-5
-1.9777837E-4
-2.3361148E-5
2.4325742E-5
3.7509493E-5
1.06495114E-4
1.1206837E-4
1.2479634E-4
1.9886652E-4
6.362896E-5
1.0208007E-4
7.353369E-6
-4.225202E-5
-2.3113692E-4
5.6784606E-6
-8.3342165E-5
9.7493226E-5
-9.129127E-5
1.2260908E-4
1.1368386E-4
2.6538857E-4
2.20104E-5
1.2760474E-4
3.8263584E-5
-1.3361519E-4
-3.9676583E-4
-2.216542E-4
-2.278684E-4
-1.2195666E-4
-1.9225449E-4
1.3877782E-4
1.297643E-4
3.1557967E-4
1.5487238E-4
7.396487E-6
7.8717894E-5
-2.2908023E-5
-1.5038582E-4
-1.6809633E-4
7.034169E-5
6.746431E-5
-7.591188E-5
-2.329836E-5
1.7460065E-5
1.1177079E-4
1.8974941E-4
2.0294183E-7
-4.2091424E-6
6.5811495E-5
-1.2274823E-4
-1.4971284E-4
-1.0420592E-4
-3.271202E-6
-2.4412513E-5
6.4191874E-5
-9.4987605E-5
1.3885087E-4
9.042675E-5
6.0635597E-5
-1.2042784E-4
-6.1903746E-5
-7.115184E-5
5.08772E-5
-1.0330919E-4
-9.975859E-5
-2.1452071E-4
-8.202346E-6
-1.3551243E-4
-4.6905025E-5
-1.0551536E-4
-1.2535887E-4
-1.16491785E-4
-7.789834E-5
-1.4150179E-4
-1.520842E-4
-3.376453E-4
-3.534646E-4
-3.6809235E-4
-3.3199094E-4
-4.4658067E-4
-4.1481815E-4
-2.722981E-4
-2.4640802E-4
-3.1578206E-4
-2.6131712E-4
-4.5652746E-4
-4.992701E-4
-4.7109416E-4
-5.240139E-4
-5.498677E-4
-6.217279E-4
-6.2997977E-4
-5.134027E-4
-3.292197E-4
-3.6948675E-4
-3.022073E-4
-3.6928538E-4
-3.4030914E-4
-2.6341708E-4
-3.4546692E-4
-2.7667487E-4
-3.28869E-4
-2.626615E-4
-2.2988781E-4
-2.111449E-4
-2.6212138E-4
-1.6145191E-4
-3.7895696E-4
-7.499446E-5
-1.3351356E-4
-6.4197507E-6
-2.62203E-4
-1.8778312E-4
-3.196261E-4
-1.5674662E-4
-1.7957561E-4
2.8605837E-5
-1.5045189E-4
-1.5978047E-4
-1.6344921E-4
-5.1009272E-5
-6.7872876E-5
-2.3843257E-5
6.152553E-5
-1.60582E-4
-1.4654735E-4
-1.7156721E-4
-1.03214945E-4
-1.1586068E-4
-1.0421444E-4
-2.3511078E-4
-2.3156485E-5
-1.1306011E-4
3.2584776E-5
3.683742E-5
2.58212E-5
8.341007E-6
5.319093E-5
-6.111906E-6
2.2096296E-5
1.2407918E-4
2.4347809E-4
3.221163E-4
2.636995E-4
2.680907E-4
2.740918E-4
2.6523118E-4
3.2723192E-4
3.9554556E-4
3.0802636E-4
2.867069E-4
3.4343026E-4
3.5500442E-4
3.8284532E-4
3.5571566E-4
1.8067047E-4
2.7921292E-4
2.2244552E-4
4.497919E-4
3.796349E-4
4.5279428E-4
3.2185073E-4
3.248752E-4
3.830252E-4
3.313178E-4
3.0853256E-4
3.2442197E-4
2.4248811E-4
3.0744885E-4
2.0523088E-4
1.8199356E-4
2.244189E-4
2.600347E-4
1.6536024E-4
5.6448822E-5
1.2218276E-4
2.5831448E-4
1.3068758E-4
7.439266E-5
1.406643E-4
6.4815365E-5
-1.11457535E-4
3.414607E-5
-4.4174235E-6
6.907413E-6
9.360283E-5
-6.715348E-5
-1.5789673E-4
1.6131291E-4
-2.9677385E-5
-9.4792515E-5
-1.8203715E-5
-1.8798106E-5
-2.6261418E-5
1.5764235E-4
3.9493676E-5
8.145588E-5
5.5632747E-5
2.9254048E-5
-1.6000306E-5
4.900138E-6
-3.302164E-5
2.3505325E-5
1.3385322E-4
2.0498996E-6
-7.224487E-5
8.621527E-5
3.8236285E-5
-8.728234E-6
7.254327E-5
7.406468E-5
1.9187818E-4
1.7325672E-4
1.4959015E-4
1.01137965E-4
2.7265542E-4
1.09089146E-4
2.159044E-4
5.7352045E-5
1.7331874E-4
5.3607357E-5
1.4844052E-4
5.816407E-5
1.8686739E-4
2.350547E-4
1.8660088E-4
2.4913604E-4
2.1876843E-4
1.365675E-4
1.906564E-4
1.6570046E-4
1.0259952E-4
1.4380204E-4
3.4363862E-4
1.6760717E-4
2.0243342E-4
7.5807955E-5
7.652722E-5
7.533419E-5
2.0255722E-4
3.1596003E-4
1.7351571E-4
1.3662409E-4
2.2186147E-4
1.7562161E-4
2.2259774E-4
1.6166214E-4
3.2633837E-4
1.99716E-4
3.590363E-4
2.2165215E-4
1.7007612E-4
1.5398403E-4
3.115398E-4
1.8045508E-4
2.7773393E-4
8.821369E-5
1.9601028E-4
1.2734624E-4
8.2010425E-5
6.801737E-5
1.6214143E-4
1.0606636E-4
1.793515E-4
1.2174351E-4
2.0318294E-4
4.2242827E-5
1.7072949E-4
4.0444687E-5
2.3054806E-4
1.4090573E-4
1.2460577E-4
7.9977595E-5
1.6419872E-4
-2.4302679E-5
1.1755145E-4
-1.3367734E-4
-5.791077E-5
-8.931117E-5
-6.6363515E-5
-1.580905E-4
-1.0710252E-4
-1.13127855E-4
-4.6244633E-5
-1.6622452E-4
-2.3132715E-4
-2.2970942E-4
4.0526636E-5
-1.6929866E-4
-7.1828865E-5
-1.429973E-4
-9.1218135E-5
-1.8489012E-4
-1.9363064E-4
-1.9135707E-4
3.4959437E-5
-1.4293788E-4
-8.401929E-5
-2.6117853E-4
-7.948374E-5
-2.0122652E-4
-1.5146207E-4
-2.6213075E-4
-1.9274393E-4
-2.1790739E-4
-2.0089795E-4
-3.098323E-4
-1.3466705E-4
-1.9876665E-4
-1.7395831E-4
-2.9154884E-4
-3.0111676E-4
-1.9665266E-4
-2.8116038E-4
-2.682005E-4
-1.5440279E-4
-1.5223371E-4
-1.8879824E-4
-8.5557884E-5
-1.3914968E-4
-3.1332133E-4
-3.2861816E-4
-3.3855927E-4
-3.006729E-4
-1.8351323E-4
-2.3675017E-4
-2.15817E-4
-6.2826264E-4
-1.0312565E-4
-4.3322852E-5
-4.0284247E-4
-6.1296514E-4
-4.3806224E-4
-3.0745147E-4
-3.3601382E-4
-1.4211924E-4
-3.1192985E-4
-3.5712615E-4
-4.7681213E-4
-4.2680648E-4
-4.2744592E-4
-3.6879335E-4
-4.252993E-4
-4.6995314E-4
-4.3335857E-4
-3.610579E-4
-4.2802253E-4
-1.6791202E-4
-4.5777703E-4
-7.642397E-4
-5.3876237E-4
-4.0840777E-4
-3.8374346E-4
-2.497986E-4
-4.4638067E-4
-4.3253458E-4
-3.150347E-4
-4.0283625E-4
-2.593228E-4
-1.898534E-4
-2.226835E-4
-2.2623545E-4
-3.7182693E-4
-3.724686E-4
-3.3771904E-4
-2.677528E-4
-3.3939625E-5
-1.606389E-4
-9.789744E-5
-1.814674E-4
-9.099957E-5
-1.9196706E-4
-2.2717846E-4
-2.90101E-4
-3.1889623E-4
-3.0105765E-4
-3.0780974E-4
-2.0156249E-4
-2.049192E-4
-1.5155712E-4
-1.2510121E-4
-1.6186257E-4
-1.7660207E-4
-7.0386865E-5
-1.1375232E-4
-6.749912E-5
-1.9079559E-4
-2.947467E-4
-3.5366399E-4
-1.5694083E-4
-5.4902113E-5
-1.6310507E-4
-9.758224E-5
-7.839065E-6
1.6764481E-5
2.1588156E-5
5.0250925E-5
-9.979767E-5
-1.4514045E-4
-1.6279118E-4
-1.0655787E-4
-1.3675384E-4
-1.8153158E-4
-1.5344002E-4
1.4328831E-4
9.008254E-5
7.691834E-5
1.3101417E-4
4.0444295E-4
1.12265276E-4
1.2975806E-4
2.8083938E-5
4.1135725E-5
-1.2728148E-4
-8.2191245E-6
-2.352241E-5
1.1561793E-4
2.537185E-4
2.608173E-4
2.8213806E-4
4.1645113E-4
4.2241815E-4
4.3685813E-4
2.8911556E-4
3.1107658E-4
3.8906874E-4
2.7965877E-4
1.6490025E-4
1.9323845E-4
2.3866669E-4
2.8307107E-4
4.253468E-4
2.7583176E-4
3.8065738E-4
3.4745148E-4
3.5297993E-4
3.2877128E-4
2.4629137E-4
2.1096203E-4
3.0454574E-4
1.8945278E-4
2.6368094E-4
2.6667636E-4
1.7468086E-4
3.3257957E-4
2.828155E-4
3.3200422E-4
2.8296877E-4
3.067746E-4
2.223507E-4
2.9452232E-4
1.3098524E-4
3.32553E-4
1.5737006E-4
3.7134532E-4
4.125772E-4
3.465185E-4
2.2400009E-4
3.5104595E-4
3.287151E-4
2.7075515E-4
2.6974233E-4
2.6060807E-4
1.5401421E-4
2.634389E-4
2.4366856E-4
2.4423984E-4
2.0930829E-4
2.376533E-4
1.8921221E-4
2.2735087E-4
4.396846E-4
4.933364E-4
4.2183785E-4
3.6754593E-4
2.4644044E-4
3.1214615E-4
2.531033E-4
2.471159E-4
3.2123752E-4
2.5123433E-4
4.3325257E-4
4.471632E-4
4.2807273E-4
4.750316E-4
4.4312055E-4
5.015199E-4
4.1543337E-4
4.637832E-4
4.7162434E-4
4.6426276E-4
4.3538716E-4
3.4868135E-4
3.6043153E-4
4.3560474E-4
3.9247578E-4
4.8749644E-4
2.8878677E-4
3.5623982E-4
2.9116697E-4
3.5323141E-4
2.6953185E-4
2.9432483E-4
9.118958E-5
8.253987E-5
1.3237313E-4
2.3441628E-4
3.7168345E-5
2.3261497E-4
7.20498E-5
3.6395726E-5
-6.2017534E-7
-5.242018E-6
-2.4702715E-6
-2.0511041E-4
-1.6137952E-4
-1.2864472E-4
-2.682416E-4
-1.7227935E-4
-1.2537095E-4
-3.017634E-4
-4.2369464E-4
-3.950138E-4
-4.0431359E-4
-3.7293346E-4
-3.8900785E-4
-3.0154636E-4
-3.7079633E-4
-3.6688132E-4
-3.980337E-4
-3.7002258E-4
-3.8438634E-4
-3.2499607E-4
-3.7260613E-4
-1.5781047E-4
-2.0426464E-4
-1.03889E-4
-2.0461412E-4
-2.0473097E-4
-2.9457692E-4
-2.5664843E-4
-3.8479394E-4
-1.976628E-4
-3.2844307E-4
-2.9575E-4
-2.880339E-4
-2.8122996E-4
-2.0703513E-4
-2.5239284E-4
-2.860268E-4
-1.8240673E-4
-1.3910017E-4
-1.128131E-4
-1.1384178E-4
-1.0317642E-4
-1.63942E-4
-1.3261804E-4
-7.937366E-5
-1.0493533E-4
-8.220737E-5
-1.13727874E-4
-9.87864E-5
-4.9608403E-5
-1.22608035E-5
-1.2571861E-4
1.1882864E-5
1.2512823E-5
-4.1694628E-5
-3.4403377E-6
2.4063875E-5
1.5544117E-4
-1.4183061E-5
-2.938967E-5
-2.3947642E-4
-7.3222065E-5
-6.4404616E-5
-5.59425E-5
-1.3256111E-5
-1.3044622E-4
-1.8066305E-4
-8.718126E-5
-1.1273477E-4
-9.2050796E-5
-1.9423217E-4
-6.563068E-5
-1.04946885E-4
-5.4772186E-6
-1.6363579E-4
-1.1800458E-4
-1.2334319E-5
1.4798109E-5
-6.073444E-6
-6.385555E-5
-2.9544979E-5
5.951874E-6
2.5718853E-5
-5.613438E-5
-5.2318526E-5
5.1756913E-5
-2.789251E-5
-4.4230223E-6
9.589898E-5
-1.435775E-5
8.7098095E-5
4.451312E-5
7.541055E-5
-1.3621431E-5
2.7799992E-5
-5.1856867E-5
7.8476405E-5
6.899932E-6
8.702815E-5
9.865359E-5
-9.273336E-6
1.0020736E-4
2.1119155E-4
1.7930713E-4
-2.37906E-5
2.827653E-5
1.3173028E-4
1.0432788E-4
8.2988015E-5
1.2290764E-4
1.2480884E-5
3.8137791E-6
7.060137E-5
-5.694188E-5
-1.5108139E-5
-2.7926888E-5
1.6673557E-6
-6.885572E-5
-3.183209E-5
-9.856119E-5
-6.0968992E-5
-1.1145759E-4
-7.3057304E-6
-1.1638727E-4
-6.4247564E-5
-3.091873E-4
-3.0588883E-4
-3.5878568E-4
-6.366408E-5
-9.610024E-5
-1.4646155E-4
-2.8959857E-4
-1.7441846E-4
-3.710464E-4
-1.7243363E-4
-2.939682E-4
-1.353244E-4
-1.8011668E-4
-1.1940974E-4
-3.2025183E-4
-7.2990144E-5
-2.554945E-4
-2.2358545E-4
-2.379871E-4
-2.625116E-4
-3.0211266E-4
-1.527213E-4
-1.9833958E-4
-1.607137E-4
-6.828237E-5
-1.2279324E-4
-1.5745914E-4
-1.2297965E-4
-2.6057038E-5
-6.978988E-5
-1.3705232E-4
7.873454E-6
-5.6981902E-5
8.699422E-5
-1.0853897E-5
1.4200769E-4
1.15319024E-4
6.102371E-5
-2.4205765E-5
1.6191954E-4
-1.3899652E-5
1.4063224E-4
4.859721E-5
8.738016E-5
1.6677687E-4
2.8767038E-4
1.0325593E-4
2.8011578E-4
1.787888E-4
3.1824733E-4
1.9346185E-4
3.1765882E-4
2.5674998E-4
2.6542498E-4
2.4574436E-4
2.1974288E-4
1.5349202E-4
3.4808106E-4
2.0846071E-4
2.8402708E-4
1.7049896E-4
1.4011253E-4
8.116804E-5
8.8357294E-5
9.1561196E-5
1.7891666E-4
1.974067E-5
-1.0696955E-5
-1.3264554E-4
9.037588E-5
-5.6926143E-5
1.7611275E-5
-1.528298E-4
-3.728973E-5
-7.8150144E-5
-3.532983E-5
-1.7599124E-4
-1.89149E-4
-2.940493E-4
-2.645976E-4
-3.3855782E-4
-3.4752308E-4
-3.947796E-4
-2.2295937E-4
-3.5636473E-4
-2.3772566E-4
-4.8524688E-4
-4.5534148E-4
-5.1317015E-4
-3.1653733E-4
-4.407805E-4
-3.9050824E-4
-6.1571517E-4
-3.790928E-4
-3.2233616E-4
-3.3603853E-4
-4.8603633E-4
-2.2777834E-4
-2.1499666E-4
-1.8546617E-4
-3.3354075E-4
-3.3626822E-4
-3.645264E-4
-2.9634105E-4
-3.4646125E-4
-2.837545E-4
-3.5519607E-4
-3.1458464E-4
-3.5787845E-4
-1.7946541E-4
-2.159573E-4
-1.4095778E-4
-2.5761337E-4
-3.4479002E-4
-3.997355E-4
-3.559486E-4
-2.8618536E-4
-2.9451773E-4
-3.3804192E-4
-3.1231547E-4
-2.4773242E-4
-2.3147569E-4
-2.936389E-4
-1.6939246E-4
-2.7849257E-4
-1.6359023E-4
-3.44628E-4
-2.5306083E-4
-3.779293E-4
-2.1713371E-4
-2.6471273E-4
-1.438523E-4
-1.2503454E-4
-5.6700323E-5
-1.2061934E-4
6.3897305E-6
-1.6788041E-4
-5.2834246E-5
-1.4638496E-4
-2.5295467E-5
-1.1810256E-4
1.6570546E-5
-5.386313E-5
1.3321817E-4
1.5046564E-4
1.706059E-4
9.9836085E-5
1.6768368E-4
2.0276617E-5
2.513756E-4
1.6001021E-4
2.8868657E-4
2.8816704E-4
3.569043E-4
2.7002997E-4
2.0718273E-4
3.0699075E-4
2.9390692E-4
2.874854E-4
3.7453257E-4
3.7608002E-4
4.4604667E-4
2.3716588E-4
3.7507087E-4
3.2162058E-4
3.2092203E-4
3.5236854E-4
4.1293283E-4
3.0177328E-4
4.16723E-4
2.3579338E-4
3.986216E-4
2.407269E-4
4.0064935E-4
2.4498787E-4
4.6416325E-4
2.5037784E-4
3.1317864E-4
1.9016096E-4
3.935105E-4
2.0856319E-4
1.9681803E-4
1.7698815E-4
1.8099856E-4
1.13688984E-4
2.9463897E-4
1.0603489E-4
1.6547446E-4
2.2272188E-4
1.3211987E-4
3.348872E-5
-1.9366227E-7
9.655897E-5
7.1705115E-5
-4.150864E-6
4.5808276E-5
5.5481145E-5
7.618369E-5
9.630267E-6
1.2337916E-4
3.228814E-5
-4.7633894E-6
-3.333747E-5
-4.319485E-5
-2.8074413E-5
1.757583E-4
-2.0875923E-5
-4.823936E-5
-7.604934E-5
-3.1315176E-5
-6.684878E-5
-5.110087E-6
-3.7046415E-5
1.6224329E-4
6.387185E-5
1.3424242E-4
2.3201963E-5
1.8905468E-4
1.05000494E-4
1.7512355E-4
1.2474546E-4
2.2071727E-4
2.1020413E-4
3.1553992E-4
1.1730815E-4
2.5391305E-4
3.291638E-5
2.3635554E-4
2.0982478E-4
1.7442321E-4
2.2680362E-4
3.0528597E-4
4.089973E-4
2.523712E-4
2.9136828E-4
2.284591E-4
1.514411E-4
1.7979009E-4
3.7263863E-4
1.8623738E-4
3.2408375E-4
2.9474468E-4
2.125131E-4
2.092052E-4
9.805743E-5
1.639849E-4
2.1642279E-4
1.9078219E-4
2.5987191E-4
3.020896E-4
2.6291044E-4
2.1108787E-4
1.4409117E-4
1.6594355E-4
9.4784504E-5
1.4365993E-4
1.0619327E-4
9.811421E-5
1.3755567E-5
1.1431831E-4
4.5424757E-5
3.7808706E-5
-1.4696554E-4
4.87271E-5
1.7921622E-5
4.663675E-5
-1.273026E-4
-1.668927E-5
-1.811636E-4
-1.1121538E-4
-1.4516323E-4
-1.1452634E-4
-2.0689756E-4
-2.2766809E-4
-2.3636775E-4
-3.3345266E-4
-3.1708681E-4
-2.4054438E-4
-3.719811E-4
-3.3955747E-4
-3.8954063E-4
-3.5803253E-4
-4.185933E-4
-3.577835E-4
-4.5133822E-4
-5.726608E-4
-3.7412165E-4
-5.0906924E-4
-4.5763544E-4
-5.029749E-4
-5.105157E-4
-5.502654E-4
-4.764931E-4
-4.6195448E-4
-6.601217E-4
-4.7669344E-4
-4.9217197E-4
-4.960939E-4
-5.8204914E-4
-4.3325344E-4
-5.721706E-4
-5.828187E-4
-5.2722625E-4
-5.578986E-4
-5.2160356E-4
-3.8206542E-4
-3.8661464E-4
-2.5540477E-4
-3.3886216E-4
-5.1420805E-4
-4.7069072E-4
-4.3695557E-4
-4.5351146E-4
-4.7697424E-4
-4.5028998E-4
-3.6867135E-4
-3.7610505E-4
-3.25338E-4
-4.031664E-4
-3.0488597E-4
-2.2880724E-4
-3.6487356E-4
-2.6085062E-4
-3.3705012E-4
-4.2695037E-4
-3.1180697E-4
-3.698007E-4
-3.4106616E-4
-3.125543E-4
-2.1567519E-4
-2.8827324E-4
-3.1169417E-4
-3.1735876E-4
-2.8667646E-4
-1.8563266E-4
-1.6863146E-4
-1.8536414E-4
-5.454901E-5
-2.0643658E-4
-1.07247084E-4
-1.699214E-5
8.5587155E-5
-3.6391415E-5
-3.8830993E-5
9.370013E-5
1.563022E-4
1.3248697E-4
2.2961984E-4
2.3484173E-4
1.9862638E-4
1.7787634E-4
2.2185885E-4
2.44516E-4
2.4906656E-4
2.2971706E-4
3.2608956E-4
2.424212E-4
2.6590962E-4
2.2007231E-4
3.0635626E-4
3.297188E-4
3.840204E-4
2.6273393E-4
2.8867385E-4
2.6737835E-4
1.8415498E-4
2.5239587E-4
1.4783039E-4
9.2244605E-5
1.2741795E-4
2.3248579E-4
2.3435903E-4
1.677E-4
1.974859E-4
2.5579753E-5
1.3122078E-4
1.0873641E-4
1.2967647E-4
1.8330453E-6
1.8418184E-4
1.6997581E-5
5.7769787E-5
-1.9114725E-5
7.8206795E-5
-2.1718943E-5
1.3884544E-4
-5.1485745E-6
6.646273E-5
5.7654703E-5
6.784995E-5
-8.241179E-6
1.4639735E-4
1.9700596E-5
1.441358E-4
1.3103375E-4
2.3002924E-4
2.3944864E-5
2.7949563E-5
9.278823E-5
1.9855068E-4
3.0040977E-4
1.84935E-4
1.0845533E-4
2.8467094E-4
1.7100823E-4
2.446411E-4
1.7182354E-4
1.9854406E-4
3.080172E-4
3.071241E-4
2.743374E-4
2.6330468E-4
3.5497115E-4
1.8702414E-4
2.985967E-4
2.6170374E-4
3.4532364E-4
3.935786E-4
3.3917231E-4
3.7095736E-4
3.4071313E-4
3.7282184E-4
4.063376E-4
5.259157E-4
3.96543E-4
3.4942265E-4
3.2222786E-4
4.415457E-4
4.0841041E-4
4.664673E-4
4.5278453E-4
4.9850484E-4
5.141612E-4
5.700831E-4
3.6450333E-4
4.0229957E-4
4.3323223E-4
4.4403056E-4
4.8207893E-4
3.651607E-4
4.139402E-4
5.009039E-4
3.7124613E-4
4.353026E-4
2.9859375E-4
2.3704178E-4
3.0510194E-4
3.027045E-4
3.926173E-4
2.9473298E-4
3.0627215E-4
3.0287422E-4
1.18353295E-4
2.9757546E-4
2.524618E-4
1.9775899E-4
2.4345443E-4
7.1494156E-5
2.8586152E-5
1.3060645E-4
9.2300885E-5
2.8192264E-5
4.3356762E-5
9.3083865E-5
6.289065E-5
-1.02675285E-5
-2.133836E-4
-5.8570506E-5
-1.5141406E-4
-4.3635184E-5
-1.2970877E-4
-8.778106E-5
-2.6643678E-4
-1.12537215E-4
-1.5271298E-4
-7.2702394E-5
-1.369446E-4
-4.8710983E-5
-1.8600994E-4
-9.208295E-5
-2.7772435E-4
-1.3273684E-4
-2.4850527E-4
-1.53259E-4
-2.2643739E-4
-1.9966114E-4
-1.7747884E-4
-1.8763104E-4
-1.5265372E-4
-1.3673696E-4
-2.488917E-4
-5.5286844E-5
-2.0894085E-4
-2.6701458E-4
-2.815434E-4
-2.7116397E-4
-3.3213772E-4
-2.5047464E-4
-3.540007E-4
-3.1908113E-4
-2.7589695E-4
-3.9523287E-4
-3.4232505E-4
-2.4163337E-4
-3.2325886E-4
-3.9569288E-4
-2.2420072E-4
-2.0821302E-4
-2.961858E-4
-3.139557E-4
-5.6687597E-4
-2.5625824E-4
-2.9937917E-4
-1.1054828E-4
-3.6404442E-4
-2.954075E-4
-4.545044E-4
-3.6481928E-4
-3.570319E-4
-2.235475E-4
-3.611935E-4
-3.36728E-4
-3.821275E-4
-2.5287468E-4
-3.314491E-4
-2.454784E-4
-2.4578543E-4
-1.3417646E-4
-1.8030238E-4
-2.046257E-4
-2.9650572E-4
-1.381053E-4
-2.9256035E-4
-1.519143E-4
-1.882248E-4
-1.4599625E-4
-8.729784E-5
-3.0906835E-5
4.2867174E-5
-7.714606E-5
-9.41704E-5
1.7357066E-5
-2.9443305E-5
-5.8509355E-5
-7.268883E-5
2.1193639E-5
-8.3263025E-5
-1.66522E-6
-9.40371E-5
7.577548E-5
1.096679E-4
1.442388E-4
1.6367545E-5
3.5594727E-5
-9.740361E-5
1.447497E-4
-7.850026E-5
2.7096467E-4
-1.910024E-5
2.4687537E-4
1.3840917E-4
2.6120283E-4
6.5873144E-5
3.0030776E-4
2.182142E-4
3.0891795E-4
8.0955455E-5
2.897061E-4
1.3509417E-4
2.8853593E-4
2.4840745E-4
3.883734E-4
1.9484904E-4
4.2151226E-4
3.862732E-4
4.1210587E-4
2.9794627E-4
2.9010614E-4
4.0508294E-4
4.2946803E-4
2.4775366E-4
3.2446065E-4
2.497573E-4
2.7895404E-4
2.9981046E-4
3.7045E-4
2.9877113E-4
4.0376678E-4
3.8386087E-4
3.8648167E-4
2.908991E-4
2.9331067E-4
2.925956E-4
3.9125324E-4
2.663794E-4
4.9129996E-4
3.180144E-4
4.299701E-4
3.0507467E-4
4.6679995E-4
2.5500657E-4
3.9247316E-4
2.2149232E-4
3.1943704E-4
2.8846896E-4
3.10322E-4
2.4860553E-4
4.34855E-4
3.4598238E-4
4.426934E-4
2.5216537E-4
4.4038243E-4
2.3098869E-4
3.9159972E-4
2.1543964E-4
4.1681936E-4
3.161524E-4
3.7235263E-4
1.8927749E-4
2.539122E-4
2.4801097E-4
2.908775E-4
2.0754951E-4
3.2198508E-4
1.97287E-4
2.418918E-4
1.7028613E-4
2.7897852E-4
1.7518135E-4
1.2254152E-4
9.2405804E-5
7.670274E-5
1.6038373E-4
3.5547547E-4
2.2417946E-4
2.3798159E-4
2.0209291E-4
2.3484275E-4
9.725763E-5
3.105436E-4
4.5602546E-6
1.4513821E-4
-2.4072015E-5
1.5516233E-4
6.0371593E-5
2.1989552E-4
-6.1974024E-6
9.231336E-5
-5.1325496E-5
9.47036E-5
-7.483289E-5
1.2838769E-4
-1.4309178E-6
6.021113E-5
-5.04357E-5
6.310237E-5
-3.3882836E-5
-8.62722E-6
-2.5839906E-4
-3.9522318E-5
-1.8411403E-4
-9.011942E-5
-2.1494247E-4
-1.0040249E-4
-1.9190335E-4
-1.3923009E-4
-3.5266706E-4
-2.2326599E-4
-2.8386337E-4
-2.1904535E-4
-2.7652128E-4
-2.9621148E-4
-3.9322313E-4
-3.1618695E-4
-5.941386E-4
-3.591581E-4
-3.907155E-4
-4.1752384E-4
-4.60864E-4
-4.912253E-4
-5.5936974E-4
-3.4235977E-4
-6.337997E-4
-5.240444E-4
-6.0342794E-4
-5.2338914E-4
-6.0433225E-4
-4.7756932E-4
-8.0137735E-4
-7.002051E-4
-7.805518E-4
-6.856375E-4
-7.30375E-4
-7.1883836E-4
-7.3851604E-4
-7.2888477E-4
-8.0486975E-4
-6.292065E-4
-7.387652E-4
-5.5062777E-4
-6.7938457E-4
-5.7102717E-4
-6.0510135E-4
-4.4599542E-4
-5.2590726E-4
-4.5557274E-4
-5.952097E-4
-2.5043686E-4
-3.955826E-4
-2.690137E-4
-4.4460627E-4
-3.7137335E-4
-4.022223E-4
-3.0520925E-4
-3.344246E-4
-2.2571509E-4
-2.793172E-4
-2.3440826E-4
-2.6435967E-4
-9.157755E-5
-2.4157455E-4
-1.3927501E-4
-2.0007443E-4
-1.3692064E-4
-5.9108348E-5
-1.2619476E-4
-1.9174498E-4
-1.06117164E-4
-2.1445943E-4
5.8389443E-5
-1.7482201E-4
8.937748E-6
-1.6031554E-4
-5.2901145E-5
-1.9460422E-4
-2.9199522E-5
-1.4040386E-4
-1.9890338E-5
-1.7501229E-4
8.552373E-6
-1.031275E-4
1.0239179E-5
-6.520969E-5
5.861847E-5
-4.158937E-5
3.9131177E-5
-4.229891E-5
1.4728771E-5
-1.9738247E-4
-1.8756228E-4
-1.617544E-4
-1.976022E-4
-1.7601733E-4
-1.0430867E-5
-1.2379828E-4
5.9482525E-5
-7.516454E-5
-5.113025E-5
-7.701474E-5
-8.197742E-5
-1.4124041E-4
-4.989443E-6
-1.721971E-4
-5.1136234E-5
-1.8488958E-4
-2.1448335E-5
-1.2706546E-4
-1.8447701E-5
-8.944537E-5
-9.854442E-6
-1.5881675E-4
-1.52666E-4
-1.6910576E-4
-2.5369012E-5
-2.648199E-4
-7.243141E-5
-1.8265317E-4
-3.6371308E-5
-6.883028E-5
1.6991026E-4
-1.5743608E-5
9.389972E-5
-7.035965E-5
1.4066201E-4
4.270407E-5
2.662319E-4
1.8868523E-4
2.1033562E-4
9.549294E-5
2.674087E-4
1.7875034E-4
3.076104E-4
1.8033077E-4
3.174591E-4
2.5491105E-4
4.1455522E-4
3.197038E-4
3.8017315E-4
2.0952702E-4
3.947785E-4
2.7517008E-4
4.533695E-4
3.5154965E-4
3.6291347E-4
2.875082E-4
3.996085E-4
2.255767E-4
4.236894E-4
2.549673E-4
3.8812964E-4
1.8577279E-4
3.3014565E-4
2.078817E-4
3.4526267E-4
2.2981189E-4
4.1762908E-4
2.6166992E-4
3.5137165E-4
1.4078536E-4
2.6258978E-4
6.040073E-5
4.0929072E-4
2.098E-4
2.662395E-4
2.2370492E-4
3.9113345E-4
1.5357576E-4
2.3402515E-4
1.9164453E-4
3.419828E-4
2.5828456E-4
3.7446193E-4
2.6868493E-4
4.5338387E-4
2.2178727E-4
3.0030415E-4
2.0855498E-4
2.863561E-4
2.8340975E-4
2.1897344E-4
7.537997E-5
2.3080078E-4
1.0625131E-4
2.4324584E-4
5.8130558E-5
2.3553985E-4
5.492043E-6
9.4203315E-5
-3.090169E-5
5.8250414E-5
1.043144E-4
1.6028098E-4
-1.2085904E-4
5.9506503E-5
-1.0407376E-4
9.20167E-5
-2.0315003E-4
2.9684995E-6
-1.6518608E-4
-1.9186069E-5
-1.8625901E-4
-1.579627E-4
-2.770225E-4
-2.0230433E-4
-3.375148E-4
-8.6990636E-5
-2.969428E-4
-1.8217995E-4
-2.4905486E-4
-2.024857E-4
-2.728985E-4
-1.2890631E-4
-2.069751E-4
-2.0687257E-4
-3.2400648E-4
-2.6201122E-4
-2.1672822E-4
-2.5794437E-4
-2.157269E-4
-2.0196564E-4
-2.4920198E-4
-1.5338417E-4
-2.8732192E-4
-3.256042E-4
-2.9325913E-4
-2.9089078E-4
-3.9750442E-4
-3.4808603E-4
-3.779939E-4
-3.2929613E-4
-3.3832158E-4
-2.9062276E-4
-4.1829608E-4
-3.5854153E-4
-4.4669872E-4
-2.9735986E-4
-5.04431E-4
-3.7448393E-4
-5.107119E-4
-3.5613298E-4
-3.9849634E-4
-3.444967E-4
-4.3787024E-4
-3.9595598E-4
-4.8211528E-4
-3.8254462E-4
-4.8714108E-4
-3.642354E-4
-4.4522213E-4
-2.6620223E-4
-2.7709705E-4
-2.972219E-4
-3.110837E-4
-3.068205E-4
-3.5958667E-4
-2.6304292E-4
-3.221274E-4
-2.6077376E-4
-2.287428E-4
-1.7509062E-4
-1.6363304E-4
-1.6095044E-4
-1.112261E-4
-2.0646889E-4
-1.10141926E-4
-4.813121E-5
-1.3232118E-4
-9.841952E-5
7.445955E-5
2.8492315E-5
1.1456473E-6
3.976066E-6
-7.917247E-5
6.1144536E-5
5.8357175E-5
1.957137E-4
1.9057436E-4
1.2395222E-4
6.2563544E-5
1.4245402E-4
9.2664486E-5
1.1200163E-4
4.7323127E-5
2.759126E-4
1.1353919E-4
1.4539923E-4
7.141272E-5
1.6434064E-4
5.2875184E-5
1.9632194E-4
1.636212E-4
2.4143129E-4
8.27653E-5
1.2272933E-4
1.6398585E-4
1.5153726E-4
6.156344E-5
1.5355436E-4
1.0508917E-4
1.581029E-4
1.4322855E-4
1.8713772E-4
1.4221157E-4
2.0922854E-4
2.0649938E-4
1.5836816E-4
1.8740333E-4
2.4141633E-4
2.5126542E-4
2.3101667E-4
1.6892041E-4
2.1989045E-4
6.414475E-5
1.743961E-4
1.9661998E-4
2.4819284E-4
3.1586207E-4
1.7890752E-4
2.4315623E-4
2.4154653E-4
2.4769732E-4
3.3461774E-4
2.670205E-4
3.7142803E-4
2.1139848E-4
3.5863748E-4
2.698314E-4
2.8207357E-4
1.7405627E-4
2.4571773E-4
1.1813096E-4
3.053581E-4
3.174737E-5
2.3617035E-4
7.00354E-5
1.6561325E-4
4.1030547E-5
1.6367437E-4
3.95589E-5
1.3560147E-4
-3.901267E-5
7.3867726E-5
3.69441E-5
4.83604E-5
-1.1889618E-4
9.942492E-6
-2.1231658E-4
-1.0782888E-4
-7.391185E-5
-5.3851953E-5
-2.2823765E-4
-1.8963967E-4
-1.2874056E-4
-1.0711464E-4
-1.01046666E-4
-1.338212E-4
-1.799987E-4
-1.5493334E-4
-4.458477E-5
-1.0809903E-4
-1.1621584E-4
-9.131869E-5
-3.3568556E-4
-1.5113685E-4
-1.3926263E-4
-7.8892364E-5
-9.9299265E-5
-9.101131E-5
-1.4413445E-4
8.083677E-5
-1.3411237E-4
-8.149331E-5
-2.529424E-4
-3.6214864E-5
-1.3461272E-4
-5.0087845E-5
-2.3659706E-4
-2.9081406E-5
-2.2144098E-4
-1.2162523E-4
-2.1220275E-4
-1.3764515E-4
-3.1057777E-4
-1.778885E-5
-2.4919544E-4
-1.8183704E-4
-1.3016717E-4
-5.672715E-5
-3.075576E-4
-2.242495E-4
-2.6185415E-4
-1.11880836E-4
-2.85519E-4
-2.3506304E-4
-3.499101E-4
-3.104714E-4
-2.4958554E-4
-2.6404922E-4
-3.054493E-4
-2.6019724E-4
-4.696718E-4
-3.3059932E-4
-4.4713978E-4
-3.1986053E-4
-4.04425E-4
-2.5777094E-4
-4.0618295E-4
-3.527015E-4
-4.898995E-4
-3.315329E-4
-4.4524303E-4
-1.8210876E-4
-2.9089712E-4
-2.8076558E-4
-3.583114E-4
-2.4361226E-4
-2.8491006E-4
-2.0551932E-4
-2.9661175E-4
-1.07245985E-4
-2.7493262E-4
-7.325254E-5
-2.4563342E-4
-6.886072E-5
-2.459673E-4
-1.405797E-4
-1.8431051E-4
5.243713E-6
-1.7405323E-4
8.888703E-6
-9.7164186E-5
5.232473E-5
5.1153158E-5
1.8466444E-4
-7.637585E-5
7.031835E-5
-6.582085E-5
1.3382117E-4
-3.6022942E-5
1.7355646E-4
4.3797358E-5
7.764006E-5
1.138856E-5
1.6277288E-4
1.2870046E-4
2.8063357E-4
-2.6503676E-5
1.3637883E-4
-9.4840805E-5
9.6164724E-5
-6.7011824E-5
5.483052E-5
-1.1688586E-4
1.282129E-4
-3.006683E-5
1.5766504E-4
-2.0643953E-5
1.4199407E-4
-1.4576825E-6
1.2718467E-4
-2.5366913E-5
1.73843E-4
2.3168063E-6
2.0071107E-4
-6.2669437E-6
1.2280673E-4
-1.14948725E-5
3.2344626E-5
-3.14082E-5
2.0226734E-4
-9.0902155E-5
3.546762E-5
-9.6305615E-5
7.753436E-5
-2.3299912E-5
7.399371E-5
-1.0654338E-4
5.7836947E-5
-2.5365189E-6
8.717495E-6
-9.417716E-5
8.849688E-5
-1.2505297E-4
7.898323E-5
-7.624039E-5
1.1067402E-4
-7.975828E-5
1.3157568E-4
-1.1941033E-4
7.821704E-5
-5.470322E-6
9.112413E-5
-5.797462E-5
1.6350766E-4
-4.973061E-5
1.391928E-4
-5.5654247E-5
1.08606764E-4
-5.1619805E-5
1.1812676E-4
-8.322192E-5
1.0233976E-4
8.733672E-6
2.6333306E-4
5.2188636E-5
2.5472208E-4
6.5464104E-5
1.6649251E-4
-5.9111757E-5
1.9107583E-4
1.4393656E-4
2.5256208E-4
1.13072594E-4
2.2171471E-4
1.2151948E-4
1.1143056E-4
7.8441866E-5
1.9041673E-4
1.2125472E-4
1.8102783E-4
1.8992668E-4
2.9297042E-4
8.304043E-5
3.511729E-4
1.097857E-4
2.7902305E-4
1.1138589E-4
3.0143652E-4
1.8852849E-4
2.2462214E-4
1.1192788E-4
2.735395E-4
1.7730199E-4
3.3865732E-4
7.9747515E-5
3.748946E-4
8.8751374E-5
2.4583127E-4
5.5733806E-5
3.0791765E-4
2.0014308E-5
2.6491797E-4
-3.5095472E-5
2.7637635E-4
4.9305487E-7
2.9798184E-4
-5.75394E-5
2.5664092E-4
1.6454656E-5
1.5352193E-4
-6.0665276E-5
9.683622E-5
-9.464444E-5
1.0110786E-4
-1.3291002E-4
1.9198656E-4
-1.16986375E-4
5.999547E-5
-1.2874637E-4
9.213368E-5
-1.2752079E-4
2.09393E-6
-4.4533146E-5
5.5293094E-6
-7.5449454E-5
6.238631E-5
-8.1383194E-5
-1.9159745E-5
-1.13118374E-4
2.4196038E-6
-1.5586239E-4
9.85961E-5
-1.05230276E-4
2.4725685E-5
-1.3124078E-4
-2.7934038E-5
-1.3895397E-4
1.5655534E-5
-1.5215007E-4
-3.2356285E-5
-6.386629E-5
9.443368E-5
-2.3245618E-4
3.1453335E-5
-7.4022544E-5
8.9646404E-5
-1.7939055E-4
-4.4679855E-5
-1.4139083E-4
-6.69783E-5
-2.163376E-4
7.248175E-5
-1.3162185E-4
-1.2702623E-4
-2.318264E-4
-1.07258675E-4
-2.2901557E-4
-8.5072235E-5
-1.4353817E-4
-9.887111E-7
-1.8796095E-4
-1.7815197E-4
-1.5439988E-4
-1.2370682E-4
-1.836446E-4
3.6619716E-5
-2.0505213E-4
-7.314978E-5
-1.6381894E-4
-7.114376E-5
-1.185067E-4
-1.07599635E-5
-2.5530078E-4
-1.1306941E-4
-1.7404169E-4
-1.1870786E-4
-2.069563E-4
-1.5674466E-4
-1.8415612E-4
2.2916498E-5
-1.989667E-4
-6.8703807E-6
-1.5300339E-4
-1.1621925E-4
-1.8679873E-4
-4.6825386E-5
-1.07832406E-4
4.0227562E-5
-1.6780547E-4
5.4863307E-5
-1.2745312E-4
5.118574E-5
-1.6872048E-4
6.227233E-5
-2.0932223E-4
9.013517E-6
-5.0754155E-5
-4.5408775E-5
-4.8324757E-5
1.146359E-4
-4.0634927E-6
6.531962E-5
-5.0081406E-5
4.1625844E-5
-8.245097E-5
1.06903746E-4
2.9129258E-5
9.966249E-5
-8.184637E-5
-3.483804E-5
-4.0124065E-5
8.362779E-5
-8.3295236E-5
2.2670171E-4
-1.3102971E-4
1.8459685E-4
1.3192282E-5
7.4032345E-5
-8.625292E-5
1.7217382E-4
-7.4929693E-7
2.312271E-4
4.0965642E-7
1.5832692E-4
6.244574E-5
4.0543273E-5
-1.8127905E-5
1.602905E-4
-4.7904465E-5
2.3548822E-4
-3.1254874E-6
9.904146E-5
-5.9348804E-5
2.0338804E-4
-4.585526E-5
2.456224E-4
-4.910817E-5
2.1050946E-4
3.324151E-5
3.0243653E-4
8.012264E-6
1.7654913E-4
4.004389E-7
2.540242E-4
3.5176072E-5
1.9559638E-4
8.930776E-6
2.6116494E-4
1.1374019E-4
1.8905148E-4
1.5037961E-4
2.3560815E-4
-1.9991865E-5
1.839065E-4
2.0017958E-4
2.8536012E-4
2.022093E-4
1.5822683E-4
1.255927E-4
1.8857516E-4
5.596605E-5
1.982568E-4
-2.2630487E-5
1.5244153E-4
8.928322E-5
2.5131114E-4
-2.4607048E-6
4.0471565E-4
4.9814793E-5
2.16914E-4
-5.1511925E-5
3.8425013E-4
-1.8352175E-5
3.3157275E-4
1.6353327E-4
4.0590862E-4
4.1753803E-5
3.2992417E-4
1.358374E-4
2.7625827E-4
8.384365E-5
3.2175457E-4
1.14603914E-4
2.1383654E-4
3.8179598E-5
2.7110518E-4
1.07491614E-4
3.2472823E-4
5.989322E-5
1.10918176E-4
-1.284999E-4
1.7774424E-4
4.413454E-6
2.0012926E-4
-1.1708779E-4
1.2510335E-4
-5.1516537E-5
1.21107856E-4
-1.6498195E-4
-1.9253179E-5
-2.3588791E-4
3.5895173E-5
-2.2561675E-4
-1.940269E-5
-2.4287165E-4
1.3349433E-5
-2.8847673E-4
3.998982E-5
-2.7979375E-4
1.7160968E-5
-3.5217733E-4
-5.9737155E-5
-3.2242615E-4
-9.0349145E-5
-4.1073703E-4
-1.0330025E-4
-3.498319E-4
-2.0557987E-5
-3.8161958E-4
-5.6298355E-5
-3.4673925E-4
-1.106086E-4
-3.0434938E-4
-1.3046054E-4
-3.836115E-4
-1.1032117E-4
-3.4364776E-4
-1.3722702E-4
-3.5967643E-4
-1.2546113E-4
-2.7508792E-4
4.5817294E-5
-2.9310683E-4
-1.09056404E-4
-3.0143035E-4
2.3119723E-5
-2.7893126E-4
-6.6304456E-5
-2.8764844E-4
-2.8839062E-5
-3.3721642E-4
-5.076402E-6
-2.4404142E-4
-8.0307755E-6
-1.638035E-4
5.0597173E-5
-1.4637552E-4
2.7882665E-5
-2.4762723E-4
-4.9890292E-5
-2.998586E-4
1.5589685E-5
-2.9389883E-4
-4.677862E-5
-1.5331467E-4
-4.745259E-5
-2.6138415E-4
2.012558E-5
-2.140039E-4
2.1381518E-5
-2.4763338E-4
2.2646098E-5
-2.779563E-4
-7.319116E-5
-2.978351E-4
7.2458744E-5
-2.6208072E-4
3.818788E-5
-2.3638662E-4
-3.109415E-5
-3.2521773E-4
-5.8726935E-5
-2.2920452E-4
1.285014E-4
-1.2756794E-4
-9.206858E-5
-2.4900158E-4
-1.05088904E-4
-2.478198E-4
3.9163875E-5
-2.4404832E-4
2.728414E-6
-2.4978895E-4
-7.9250865E-5
-3.0503824E-4
-3.6870522E-5
-3.2915035E-4
-3.0154013E-6
-3.489719E-4
4.3438296E-5
-2.9663753E-4
5.8207656E-6
-1.2177801E-4
6.671664E-5
-2.1193166E-4
8.460634E-5
-1.7068486E-4
-3.252665E-5
-2.6437684E-4
1.7769109E-5
-1.0116923E-4
2.2518606E-4
-8.887191E-5
1.5038584E-4
-1.0468815E-4
1.6666873E-4
-1.2471163E-4
1.7921937E-4
-1.0922711E-4
2.751583E-4
-7.143348E-5
8.397573E-5
-6.949969E-5
1.9578943E-4
-2.7457698E-5
1.6373831E-4
-9.450257E-5
9.658205E-5
-5.625216E-5
1.726329E-4
-1.612033E-5
3.8383278E-5
-1.00927944E-4
1.6924673E-4
-8.200535E-5
9.981377E-5
-6.369525E-5
1.1587198E-4
-9.0770445E-5
1.874215E-4
-1.3654643E-4
1.1659898E-4
-1.9632152E-4
8.448244E-5
-1.9700038E-4
3.2076234E-5
-1.8544185E-4
1.4741394E-4
-1.7171414E-4
3.7106645E-5
-1.0479418E-4
9.89283E-7
-2.1270102E-4
6.438906E-5
-3.1079812E-4
9.00933E-5
-2.1371602E-4
1.5291093E-4
-2.4102443E-4
4.551492E-5
-1.20360244E-4
4.8993397E-6
-1.9096071E-4
1.4770168E-4
-2.2367113E-4
3.9092574E-5
-1.8206313E-4
1.0751545E-4
-1.4533431E-4
6.267376E-5
-1.6096784E-4
1.1702333E-4
-1.1083226E-4
9.8005636E-5
-2.691533E-4
4.284154E-5
-1.3924525E-4
-3.892963E-5
-9.4150615E-5
1.4746361E-4
-7.602892E-5
-1.10943565E-5
-1.9783288E-4
1.0779451E-4
-1.3879592E-4
4.8402933E-5
2.5150635E-5
1.6554657E-4
-1.9451727E-4
8.9351546E-5
-1.2309664E-4
1.8661095E-4
-8.4290885E-5
2.2607192E-4
-4.369628E-5
1.528505E-4
-3.5393587E-5
1.9773605E-4
1.0095438E-5
1.674623E-4
-6.3485604E-5
1.9637891E-4
3.6458987E-5
2.7198478E-4
-3.0854277E-5
2.635618E-4
-2.8101558E-5
2.8528195E-4
3.8182778E-5
3.1364794E-4
6.297679E-5
2.283731E-4
9.567104E-5
2.1456105E-4
-1.765353E-5
1.4712178E-4
2.6915144E-5
1.7954866E-4
-5.4821696E-5
1.4835589E-4
-8.334566E-5
3.135075E-4
-1.3536903E-4
1.075115E-4
-1.2482805E-4
6.828488E-5
-1.4208992E-4
1.4487874E-4
-2.2715695E-4
1.7462361E-4
-1.5627236E-4
1.0793005E-4
-1.6241206E-4
1.8293473E-4
-1.9763308E-4
1.0541377E-4
-2.2817557E-4
5.7724454E-5
-1.9940299E-4
1.0809724E-4
-2.224294E-4
3.6887693E-6
-3.1435562E-4
3.5143934E-5
-1.5042405E-4
6.637245E-5
-1.782202E-4
3.2064574E-5
-2.899773E-4
-9.989677E-6
-2.1281908E-4
2.886808E-5
-3.295318E-4
-4.679923E-5
-3.532471E-4
1.8112078E-5
-2.9676667E-4
8.332544E-6
-3.3631633E-4
-6.996805E-5
-3.6041503E-4
-3.487462E-5
-4.0339868E-4
1.8379798E-5
-2.833356E-4
-9.303457E-5
-3.2099496E-4
-1.8050437E-4
-3.4096566E-4
-2.9886605E-6
-2.865726E-4
1.1693431E-5
-2.9673238E-4
4.298503E-6
-3.9170551E-4
6.0795173E-5
-1.5611692E-4
1.2577567E-4
-2.3833697E-4
1.9593634E-4
-1.318745E-4
1.8058905E-4
-2.369139E-4
6.908753E-5
-3.0801818E-4
1.6866518E-4
-1.6688665E-4
1.3348968E-4
-1.0388666E-4
1.2858491E-4
-1.543307E-4
1.1166783E-4
-1.2708438E-4
2.7437188E-4
-7.994602E-5
2.3344005E-4
-4.5600136E-5
2.1144585E-4
-1.3057471E-5
2.6942854E-4
5.9802255E-6
2.0060538E-4
1.9851674E-5
1.7854557E-4
3.4973316E-5
2.524347E-4
-3.8084265E-5
3.01263E-4
5.0879942E-5
3.200875E-4
-6.0115155E-5
2.2084465E-4
2.0205205E-5
2.4775162E-4
1.2712261E-5
3.4227833E-4
3.870138E-5
4.0650513E-4
1.1304428E-4
4.8580192E-4
7.651212E-5
4.339037E-4
2.0208658E-5
3.9216812E-4
1.3238014E-4
5.190642E-4
7.6399985E-5
4.782442E-4
1.4440343E-4
4.3728182E-4
1.263103E-4
4.4725134E-4
-3.5148216E-6
3.2786553E-4
1.2873589E-4
3.629516E-4
7.775808E-5
3.97257E-4
3.0282243E-5
3.6007387E-4
2.2298267E-5
2.8436715E-4
1.5785898E-5
2.8215427E-4
1.1056788E-4
3.0742536E-4
7.044738E-5
2.2875867E-4
-1.711123E-5
3.3692518E-4
7.7059485E-5
2.2273538E-4
-1.2886907E-4
1.0146964E-4
-2.3137852E-4
2.003232E-4
-1.2259017E-4
3.1007733E-4
-1.507569E-4
7.95963E-5
-2.7660467E-4
1.5831362E-4
-3.836182E-4
7.961425E-5
-3.3484324E-4
-7.257776E-5
-4.1851716E-4
-1.2785765E-4
-3.4208916E-4
-6.2029285E-5
-4.0416178E-4
-5.203106E-5
-4.4320757E-4
-1.7398176E-7
-3.6579213E-4
-1.14859526E-4
-4.004508E-4
-1.2634447E-4
-4.187703E-4
-8.612989E-5
-3.3492883E-4
-4.9244438E-5
-3.2579154E-4
-1.0725804E-4
-3.841935E-4
-9.108495E-5
-4.192299E-4
-1.6919308E-5
-3.2339405E-4
-1.156879E-4
-3.635062E-4
-6.297823E-5
-2.8572514E-4
-1.5830645E-5
-2.8423304E-4
6.951889E-5
-2.7741032E-4
2.9991153E-5
-2.6718827E-4
7.636522E-5
-2.3605302E-4
6.0710026E-5
-2.4123763E-4
6.6453984E-5
-2.5149802E-4
8.206524E-5
-2.6723347E-4
1.0044967E-4
-2.0843584E-4
2.4819467E-4
-2.4195667E-4
1.237617E-4
-2.0976982E-4
1.4810642E-4
-1.6984936E-4
7.97212E-5
-2.7549203E-4
2.0941027E-4
-1.50189E-4
2.448696E-4
-2.3851208E-4
3.0008628E-4
-1.6474382E-4
1.389689E-4
-5.3928034E-5
1.5843184E-4
-1.2503963E-4
1.5464274E-4
-4.7972437E-5
2.55862E-4
-3.5235276E-5
2.8477152E-4
-8.2380706E-5
1.9760056E-4
-1.2088887E-4
3.1144396E-4
4.2270112E-5
2.4218793E-4
-7.5051175E-5
2.5434635E-4
-1.3698505E-5
2.930999E-4
-7.45882E-5
1.9405209E-4
-1.0110918E-4
2.1882354E-4
-9.972744E-5
3.0436626E-4
-1.798297E-4
2.2294205E-4
-8.157152E-5
2.7082805E-4
-1.9260682E-4
2.1684091E-4
-1.6519545E-4
1.8068095E-4
-1.15738854E-4
1.9179744E-4
-1.0063752E-4
2.9599774E-4
-1.1608431E-4
1.1788892E-4
-1.7648503E-4
2.1684817E-4
-1.5639995E-4
1.6075512E-4
-1.8661104E-4
2.656827E-4
-2.1286921E-4
1.405706E-4
-2.4175018E-4
7.512708E-6
-1.892177E-4
1.791293E-4
-3.2224748E-4
5.9193357E-5
-2.9731568E-4
6.428222E-5
-3.297474E-4
-1.4339283E-5
-3.6702128E-4
1.1007426E-4
-2.9660988E-4
6.910594E-5
-3.0410802E-4
2.2504026E-5
-2.9768544E-4
1.0977226E-4
-3.2877407E-4
2.7429165E-5
-3.392129E-4
1.3602704E-4
-2.4703346E-4
1.1733195E-4
-2.3730437E-4
2.5466672E-4
-2.8404218E-4
1.1957385E-4
-2.3113728E-4
2.3750018E-4
-1.5533243E-4
2.293762E-4
-1.1706693E-4
3.0748275E-4
-7.4165386E-5
3.2670939E-4
-1.8559398E-4
2.9076845E-4
-1.1614793E-4
3.5120177E-4
-6.010491E-5
4.2309423E-4
-3.0186793E-5
4.6731846E-4
1.1591456E-4
5.038927E-4
3.5553207E-5
5.390311E-4
4.3672837E-5
5.923145E-4
1.1442179E-4
4.8775677E-4
1.3039957E-4
4.7312147E-4
9.670411E-5
6.4451125E-4
9.468099E-5
5.3109607E-4
8.1414495E-5
5.5031106E-4
5.965441E-5
5.624215E-4
6.661877E-5
5.012034E-4
1.13073234E-4
5.332047E-4
1.9445385E-4
4.6935136E-4
-3.3456927E-5
4.5274667E-4
4.9899005E-5
5.0277595E-4
7.0713875E-5
4.7941715E-4
-1.6286719E-4
4.1963864E-4
-1.15912684E-4
2.5333432E-4
-2.560133E-4
3.1065143E-4
-2.856354E-4
2.5543815E-4
-1.9858115E-4
1.9302954E-4
-2.442369E-4
1.8742688E-4
-3.3370077E-4
2.5540058E-4
-2.8216562E-4
2.6632485E-4
-3.5905404E-4
1.7514592E-4
-3.332812E-4
1.6146278E-5
-3.6193038E-4
-8.340341E-6
-4.6240436E-4
8.7243956E-5
-4.2898013E-4
6.0964943E-5
-5.274334E-4
5.667976E-7
-3.781749E-4
4.922033E-5
-4.8124953E-4
1.4451225E-5
-4.3134522E-4
1.4502936E-6
-4.8647934E-4
1.65114E-4
-4.377933E-4
4.5659817E-5
-5.4905214E-4
6.4246386E-5
-4.4511564E-4
2.6083275E-4
-4.790344E-4
3.4418645E-5
-4.5042927E-4
9.051133E-5
-4.3746104E-4
1.0360903E-4
-4.5504E-4
7.6370954E-5
-5.00883E-4
1.6960269E-4
-4.3378034E-4
6.7663655E-5
-4.1289555E-4
3.9346367E-5
-2.8350175E-4
1.8502338E-4
-3.14202E-4
1.2003386E-4
-3.604514E-4
2.1400624E-4
-2.9804488E-4
1.5801468E-4
-3.5726672E-4
2.4560408E-4
-3.5722504E-4
1.7204073E-4
-4.1690603E-4
2.576411E-4
-4.080679E-4
2.650017E-4
-4.1708077E-4
2.943106E-4
-2.7248627E-4
2.4198476E-4
-3.7959736E-4
2.9227656E-4
-3.530189E-4
2.6611102E-4
-3.6357768E-4
2.2658746E-4
-4.0398102E-4
3.4138517E-4
-2.6114006E-4
2.8389375E-4
-3.4226067E-4
3.6999123E-4
-3.851486E-4
1.4841338E-4
-3.7894637E-4
3.104958E-4
-3.5685688E-4
1.7486345E-4
-4.226214E-4
2.510065E-4
-4.081732E-4
2.1750448E-4
-3.9889198E-4
8.5501524E-5
-5.5874564E-4
9.507742E-5
-4.6338732E-4
1.284081E-4
-5.23263E-4
4.195218E-5
-5.8021536E-4
1.2035616E-4
-5.656782E-4
1.7204336E-4
-5.7334057E-4
3.7586793E-5
-5.333511E-4
-1.4743471E-5
-5.8614824E-4
1.308117E-4
-6.956677E-4
6.304033E-5
-6.0690794E-4
1.2284427E-4
-6.3813763E-4
1.3390991E-4
-6.2193564E-4
8.018102E-5
-4.7900795E-4
1.367581E-4
-5.891839E-4
1.9914996E-4
-5.5493513E-4
1.9964884E-4
-6.4454315E-4
2.324994E-4
-4.7778105E-4
1.4556717E-4
-4.2218922E-4
1.9784961E-4
-5.185765E-4
1.7579648E-4
-4.416239E-4
2.4732924E-4
-4.160984E-4
3.2303427E-4
-3.9193014E-4
3.4731146E-4
-3.2441827E-4
3.464477E-4
-3.4078106E-4
3.2370933E-4
-2.5209785E-4
4.393292E-4
-1.3370116E-4
5.47515E-4
-1.3775461E-4
6.4202957E-4
-9.410512E-5
5.8445707E-4
-4.079106E-5
6.868024E-4
-5.7898913E-5
6.477157E-4
-5.150111E-5
7.6170376E-4
2.1990398E-5
7.590913E-4
-7.944627E-5
7.2335615E-4
1.895026E-5
8.118787E-4
4.785665E-5
8.5165974E-4
3.282498E-5
8.266214E-4
-3.1821135E-5
7.758623E-4
-2.3203365E-5
8.3849975E-4
1.16360454E-4
8.010552E-4
2.952505E-5
7.432253E-4
-2.0845004E-5
6.722652E-4
-2.8035607E-5
7.323525E-4
-1.4017418E-4
6.4762356E-4
-1.3138479E-4
6.246162E-4
-1.6308644E-4
5.433961E-4
-2.2332837E-4
5.588491E-4
-3.133787E-4
5.705868E-4
-3.1840263E-4
5.73332E-4
-2.817581E-4
5.3147774E-4
-3.6730868E-4
4.977729E-4
-3.5721148E-4
5.298825E-4
-3.3914452E-4
3.813015E-4
-4.82915E-4
4.6102735E-4
-4.1793022E-4
4.65689E-4
-4.7128642E-4
3.678207E-4
-5.7357526E-4
3.6758083E-4
-5.090142E-4
3.0017956E-4
-5.462775E-4
3.6050918E-4
-5.5690185E-4
2.9753792E-4
-5.6077034E-4
4.05103E-4
-5.1922223E-4
4.6628845E-4
-5.5950397E-4
2.7530207E-4
-6.251702E-4
2.5323304E-4
-6.556995E-4
3.0605262E-4
-5.7760236E-4
3.7347974E-4
-5.8878877E-4
2.992036E-4
-6.6689536E-4
3.3323647E-4
-6.16837E-4
3.6712908E-4
-5.5533176E-4
4.1969182E-4
-6.1735354E-4
4.1480304E-4
-6.962952E-4
3.7419284E-4
-6.476367E-4
4.0279346E-4
-5.81861E-4
4.2949457E-4
-6.4638344E-4
4.8629617E-4
-5.9789093E-4
4.1171428E-4
-6.307865E-4
4.909933E-4
-5.367246E-4
5.029532E-4
-6.431047E-4
4.561156E-4
-5.992862E-4
6.564029E-4
-7.948794E-4
5.675804E-4
-7.890705E-4
8.9094404E-4
-9.44176E-4
9.0569985E-4
-0.0011128812
8.025154E-4
-7.48619E-4
1.4585796E-4
6.6925475E-4
-5.198887E-4
-8.4547227E-4
6.137101E-4
-2.0621181E-4
2.7382624E-4
-1.7195642E-4
3.709839E-4
-4.4734508E-4
6.5670995E-4
-7.470698E-4
0.0013368833
-0.0014887205
0.0011404112
-1.5152551E-4
6.1968085E-4
-7.701431E-4
8.5416675E-4
-6.680216E-4
6.905139E-4
-6.721508E-4
6.279108E-4
-7.575149E-4
6.726764E-4
-7.582132E-4
5.7019555E-4
-8.6008495E-4
4.581386E-4
-8.260248E-4
6.462359E-4
-8.390041E-4
6.0825166E-4
-7.429982E-4
8.115662E-4
-9.086056E-4
6.1152916E-4
-7.3190976E-4
7.675048E-4
-7.993593E-4
7.807027E-4
-8.337436E-4
7.5200223E-4
-7.422218E-4
7.6073507E-4
-7.913512E-4
7.568925E-4
-9.729478E-4
7.008267E-4
-9.3595625E-4
7.915003E-4
-8.9769653E-4
7.438285E-4
-8.573949E-4
7.8434794E-4
-9.978393E-4
7.7450654E-4
-9.643982E-4
8.7101635E-4
-9.498402E-4
8.862285E-4
-9.061782E-4
8.5671945E-4
-0.0010496415
8.9346926E-4
-0.0010918928
0.0010414612
-8.5556676E-4
0.0010075986
-9.914582E-4
0.0010854383
-0.0010829928
0.0010664223
-0.0010751768
0.0011372234
-9.267613E-4
0.0011938283
-0.0010710001
0.0010612552
-0.0012167147
0.0011509885
-0.0012120468
0.0012344276
-0.0010211117
0.0013660036
-0.0010114182
0.0012629183
-0.0011902635
0.0012343951
-0.0012301158
0.0013196494
-0.0010595811
0.0015329293
-0.0010399206
0.0014511697
-0.0012742874
0.0015260336
-0.0013050545
0.0015975082
-0.0011655412
0.0015843121
-0.0012915336
0.0017678281
-0.0013793011
0.0017869938
-0.0013560624
0.0019951987
-0.0013102719
0.002123202
-0.0014030556
0.0022440841
-0.0015674019
0.0021697215
-0.0016243814
0.0023549504
-0.0017045966
0.0023311118
-0.0018992734
0.0022078857
-0.0019610375
0.0022625295
-0.001885112
0.0020321333
-0.0016762837
0.0014948344
-0.0013938734
7.686868E-4
-4.2704848E-4
-2.5428354E-4
0.0011098217
-0.0017470238
0.002802059
-0.0037342948
0.0048914733
-0.0060809827
0.007316175
-0.008124433
0.009914732
-0.010211024
0.01141926
-0.011626963
0.011696761
-0.011165305
0.00991081
-0.007822887
0.00535161
0.003069489
-0.026881339
0.08341502
-0.15525708
0.256524
-0.27541494
0.33086398
-0.31630045
-0.4947938
0.88031256
0.5027117
-0.5905527
-1.0
-0.48554757
-0.16761653
0.4678441
0.6429353
0.6845531
0.35453886
0.15968518
-0.02797994
-0.06877638
0.020680446
0.22804181
0.2555488
0.027613008
0.20738964
-0.26367754
0.067487165
-0.45229286
-0.6551891
0.5611637
0.2725222
-0.6149047
-0.7554188
-0.5354674
-0.30959454
0.10911401
0.28229702
0.26817453
0.044730462
-0.026911851
-0.018247787
-0.05671088
-0.027815228
0.09793392
0.17753403
0.13456486
0.06489579
-0.05461407
-0.17542161
-0.11102749
-0.019317878
-0.06492803
-0.10957234
-0.05328058
-0.015405887
-0.06899246
-0.124694064
-0.086333305
-0.01139558
-0.024680445
-0.080390126
-0.05662924
-0.06383286
-0.08006193
-0.073803045
-0.028776592
0.046648476
0.0684101
0.038893152
0.014412567
0.022547496
0.061948664
0.093274154
0.10425428
0.09231944
0.07861038
0.060557805
0.076251864
0.084334314
0.13422933
0.14524361
0.12663409
0.08408858
0.06413294
0.042506695
0.023520436
0.033964712
0.062088374
0.08416775
0.09691697
0.07457932
0.025022985
0.0047709136
0.0100581795
0.022593109
0.048110202
0.06822822
0.055218402
0.05094997
0.048415314
0.044015247
0.0629046
0.05019517
0.046386518
0.050954044
0.05633059
0.04811618
0.04084729
0.021553924
0.017891709
0.022870991
0.040813077
0.037264366
0.022674995
0.011793768
0.0040798946
-0.0018913689
-0.0036219067
-0.0040039667
0.0028459956
0.0151104
0.022664826
0.011880842
0.008941911
0.012324073
0.012081423
0.00282569
0.0029535282
0.008247666
0.01613147
0.0207427
0.023962379
0.016034052
0.0028129318
-0.009526064
-0.0149655305
-0.024204597
-0.015888019
-0.0055818823
-5.144743E-4
-0.016136229
-0.021131651
-0.02601237
-0.031277385
-0.035259113
-0.039218344
-0.028738946
-0.017603042
-0.015336412
-0.02405272
-0.02810603
-0.023042785
-0.030371372
-0.030667104
-0.029127806
-0.027958995
-0.03158841
-0.029049216
-0.033688087
-0.036755133
-0.04596264
-0.046769995
-0.04823869
-0.038807724
-0.041313514
-0.040717166
-0.046559907
-0.047625862
-0.049899686
-0.046823077
-0.044092204
-0.042469222
-0.032496583
-0.028802428
-0.0382005
-0.042735327
-0.03991813
-0.02966591
-0.028649243
-0.033732306
-0.03410967
-0.03575594
-0.035699382
-0.03144083
-0.031644516
-0.026959632
-0.025722653
-0.025493154
-0.029024184
-0.025054552
-0.022662511
-0.019913465
-0.01836167
-0.016004452
-0.016529273
-0.012092622
-0.009705475
-0.0077548446
-0.0087570185
-0.0074821743
-0.008287025
-0.008152273
-0.008916995
-0.009057312
-0.009480905
-0.00834835
-0.008294259
-0.0072175856
-0.0066211615
-0.0055933185
-0.0055455836
-0.005342112
-0.0056406683
-0.005163378
-0.0049866377
-0.004204326
-0.003923253
-0.0032846818
-0.0030478458
-0.0024328944
-0.002225284
-0.0016535358
-0.0013820974
-9.6968614E-4
-8.1347604E-4
-5.0439E-4
-4.4944312E-4
-2.8166219E-4
-2.1170346E-4
-1.3589393E-4
-8.978811E-5
-3.4814966E-5
-9.185357E-6
-0.0
