* Impulse Response data saved by REW V5.20 Beta 12
* IR is normalised
* IR window has been applied
* IR is not the min phase version
* Source: Microfone (E-MU 0404 | USB), no input selected, Left channel, volume: no control
* Dated: 29/06/2017 15:39:58
* Measurement: jun 29 15:39:58
* Excitation:  128k Log Swept Sine, 1 sweep at -14,0 dBFS  Using a loopback as a timing reference
* Response measured over: 1,8 to 20.000,2 Hz
0.01455013733357191 // Peak value before normalisation
5996 // Peak index
6207 // Response length
2.0833333333333333E-5 // Sample interval (seconds)
-0.125 // Start time (seconds)
* Data start
0.0
2.352974E-11
3.9493464E-10
5.020906E-10
4.1633426E-9
4.931053E-9
3.969845E-9
2.899443E-9
1.1296312E-8
2.3407754E-9
7.4967605E-9
2.5234058E-8
1.2664671E-8
1.0191707E-8
2.659526E-8
3.9340215E-8
7.3381024E-8
2.5698537E-8
3.457917E-8
1.3374999E-8
8.271061E-8
6.229485E-8
6.079809E-8
5.2215285E-8
5.8843042E-8
9.930473E-8
1.2816817E-7
1.658298E-7
1.4925696E-7
2.0419874E-7
6.032951E-8
7.7290395E-8
1.2570706E-7
8.251923E-8
-1.2184999E-8
-1.6219349E-7
-1.0689668E-7
1.253413E-7
-1.4003406E-7
9.648295E-8
6.2291925E-8
-3.1168395E-7
5.8580206E-8
-1.7533313E-7
-6.242401E-8
-1.3098315E-7
-1.9993331E-8
8.313998E-10
1.0432933E-7
-1.1311228E-8
2.5032486E-7
1.9963446E-7
1.8907886E-7
-3.169531E-8
1.43244625E-8
-2.0984719E-7
6.471146E-8
1.6448895E-7
3.4026888E-7
-6.7285846E-8
2.8368146E-7
-3.823318E-7
-2.9938903E-7
-7.2229676E-7
-7.912391E-7
-6.3386375E-7
-4.476653E-7
-4.5099293E-7
-1.4465733E-7
-5.9512196E-8
-4.8835483E-7
2.364843E-8
-5.858683E-7
7.31055E-8
7.112136E-7
3.2571E-7
-2.5981512E-7
6.51138E-7
3.918467E-7
4.5392547E-8
-4.4928413E-7
-3.4956298E-7
6.958813E-7
8.005641E-9
-5.287849E-7
-1.093597E-6
1.7035136E-7
1.760711E-7
-2.3502737E-7
-7.853107E-7
-7.888644E-7
-1.3030193E-6
-6.459253E-7
-1.292423E-6
-8.616621E-7
-1.8848184E-6
-1.4340777E-6
-1.6870516E-6
-9.2976137E-7
-1.8018281E-6
-2.340476E-7
-7.9008214E-7
-1.1008317E-7
4.4623658E-7
4.540088E-7
2.0354194E-7
2.0274827E-6
2.1425737E-6
1.0940984E-6
1.1507288E-6
-3.4966234E-7
1.2852714E-6
1.6766637E-6
2.9164903E-6
9.922068E-7
1.1070161E-6
1.9273648E-6
9.490354E-8
1.0851678E-6
4.9259317E-8
-9.266562E-8
-1.0546071E-6
-8.638626E-7
-2.692374E-6
-1.7223214E-6
-3.416884E-6
-1.1220941E-6
1.7695857E-6
-1.1365429E-6
3.9255806E-7
-6.899245E-7
-2.277268E-6
2.3081654E-6
-3.9356541E-7
1.0354365E-6
6.150344E-7
1.7235874E-6
6.1489476E-7
3.2603998E-6
9.871368E-7
1.7520894E-6
3.1039207E-7
-5.0024113E-7
1.5299302E-6
4.050521E-6
4.0489895E-6
1.3262288E-6
-3.5536254E-7
-4.4350577E-7
-4.5558403E-7
-1.2821296E-6
-1.2102432E-6
-5.489317E-7
2.0000548E-6
1.0480693E-7
3.2964914E-7
3.2273872E-6
2.0143657E-6
1.0101146E-6
3.808994E-6
1.8202282E-6
5.3885037E-6
-1.1322406E-6
-1.0837355E-6
6.243319E-6
4.714396E-6
5.6213244E-6
2.6145674E-6
4.7800967E-7
3.8044877E-6
4.6676846E-6
-6.795133E-7
6.4063975E-6
-5.683558E-7
3.884434E-6
-8.1720955E-8
5.910201E-6
2.5963295E-6
5.0401964E-6
5.722959E-7
2.4641342E-6
-2.196925E-6
1.0660159E-9
3.8572452E-7
4.0745613E-6
3.597051E-6
6.317819E-6
4.3438504E-6
1.3870449E-6
7.550052E-6
8.925735E-6
4.7421186E-6
5.302004E-6
4.625662E-6
1.14160275E-5
6.8797253E-6
9.031662E-6
6.8421027E-6
7.06991E-6
7.155743E-6
8.170121E-6
6.5583067E-6
7.0281867E-6
9.974643E-6
9.964131E-6
6.5929116E-6
4.3172718E-6
4.192217E-6
5.92611E-6
1.6061252E-6
3.999841E-6
8.01761E-7
1.1904068E-6
4.0819677E-6
4.818847E-6
1.6385424E-6
3.334638E-6
7.200545E-7
4.299843E-6
4.1080425E-6
5.3037784E-6
1.7734067E-6
5.6241315E-6
-1.2164222E-6
3.9880124E-6
-1.085489E-6
4.36987E-6
-2.1717632E-7
1.9078204E-6
-3.3793015E-7
3.2536657E-6
-4.045404E-6
6.5708605E-6
2.2604015E-6
4.3416726E-6
1.1195256E-6
-5.749083E-6
2.578271E-6
2.4739322E-6
-1.3887532E-6
6.218368E-6
1.0799843E-6
4.7080116E-6
8.571023E-7
7.0929436E-6
4.4155627E-6
1.2430323E-7
6.0110883E-6
4.7250305E-6
3.6599567E-7
7.69594E-6
1.642136E-6
5.948409E-6
-2.8583343E-6
-3.463869E-6
-7.3061847E-6
-1.1808845E-5
-4.2592483E-6
-8.6422815E-6
-5.3573067E-6
4.4813733E-6
-6.95179E-6
-3.0536003E-6
-3.7986158E-6
-2.316915E-6
-3.0476976E-6
6.8294107E-6
-6.45609E-7
5.507784E-6
-5.993648E-6
6.413685E-6
1.9298152E-6
1.1301711E-5
8.837881E-6
1.2121456E-5
8.310285E-6
1.3559856E-5
9.851465E-6
1.10194715E-5
3.8544613E-6
1.0622228E-5
1.0722549E-5
1.2215354E-6
7.250996E-7
1.03159355E-5
-1.4894747E-6
3.5578096E-6
5.9148024E-6
2.1720225E-6
2.7407063E-6
-4.478669E-6
2.590556E-6
1.2982813E-6
8.6548727E-7
3.3668482E-6
-3.7885097E-6
7.942354E-7
6.7950978E-6
-1.7057907E-6
3.893868E-6
1.3408291E-5
8.703819E-6
6.690658E-6
-1.2948586E-6
-1.9474805E-7
1.1953058E-5
8.283552E-6
1.0016894E-5
1.5204259E-5
9.9578565E-6
1.6885278E-5
1.1704669E-5
1.4849627E-5
-2.8415075E-6
1.6403943E-8
1.1591928E-5
1.5207785E-5
6.549897E-6
-8.646588E-6
3.7287173E-6
-8.014894E-6
1.0710495E-5
-1.7313725E-5
2.68303E-6
-9.1229795E-6
6.423337E-6
-6.9181186E-7
-2.785204E-6
8.7691E-8
6.033685E-6
-1.2538133E-5
2.0212385E-5
-8.848857E-6
4.5486395E-6
-7.805107E-6
-2.4741548E-6
-7.1740146E-6
1.0281623E-5
-1.1185884E-5
-3.3093745E-6
-1.8119844E-6
1.6439456E-6
-5.0661356E-6
-5.2477085E-6
-3.8874605E-6
-9.936001E-6
-1.1930828E-5
-6.353948E-6
-5.2855435E-6
-1.2176276E-5
-2.23847E-5
-8.079472E-6
-2.9064413E-5
-2.7824478E-6
4.2215247E-6
5.406311E-6
-1.6465085E-5
-1.5914762E-5
-1.4073224E-5
-1.381988E-5
4.0544393E-7
-3.046935E-6
4.202531E-6
1.1314431E-5
1.3101527E-5
1.2676193E-5
3.7338496E-6
7.785715E-6
-4.661032E-6
1.8202683E-5
5.7011084E-6
3.0728155E-5
-2.5654956E-6
4.603585E-6
-1.8198198E-5
3.9437564E-5
4.342672E-6
9.843168E-6
-7.5212706E-6
1.6962602E-5
-6.85071E-6
1.4644242E-5
8.531682E-6
2.5921732E-5
2.0037383E-5
2.5948355E-5
1.5762524E-5
3.7723225E-5
1.6374139E-5
3.852317E-5
2.674664E-5
4.2425734E-5
2.484346E-5
2.7071803E-5
2.0727699E-5
2.3382103E-5
2.7286866E-5
4.0967214E-5
2.3104556E-5
1.3244661E-5
-8.8785475E-7
1.7554075E-5
5.656639E-6
1.5196784E-5
2.4048146E-5
8.261034E-6
6.601192E-6
6.735803E-6
-2.1771993E-6
3.4523073E-5
9.078509E-6
2.1534363E-5
8.1014305E-6
7.5734747E-6
-1.3538427E-6
1.1992154E-5
1.8112496E-5
2.463422E-5
1.8090606E-5
1.975912E-5
6.707834E-6
3.4439294E-5
2.8266059E-5
4.4007735E-5
1.3613877E-5
3.9470415E-5
4.8131562E-5
4.7848855E-5
3.1872787E-5
2.8602522E-5
5.7140767E-7
3.176681E-5
1.4067256E-5
2.3918516E-5
2.1998374E-5
8.5613365E-6
2.447993E-6
-9.418583E-7
1.6086999E-5
-1.10946E-5
3.4950725E-5
6.7720043E-6
5.3858284E-6
1.6579148E-5
1.9329626E-5
-1.5784575E-5
-6.4494616E-6
1.4239872E-5
-1.138641E-5
-6.1550086E-6
-5.0439467E-6
3.7155578E-6
-7.4871805E-6
-4.040809E-6
3.860829E-6
5.2737228E-6
1.2891977E-5
1.396205E-6
-1.9156636E-5
3.0350984E-6
-1.7314593E-5
4.0546565E-6
-3.7514928E-6
2.3815293E-5
9.8174705E-6
6.428867E-7
2.587385E-6
3.7004418E-5
5.488062E-8
8.9408295E-6
-2.2488384E-6
1.623013E-5
1.2807816E-5
1.3089675E-5
-7.262184E-8
-9.179233E-7
2.5713016E-5
2.3031238E-5
-7.3812666E-6
-1.577319E-5
9.381444E-6
6.578606E-6
1.3579288E-5
1.5049018E-5
-2.8551085E-7
-2.4468969E-5
-3.832171E-6
4.3202417E-6
8.566894E-6
1.0399102E-5
-1.1930043E-5
1.2005578E-5
-1.2558598E-5
5.8099113E-6
4.1723168E-5
1.9344632E-5
-1.3893847E-7
2.5577963E-5
2.1344911E-5
3.10956E-5
1.2980803E-5
4.1347022E-5
1.8632623E-5
4.8303114E-5
8.080806E-6
2.905291E-5
7.866131E-6
1.1693863E-5
-1.3072748E-5
8.280127E-6
-1.6666347E-5
2.0005044E-5
-8.029386E-6
-1.4242076E-5
-2.6340656E-5
2.2464676E-5
-3.4590954E-5
1.2293879E-5
-4.3281452E-5
-3.3277163E-5
2.8260326E-6
-1.1374351E-5
3.167268E-7
-5.8761807E-6
1.286209E-5
9.684145E-6
3.975084E-6
1.7744656E-5
-2.985653E-6
2.570868E-5
-1.1904906E-5
9.31137E-6
1.5442522E-5
2.2515964E-5
-4.573928E-7
1.4170755E-5
-1.3032599E-6
6.165843E-6
-1.8354402E-5
1.3398799E-5
7.383406E-6
1.8627972E-5
2.2596381E-5
1.2468024E-5
-7.2918765E-6
1.08738295E-5
-1.949012E-5
2.6743552E-5
3.3431766E-6
3.176074E-5
-2.0879414E-5
-1.8369054E-5
2.4934104E-6
3.0156829E-5
2.4275669E-5
2.2552655E-5
3.7947397E-5
2.1426693E-5
2.6737136E-5
-2.244044E-5
2.9294159E-5
1.7151022E-5
1.92824E-5
-1.3862605E-5
3.577081E-5
3.2407152E-6
6.793028E-6
-4.555211E-5
-1.445132E-6
-3.4520384E-5
1.980139E-6
-1.4820556E-5
-1.8580107E-6
-5.349979E-6
2.0690195E-5
1.4176919E-5
-5.0418926E-6
-1.1310528E-5
2.6296948E-5
1.9438461E-5
-5.8056385E-6
9.739505E-6
1.8353696E-5
-8.428409E-7
2.6898586E-5
1.955086E-5
1.4008128E-5
2.2199807E-5
1.2028604E-5
4.181007E-5
3.958119E-5
4.0565315E-5
2.5763757E-5
3.4612003E-5
-2.435757E-6
6.826408E-6
-2.0379583E-5
7.046734E-8
5.4373054E-6
2.0689424E-5
4.2597803E-5
2.9348455E-5
-1.4959643E-5
-2.4890081E-5
-1.2216008E-6
5.3785975E-6
3.9890697E-6
1.63358E-5
5.8643705E-6
-2.8436518E-6
1.6180622E-5
-2.9932362E-5
5.0226404E-6
-1.2587187E-5
1.6153783E-5
2.0925869E-5
2.8800998E-5
2.2275293E-5
3.7418737E-5
5.3502816E-5
3.9223065E-5
-2.2615222E-5
2.843104E-5
4.2261385E-5
2.1913924E-5
2.2335129E-5
-2.216526E-5
1.9089279E-5
-2.692102E-5
1.7881986E-5
3.0855295E-5
1.9284998E-5
8.96128E-6
-8.578103E-6
-1.1925133E-5
7.102142E-5
2.104976E-5
3.6308923E-6
1.5660307E-5
-1.3626253E-5
5.7752136E-6
1.2161971E-6
1.0124768E-5
3.3202733E-7
-1.790928E-5
3.3997205E-6
-1.9903895E-5
6.682144E-5
-6.8136283E-6
-9.84114E-6
-1.6075799E-5
-8.398528E-6
4.68547E-6
6.166531E-6
-8.0128775E-6
2.6331229E-5
-6.971141E-5
-6.042458E-5
-4.325011E-5
-1.6967902E-5
-1.9894082E-5
8.222664E-6
-4.100216E-5
2.0039419E-5
-1.62099E-5
1.4669387E-5
-5.641574E-5
-4.6911287E-6
1.556048E-5
3.2350858E-5
-6.679721E-5
-1.0833518E-5
-2.0935342E-5
1.7590039E-5
-5.4291802E-5
1.3146014E-5
-1.1186231E-5
5.956026E-5
-2.0903399E-5
4.4184482E-5
-3.7274214E-5
1.6925133E-6
-6.636302E-6
5.7511395E-5
1.1415194E-5
9.035216E-5
-5.7689114E-5
-9.040051E-6
4.303017E-5
1.16575575E-5
-9.985124E-6
-1.9806697E-5
-2.687371E-5
-4.307776E-5
2.6648979E-5
-4.9995317E-5
-1.797114E-6
-8.268212E-6
-3.2129625E-5
-9.407694E-5
-4.1320338E-5
-1.025739E-4
1.1959834E-5
-9.277703E-5
3.440641E-5
-1.4535851E-4
1.7595832E-5
-2.1923524E-4
7.8182165E-5
-1.5800548E-4
1.324392E-4
-2.1489395E-4
2.464638E-4
-3.6352844E-4
4.107185E-4
-5.2760117E-4
0.0010338973
-0.0014425224
1.1493487E-4
0.0023770179
-0.0036223354
0.0032276113
-9.4814866E-4
-7.505042E-4
-0.001036546
0.0014437854
-4.0217387E-4
6.8130944E-4
-1.4575278E-4
6.955264E-4
-8.452278E-5
-7.1395806E-4
-0.0011744122
-0.0010968574
-6.964249E-4
3.6185465E-4
8.0509315E-4
0.0017987937
0.0014651365
9.601403E-4
-4.3380604E-4
-7.4504147E-4
-0.0010783719
-0.0010058164
-0.0012555779
-4.3007114E-4
-2.1926186E-4
1.3231387E-4
-1.9568532E-4
1.0431498E-4
1.7850542E-4
7.0698187E-4
3.5365552E-4
7.0232403E-4
6.0268067E-4
5.270845E-4
3.712388E-4
3.886212E-4
3.404184E-5
1.1279543E-4
-3.762868E-5
-1.064172E-4
-5.954024E-4
-2.6182344E-4
-4.781252E-4
-4.797009E-4
-4.8357146E-4
-2.6378498E-4
-5.0918234E-4
-3.7079738E-4
-4.7777168E-4
-3.8220556E-4
-2.84085E-4
-1.2528688E-4
-5.1227205E-5
6.124016E-5
4.6501078E-5
6.2437415E-5
2.6037992E-4
2.975985E-4
4.3061888E-4
4.5193257E-4
6.3258264E-4
5.1412283E-4
6.1733037E-4
3.2885853E-4
3.087451E-4
8.433883E-5
2.5062828E-4
1.08386965E-4
2.9727825E-4
9.354092E-5
1.226175E-4
-2.1890037E-5
6.0424423E-5
-3.8458203E-4
-1.3539192E-4
-4.565558E-4
-2.4604885E-4
-4.6762073E-4
-2.4575202E-4
-4.4988128E-4
-1.3239303E-4
-4.2193494E-4
-1.6206428E-5
-2.3247229E-4
-2.4510737E-5
-3.1942799E-4
-3.2805227E-5
-2.6135394E-4
5.270795E-5
-1.8101076E-4
7.0475144E-5
7.346178E-5
3.1164038E-4
9.331435E-5
2.969607E-4
3.6422072E-5
2.393549E-4
-9.049735E-5
2.094584E-4
-5.9453672E-5
2.4489066E-4
1.2614814E-4
3.5751757E-4
1.3216138E-4
2.6246902E-4
2.5606528E-6
1.9096922E-4
5.6792833E-5
2.4698875E-4
9.218066E-5
1.6662231E-4
-5.328037E-5
-4.547602E-6
-9.7076736E-5
1.4533969E-5
7.727849E-6
1.06090665E-4
1.1401128E-4
6.1614344E-5
-3.426725E-5
-1.4180286E-4
-1.9701714E-4
-2.1054588E-4
-1.3731948E-4
-7.454586E-5
2.8363918E-5
5.421742E-5
5.3559867E-5
-1.549655E-4
-1.3705721E-4
-2.499792E-4
-1.6782504E-4
-1.2172222E-4
3.1911695E-5
2.0309264E-5
3.782482E-5
3.7853148E-5
-3.234257E-5
-1.0724551E-4
6.947001E-5
-1.865847E-5
1.8242231E-4
-1.7884238E-5
1.741564E-4
-7.5905344E-5
7.898135E-5
-1.9379304E-4
2.6572616E-5
-7.4574025E-5
1.812199E-4
-8.965812E-7
1.9768075E-4
-5.9116905E-5
1.1581923E-4
-2.0851054E-4
4.2173368E-5
-1.0667609E-4
2.136345E-4
-7.0630717E-6
2.7967934E-4
-2.0145693E-5
1.4373758E-4
-6.857183E-5
1.5567779E-4
-1.628913E-4
1.5530767E-4
-1.1536387E-4
1.6927414E-4
-1.2779461E-4
1.088143E-4
-2.7619101E-4
2.5665013E-5
-2.8133215E-4
1.8105868E-5
-2.3705327E-4
2.376402E-5
-1.2419406E-4
1.4180974E-4
-9.683102E-5
4.237161E-5
-2.5637756E-4
-5.6607292E-5
-3.168954E-4
-4.8263188E-5
-1.9196905E-4
8.616512E-6
-1.4017719E-4
1.5503956E-5
-9.6824646E-5
6.4527444E-6
-9.114811E-5
-7.809317E-5
-1.14001414E-4
5.2835036E-5
3.2822314E-5
1.0933576E-4
-2.4601917E-5
9.12619E-5
-4.039433E-5
5.4781212E-5
9.722485E-5
1.0388715E-4
1.1071832E-4
1.3408094E-4
8.498403E-5
1.5652795E-4
-2.06646E-5
-5.132036E-5
-6.0800226E-5
-3.6929448E-6
9.876473E-5
1.4612453E-4
1.1830858E-4
1.4279099E-4
9.917302E-5
7.864938E-5
4.2476557E-5
7.0817594E-5
1.8053249E-4
2.0230972E-4
2.104793E-4
2.2889356E-4
2.0333225E-4
1.5687455E-4
1.9381814E-5
7.352105E-5
1.6432095E-5
4.2995467E-5
1.1884173E-4
7.716227E-5
7.6829834E-5
2.840407E-5
-4.0844785E-5
4.980995E-5
-3.152876E-5
1.1356469E-4
1.06437155E-5
2.0172476E-4
3.0857303E-5
1.4341359E-4
6.278626E-5
1.543644E-4
6.8622205E-5
1.727562E-4
5.930008E-5
1.6022271E-4
-2.6099506E-5
3.7682097E-5
-7.882294E-5
-3.8164817E-5
-9.039696E-5
1.3694987E-5
6.126647E-5
-3.204096E-4
-2.0841601E-4
4.3921056E-4
-2.2044477E-4
-1.005923E-4
-6.742604E-4
1.3184361E-4
-8.039102E-5
8.315571E-5
2.8241537E-5
-3.8690475E-4
-4.1404486E-4
4.7964783E-4
-2.2449478E-4
-3.4793498E-4
-5.00738E-4
-2.1798722E-4
-2.2803884E-4
-2.4104961E-4
-2.7338034E-4
9.775642E-5
-4.4363667E-5
-1.5341013E-4
-2.4826435E-4
-1.3880878E-4
-4.30079E-4
-1.671469E-4
-4.5530568E-4
-1.8857495E-4
4.2227918E-4
4.2999335E-4
2.119242E-4
-1.5925182E-4
-1.4132459E-4
-8.325787E-5
-2.788798E-4
-6.943834E-4
-2.973828E-4
1.241774E-4
7.159221E-5
-1.8991099E-4
-1.964804E-4
2.8422914E-4
1.2657205E-4
2.4021491E-4
3.0995812E-4
3.0662667E-4
1.0209779E-4
2.4431443E-4
2.3179482E-5
8.429181E-6
-1.8983231E-4
1.4061501E-6
-2.1392974E-4
-4.9364826E-5
-2.2964443E-5
1.4533431E-4
-1.4038469E-5
1.859338E-4
-6.6045046E-5
-7.2726957E-6
-2.349352E-4
2.1524404E-5
-2.9486448E-5
-8.838105E-5
-1.9499217E-4
-1.3778881E-4
-1.6813145E-4
7.348023E-5
-7.314903E-5
7.980212E-5
8.401711E-5
2.48432E-4
4.1016145E-5
1.1045774E-4
5.9719623E-5
1.2968559E-4
1.6268481E-4
4.2213703E-4
4.5295886E-4
5.3059804E-4
4.3043462E-4
4.022698E-4
1.0637744E-4
2.9604253E-4
1.6807203E-4
3.4527437E-4
2.7347388E-4
3.555644E-4
2.278191E-4
3.7267004E-4
1.0828917E-4
2.076089E-5
-1.585797E-4
-1.03463615E-4
-9.204742E-5
4.17984E-5
-6.6519583E-6
-1.9377483E-4
-1.0798843E-4
-1.6553921E-4
-2.82461E-4
-2.2981607E-4
-2.3405191E-4
-2.0778347E-4
-2.3138148E-4
-2.2558674E-4
-2.7849112E-4
-2.4176917E-4
-2.462363E-4
-7.42212E-5
-2.113874E-4
1.0052956E-4
-4.0163824E-5
1.19926764E-4
1.2315277E-5
1.3137278E-4
7.2678224E-5
1.7034762E-4
1.02129365E-4
3.337383E-4
2.3496458E-4
3.7773233E-4
2.5007507E-4
3.7973467E-4
1.6855585E-4
4.493351E-4
2.3088098E-4
4.2063178E-4
1.8001629E-4
3.4148342E-4
9.3229E-5
4.039832E-4
2.1234064E-4
3.223639E-4
3.7674767E-5
1.5450019E-4
-1.9416395E-5
-7.606907E-6
-1.9593284E-4
-5.7815737E-6
-2.8091992E-4
-1.5722592E-4
-3.6752966E-4
-3.9809707E-4
-4.8847316E-4
-5.137485E-4
-5.5754004E-4
-5.4646225E-4
-5.921158E-4
-4.7516797E-4
-3.689036E-4
-3.9482358E-4
-4.7971736E-4
-3.877951E-4
-4.4698946E-4
-4.213079E-4
-4.885213E-4
-3.264688E-4
-3.424904E-4
-1.2156457E-4
-1.5311106E-4
-5.7333848E-5
-1.442372E-4
-7.401174E-5
-1.4442664E-4
1.7123664E-5
-1.3862892E-4
1.530779E-4
-4.6128976E-6
1.6718234E-4
5.8972877E-5
1.7749968E-4
2.142905E-5
2.5302873E-4
5.0183986E-5
9.616682E-5
9.042368E-5
1.9818937E-4
3.2170632E-5
9.853164E-5
5.9202026E-5
2.647838E-5
-7.655852E-6
-1.388128E-4
-8.017166E-6
-1.7915436E-5
-1.3748904E-4
-1.6582973E-4
-3.2306646E-4
-2.579042E-4
-2.156693E-4
-1.4550112E-4
-2.629352E-4
-2.2866287E-4
-3.1594536E-4
-4.944624E-4
-3.7631852E-4
-3.642489E-4
-2.7573688E-4
-3.229926E-4
-2.2488848E-4
-1.7914458E-4
-9.7313714E-5
-2.0735482E-4
-1.4706721E-4
-4.65039E-5
-1.2415614E-4
-2.8008104E-5
-1.6823068E-4
2.2844955E-5
5.7723482E-5
8.488199E-6
-5.8873644E-5
1.3138082E-5
8.8976914E-5
1.4282411E-4
1.641535E-4
7.1204384E-5
-3.537312E-5
1.8896864E-4
9.533236E-5
1.2300488E-4
3.335728E-5
7.135813E-6
8.382847E-5
-3.2183703E-5
-8.2775696E-5
-7.1630566E-5
-8.508701E-5
-1.3653965E-4
3.5863998E-6
3.6278686E-7
-9.022646E-5
-6.534262E-5
7.844652E-5
2.0987314E-5
-1.5745705E-5
3.0676226E-6
4.28139E-5
9.578619E-5
1.9300406E-4
1.9198128E-4
2.1526667E-4
2.083692E-4
2.5163277E-4
3.8051434E-4
3.493283E-4
3.7320287E-4
3.6956242E-4
4.5862913E-4
4.1098942E-4
5.774158E-4
4.8564302E-4
5.518157E-4
5.27471E-4
5.790868E-4
4.883279E-4
5.7143957E-4
4.2146133E-4
4.7343815E-4
2.9044534E-4
3.3978053E-4
2.1976915E-4
2.6582388E-4
1.881521E-4
8.925586E-5
1.1670412E-4
2.8149994E-5
4.8025166E-5
-4.8989838E-5
-2.4735212E-4
-1.2542868E-4
-1.4648994E-4
-1.9724417E-4
-1.3694241E-4
-1.2050096E-4
-2.4600347E-4
-3.581471E-4
-2.2269422E-4
-2.1806131E-4
-1.9131594E-4
-1.5856832E-4
-1.6472324E-4
-1.7128135E-4
-1.4846087E-4
-1.6539625E-4
-1.3617576E-4
1.2689737E-5
3.8557835E-5
-8.7168926E-5
-7.62009E-5
7.7654455E-5
1.0529963E-4
1.05876294E-4
4.232234E-5
1.3296632E-4
9.872765E-5
2.6814276E-4
-6.622963E-6
2.9979457E-4
2.0435356E-4
1.2807018E-4
1.842712E-4
9.391419E-5
2.2658386E-4
9.618434E-5
3.2983386E-5
8.729703E-5
6.8842215E-5
-6.766868E-5
-1.5622965E-4
-1.0070639E-4
-1.4546017E-4
-1.2406606E-4
-1.9066317E-4
-1.9358867E-4
-2.1232254E-4
-1.8431775E-4
-3.432746E-4
-2.766423E-4
-3.2766635E-4
-3.0780965E-4
-3.1897277E-4
-2.9782826E-4
-3.232336E-4
-3.0245565E-4
-2.0028747E-4
-1.8944619E-4
-2.579815E-4
-1.918547E-4
-3.4547588E-4
-2.776976E-4
-3.6786663E-4
-3.4005055E-4
-2.5559115E-4
-2.863005E-4
-2.3746338E-4
-3.192092E-4
-2.9161441E-4
-1.7471917E-4
-1.172261E-4
-1.7140382E-4
-1.2997563E-4
-1.8447786E-4
-1.7954483E-4
-2.6454622E-4
-1.9634444E-4
-2.9235E-4
-4.6772408E-4
-3.6300535E-4
-4.3600294E-4
-6.4486585E-4
-6.325574E-4
-6.4702623E-4
-4.5782258E-4
-5.7189557E-4
-6.157105E-4
-5.782942E-4
-5.628862E-4
-6.0204073E-4
-6.421374E-4
-5.516145E-4
-4.3879932E-4
-3.709005E-4
-3.668644E-4
-3.981093E-4
-2.8245748E-4
-3.0975323E-4
-1.7768885E-4
-1.8741933E-4
-9.07391E-5
-1.1086932E-4
-5.227667E-5
-1.7256118E-5
7.809361E-5
9.637816E-5
1.4552253E-4
9.631655E-5
9.724379E-5
1.8968935E-4
1.4426494E-4
1.8198189E-4
2.0125798E-4
1.2839667E-4
1.5454163E-4
1.446848E-4
7.942977E-5
2.1181047E-4
1.998993E-4
6.680837E-5
-4.476148E-6
1.6887025E-4
-2.2333692E-4
-4.0260613E-5
-2.0708061E-4
-1.5660976E-4
-1.612413E-4
-2.8757725E-4
-1.3573824E-4
-3.99119E-4
-2.430833E-4
-2.9947987E-4
-4.5861752E-4
-5.4416904E-4
-2.772378E-4
-4.868251E-4
-3.9536323E-4
-4.066219E-4
-5.0759804E-4
-4.1139388E-4
-4.2276856E-4
-2.8348545E-4
-8.437128E-5
-2.659634E-4
-1.8916011E-4
-5.12871E-4
-2.1884171E-4
-1.15619805E-4
-1.3598196E-4
-9.649111E-5
-2.4180241E-4
-3.6456125E-4
7.613689E-5
4.273023E-4
-1.8518265E-5
-1.08134365E-4
1.1797309E-4
1.1692908E-4
1.1207401E-4
1.6895433E-4
1.6438383E-4
1.1116431E-4
1.84796E-4
3.0312638E-4
2.669993E-4
2.9629734E-4
2.466749E-4
2.46138E-4
2.94834E-4
5.7758072E-5
9.3088034E-5
2.0849517E-4
3.9991044E-4
2.78624E-4
2.8519888E-4
1.2003308E-4
1.4929779E-4
-5.4666176E-5
1.0572685E-4
8.9768655E-6
1.8170838E-4
2.6761449E-5
3.8611386E-5
7.154785E-5
6.597361E-5
-2.4146946E-5
3.5648998E-5
3.645753E-5
1.9356205E-5
-7.27073E-6
1.13577305E-4
1.04488165E-4
1.2850636E-5
-7.423906E-5
-4.430444E-5
-1.5952932E-5
-8.221369E-5
6.416605E-5
-7.025437E-5
8.295763E-5
-2.1240474E-5
1.0142262E-4
2.2012035E-4
1.04732E-4
3.813652E-6
6.3675625E-6
3.8771163E-5
1.2564984E-4
3.3059347E-5
1.0925505E-4
1.4309608E-5
2.1953685E-5
1.0478182E-4
2.3380018E-5
8.2228406E-5
1.7042605E-4
-5.993471E-5
7.8434234E-5
1.4032554E-4
5.1694216E-5
2.9057945E-5
6.039783E-5
1.2851499E-4
1.9872673E-4
1.86656E-4
9.512988E-5
9.962302E-5
-7.691054E-5
8.808733E-5
1.7188716E-4
2.3935309E-4
1.6789763E-4
1.0966511E-4
5.220623E-4
3.2910248E-4
3.2602926E-4
2.3828348E-4
4.5765348E-4
4.2760762E-4
3.0365292E-4
3.0215736E-4
5.722362E-4
6.023096E-4
6.0404063E-4
3.3566848E-4
5.0243706E-4
4.108425E-4
4.053312E-4
3.8847644E-4
6.0429575E-4
5.4118613E-4
4.477491E-4
3.9397957E-4
3.4539128E-4
3.071564E-4
4.3212433E-4
3.132565E-4
2.1062877E-4
-7.0842594E-5
-9.884511E-5
-1.8352208E-4
6.7958106E-5
9.342951E-5
2.787168E-5
-1.035905E-4
1.7034894E-5
-1.8667984E-4
-3.556292E-4
-4.6084324E-4
-4.8264847E-4
-3.3307532E-4
-4.1963827E-4
-3.5449988E-4
-4.3496783E-4
-4.5443705E-4
-5.465011E-4
-4.5548854E-4
-3.0205495E-4
-2.669294E-4
-1.6729566E-4
-2.1026307E-4
-1.6496077E-4
-5.7441637E-5
2.8992883E-5
2.646293E-5
1.6658458E-4
9.855222E-5
2.5859865E-4
1.5347559E-4
2.0431794E-4
3.3718065E-4
4.1244528E-4
2.9518205E-4
4.6618693E-4
4.3099045E-4
5.324363E-4
3.1064407E-4
4.2831548E-4
4.7620537E-4
4.837274E-4
5.174133E-4
5.021544E-4
3.608754E-4
3.594963E-4
2.568944E-4
2.936029E-4
2.9586794E-4
2.0092656E-4
1.273765E-4
-1.021675E-5
-5.186789E-5
-1.7056693E-4
-9.0899484E-5
-1.3996706E-4
-7.146697E-5
-1.9076698E-4
-3.5958414E-4
-3.3160576E-4
-3.766474E-4
-4.193506E-4
-6.29831E-4
-6.319104E-4
-6.9139316E-4
-6.868612E-4
-4.9167796E-4
-5.876185E-4
-6.470689E-4
-8.0309E-4
-5.7811296E-4
-6.069831E-4
-7.5124606E-4
-4.6362678E-4
-5.779136E-4
-4.2856712E-4
-3.4600962E-4
-1.2329899E-4
-7.404101E-5
-2.0005477E-4
-2.1764143E-4
-1.5394621E-4
-1.54096E-4
-3.343706E-4
-3.3952607E-4
-2.3121246E-4
3.649293E-5
7.609361E-5
1.1099025E-4
-8.495577E-6
1.4219477E-4
1.8127172E-5
-3.4780744E-5
-2.1982132E-4
-2.717153E-4
-3.5090648E-4
-2.0636829E-4
-2.3103264E-4
-6.7913774E-5
-1.4168746E-4
-3.2444522E-4
-3.3229135E-4
-3.8946248E-4
-3.0263828E-4
-2.4138181E-4
-3.0358668E-4
-1.9992009E-4
-3.3499114E-4
-2.7462188E-4
-3.1845522E-4
-2.6855725E-4
-3.6912312E-4
-3.117556E-4
-3.5225542E-4
-4.1837024E-4
-3.2586048E-4
-2.399934E-4
-2.8064213E-4
-3.061986E-4
-2.6152626E-4
-3.8203743E-4
-2.684966E-4
-3.5420747E-4
-4.0936822E-4
-3.9591457E-4
-2.9620886E-4
-2.036284E-4
-2.0949708E-4
-3.0418168E-4
-3.4613078E-4
-3.1045996E-4
-1.8553015E-4
-1.7233072E-4
-3.8022207E-4
-4.2117454E-4
-4.576752E-4
-4.0340069E-4
-5.48514E-4
-4.4648052E-4
-5.649754E-4
-3.437588E-4
-6.434096E-4
-5.5929896E-4
-4.6084958E-4
-5.554246E-4
-7.2158757E-4
-5.7249796E-4
-4.8660938E-4
-4.5827965E-4
-5.378286E-4
-4.5023477E-4
-2.3847303E-4
-4.209565E-4
-3.1174903E-4
-3.3170194E-4
-1.8451788E-4
-1.4936243E-4
3.6753121E-7
-1.6468276E-4
8.3636754E-5
8.049525E-5
1.982494E-4
1.5038249E-4
2.660472E-4
8.5447624E-5
2.5209607E-4
2.3200232E-4
4.2251797E-4
3.0278342E-4
4.1612945E-4
4.146508E-4
2.9985103E-4
3.579545E-4
2.7868818E-4
2.0826035E-4
8.985228E-5
2.1157798E-4
1.6589467E-4
4.19697E-5
7.733321E-6
9.027431E-7
-7.920546E-5
-3.1834023E-4
-2.510987E-4
-2.5073224E-4
-1.5014365E-4
-1.2446805E-4
-1.5392565E-4
-1.9699677E-4
-7.2941344E-5
-7.972813E-5
-1.2513506E-4
-2.2861488E-4
-1.2516876E-4
-1.3087409E-4
-1.9266582E-4
-2.4632976E-4
-2.046974E-4
-2.543634E-4
-1.06166706E-4
-6.9630594E-5
3.2341544E-5
-3.6211E-5
-1.3522054E-4
-3.952368E-5
1.6791986E-4
3.643864E-5
2.2368139E-4
1.5913373E-4
2.3980257E-4
2.0304305E-4
3.0570966E-4
3.586178E-4
2.7964573E-4
4.694277E-4
2.5214825E-4
3.5926152E-4
3.461321E-4
4.13738E-4
4.2965903E-4
4.980273E-4
4.202855E-4
4.135864E-4
4.4000504E-4
4.7981323E-4
3.848838E-4
3.9094526E-4
4.5383215E-4
4.339706E-4
4.2659367E-4
4.2364342E-4
3.260766E-4
2.670113E-4
3.9420344E-4
3.3512063E-4
4.0981342E-4
3.8398893E-4
3.632769E-4
2.978199E-4
3.455758E-4
2.7753616E-4
2.4228707E-4
5.9668957E-5
3.23587E-4
2.652126E-4
3.26198E-4
1.1759621E-4
1.710671E-4
-7.2402336E-6
1.810489E-4
5.2129413E-5
1.5005223E-4
9.008508E-5
9.3038056E-5
-5.4726646E-5
1.1520198E-4
1.2914103E-4
2.7138223E-5
-2.9706273E-6
-5.6000183E-5
8.652423E-5
8.247593E-5
-7.486926E-5
-1.14585535E-4
-7.5460026E-5
-6.7696776E-5
4.8059417E-5
-1.5718775E-4
-3.5022917E-5
-5.1977033E-5
5.4339184E-6
-7.8840196E-5
-1.315801E-4
-1.4198702E-4
1.9437895E-5
2.6904214E-5
1.523847E-4
1.5875054E-5
-4.8790833E-5
6.2970794E-5
3.559931E-5
1.7166333E-4
1.730894E-4
2.025174E-4
2.3293268E-4
3.4499032E-4
3.320141E-4
4.4546093E-4
2.209866E-4
3.9080778E-4
4.536326E-4
3.365602E-4
4.0393835E-4
2.5983434E-4
3.0463625E-4
2.2965555E-4
2.6671687E-4
2.9489974E-4
2.808072E-4
3.3659718E-4
2.7029956E-4
2.1291747E-4
3.3193687E-4
3.053843E-4
3.7429982E-4
2.186984E-4
2.4320286E-4
9.015951E-5
1.08741515E-4
5.6086865E-5
5.094957E-5
-2.1822229E-5
-2.7688174E-4
-4.0646995E-5
-6.56573E-5
-1.6867109E-4
-9.332167E-5
-1.7933357E-4
-1.02281396E-4
-2.6797655E-4
-3.0550652E-4
-3.1102664E-4
-2.9838667E-4
-1.8321116E-4
-3.0880244E-4
-2.373538E-4
-2.2377915E-4
-3.0274384E-4
-3.7381472E-4
-4.473332E-4
-4.371074E-4
-2.7836848E-4
-2.0259514E-4
-3.5936903E-4
-3.002219E-4
-2.8883835E-4
-3.3859455E-4
-2.4718518E-4
-2.642023E-4
-1.5495239E-4
-2.6707278E-4
-3.6820307E-4
-1.50233E-4
-3.0524386E-4
-4.1140363E-5
-2.071819E-4
2.8132941E-5
-3.7751095E-5
5.4682463E-5
-4.257019E-6
-8.088944E-6
-3.2193642E-5
6.338078E-5
3.670768E-5
1.9900002E-4
1.1807235E-4
1.965145E-4
6.9535614E-5
1.6071949E-4
1.364936E-4
1.254471E-4
1.0624181E-4
1.6712715E-4
9.828874E-5
1.4211154E-4
4.695781E-5
1.423896E-4
1.5145277E-4
2.1138918E-4
2.1139397E-4
1.4379525E-4
7.772022E-5
1.5391766E-4
5.3173444E-5
1.4242915E-4
-3.5921767E-6
-5.8241676E-5
1.0493689E-5
-8.9063564E-5
-1.227441E-4
-6.397967E-5
-2.6201797E-4
-2.7765325E-4
-1.8128335E-4
-1.1207659E-4
-3.4693372E-4
-3.799669E-4
-4.5694716E-4
-4.138578E-4
-5.245808E-4
-3.5279585E-4
-5.3989195E-4
-3.4278946E-4
-5.633301E-4
-4.691997E-4
-5.4094347E-4
-4.0779542E-4
-5.4822554E-4
-3.318873E-4
-4.071975E-4
-2.948932E-4
-3.732604E-4
-2.686767E-4
-4.3273196E-4
-3.3956917E-4
-2.1415809E-4
-1.3130775E-4
-2.8624537E-4
-1.3445174E-4
-1.731764E-4
-1.2555905E-5
-2.0449268E-5
3.2757718E-5
2.0863416E-5
1.2560726E-4
1.1979217E-4
1.6580432E-4
1.1563463E-4
2.6671318E-4
1.991339E-4
3.3907875E-4
3.1529213E-4
2.3894288E-4
1.8389526E-4
2.0593365E-4
2.7268063E-4
3.1664784E-4
2.9532339E-5
2.1035898E-4
5.4083863E-5
1.6650371E-4
1.1148565E-4
2.001912E-4
5.44009E-6
9.360341E-5
-2.0967542E-5
-9.0129004E-5
-9.946651E-5
-1.9920587E-4
-2.5964383E-4
-3.7758556E-4
-4.5890803E-4
-4.3963196E-4
-4.6348778E-4
-4.7128365E-4
-3.9114864E-4
-4.203602E-4
-5.732684E-4
-5.445936E-4
-4.933469E-4
-5.200462E-4
-4.903482E-4
-5.213005E-4
-4.7673972E-4
-5.658393E-4
-6.3091854E-4
-5.08272E-4
-4.0068978E-4
-3.8807822E-4
-4.362367E-4
-3.4980403E-4
-4.992958E-4
-2.8308877E-4
-1.7992666E-4
-1.9236507E-4
-1.5316412E-4
-1.01523474E-4
-1.3849855E-4
-1.16630166E-4
-8.2920946E-5
1.1254526E-5
-1.6843056E-4
-1.5111685E-4
-8.542511E-5
4.4586272E-6
-2.4704603E-5
-2.923388E-5
-7.8322795E-5
2.6533602E-5
-2.6240046E-5
-1.4672417E-4
-7.6693E-6
1.7955766E-5
-1.5387802E-4
-1.9035113E-4
-1.7093447E-4
-3.1946774E-4
-1.5081388E-4
-2.486853E-4
-2.3502765E-4
-3.1219548E-4
-2.3797597E-4
-2.5059283E-4
-2.73163E-4
-3.3912965E-4
-1.2103291E-4
-1.5421708E-4
-6.252169E-5
-1.9145252E-4
-1.7050708E-4
-2.2506145E-4
-3.841601E-5
-2.3017355E-4
-8.9803725E-5
-7.877235E-5
-6.639843E-5
-8.955412E-5
-9.874377E-5
-2.305103E-4
-2.7414592E-4
-2.1558885E-4
-3.0554997E-4
-1.5023278E-4
-8.360639E-5
-1.7648074E-4
-3.2892474E-4
-4.4491026E-4
-2.8175212E-4
-3.526967E-4
-3.3334267E-4
-3.0946525E-4
-3.7948394E-4
-3.688996E-4
-4.308741E-4
-4.5365698E-4
-4.600489E-4
-5.327562E-4
-3.6596146E-4
-4.1210916E-4
-3.9293405E-4
-5.277124E-4
-4.6221926E-4
-3.1818217E-4
-3.4296044E-4
-2.2110705E-4
-2.7454394E-4
-3.6586323E-4
-2.227379E-4
-1.3515707E-4
-1.6871064E-4
-2.3664717E-4
5.6599227E-5
-1.8046854E-5
6.464122E-5
1.3357053E-6
1.4127791E-4
1.9701986E-4
2.2110426E-4
1.4644733E-4
2.2723724E-4
2.9009697E-4
2.9998433E-4
2.436055E-4
3.380992E-4
3.4778877E-4
3.4847722E-4
3.3264104E-4
2.3501134E-4
3.1413898E-4
2.9852678E-4
1.7170649E-4
1.4670048E-4
1.8154336E-4
1.6014948E-5
5.1632924E-5
2.6014048E-5
7.417858E-5
-4.5522407E-5
5.996124E-5
-8.200305E-5
4.9731316E-6
-1.2681294E-4
-5.957328E-5
-1.2527723E-4
-1.5138957E-4
-1.7233755E-4
-2.3141218E-4
-2.7389382E-4
-1.5796335E-4
-1.1441383E-4
-1.8598615E-4
-1.3620548E-4
-3.3310798E-4
-2.1228088E-4
-1.5457565E-4
-1.4310924E-4
-1.0776789E-4
-7.2043964E-5
-1.4526806E-4
6.879728E-6
1.20140045E-4
2.0924762E-4
7.3603085E-5
1.263571E-4
7.606008E-5
7.1791874E-5
1.0425004E-4
1.2841937E-4
2.4785099E-4
1.3494158E-4
1.8110033E-4
2.7695755E-4
3.5218737E-4
3.1417774E-4
3.3583303E-4
3.2244434E-4
3.394646E-4
2.6195968E-4
4.4862597E-4
3.8692486E-4
2.929769E-4
2.7619486E-4
2.6377648E-4
2.756299E-4
2.6403993E-4
1.863193E-4
2.311287E-4
1.3158513E-4
1.2955925E-4
1.6063181E-4
1.0557596E-6
2.290994E-4
9.894157E-5
1.19717544E-4
2.5710637E-5
4.543112E-6
-5.6385084E-5
1.5282674E-5
8.1156955E-5
-4.844409E-5
-2.8406463E-5
5.13317E-6
-2.311485E-4
-7.2697803E-6
1.5519086E-5
1.1577989E-5
9.393599E-5
9.047286E-5
5.4080112E-5
1.0073266E-4
1.3777742E-4
3.5147954E-5
9.237836E-5
-2.3731369E-5
1.1977069E-4
2.3470082E-5
2.0316263E-6
1.150873E-5
6.0356015E-5
-1.6408776E-5
2.9309935E-5
7.402667E-5
8.837167E-7
1.573163E-4
4.661432E-5
6.299739E-5
1.1695423E-4
1.5833955E-5
-1.18453114E-4
5.150779E-5
3.4717978E-5
-3.923891E-6
8.648502E-5
1.9972182E-4
-1.7281529E-5
7.3076035E-6
-2.0029769E-5
1.6359678E-4
9.8401906E-5
6.4842745E-5
-6.395855E-5
8.391981E-5
-1.5836082E-4
6.369632E-5
1.7569191E-5
-4.2585834E-6
-7.0131246E-5
5.3952575E-5
-6.997937E-5
-1.01909915E-4
-2.923338E-5
-2.8525717E-5
-1.20952056E-4
-1.6846978E-4
-1.4698636E-4
-2.3554776E-4
-8.2091035E-5
-1.3936145E-4
-1.9507688E-4
-3.1963177E-4
-1.7226634E-4
-3.9388277E-4
-4.3879612E-4
-1.7079464E-4
-2.2056494E-4
-5.132966E-4
-4.136245E-4
-3.7520414E-4
-2.8685073E-4
-3.2678238E-4
-4.263014E-4
-4.1383193E-4
-4.065587E-4
-3.8688016E-4
-4.3138379E-4
-1.4623653E-4
-4.133724E-4
-3.0938108E-4
-4.4283865E-4
-2.8847248E-4
-2.7242443E-4
-3.2058527E-4
-4.342238E-4
-3.351651E-4
-2.8550124E-4
-1.7696888E-4
-2.3334939E-4
-1.383063E-4
-1.3903652E-4
-1.2274848E-4
-1.584845E-4
-1.8355872E-4
-1.3076112E-4
2.801367E-5
-2.474421E-4
-2.616493E-4
-1.1149954E-4
-1.06258834E-4
-9.6891585E-5
-4.9643277E-5
-9.415976E-5
-2.7628728E-5
-1.15383504E-4
-2.0383626E-4
-1.8322052E-4
-1.7924375E-4
-1.9443521E-4
-3.099903E-4
-1.8458167E-4
-1.6638028E-4
-1.3784981E-4
-3.4198083E-4
-2.8394436E-4
-1.11964284E-4
-2.4701768E-4
-2.4528345E-4
-2.2159264E-4
-1.4565844E-4
-2.8616475E-4
-1.5121792E-4
-2.5205335E-4
-1.1564341E-4
-1.2059647E-4
-6.0280698E-5
-2.4921133E-4
-1.7120609E-4
-2.484045E-4
-5.6305347E-5
-2.509413E-4
-5.1906427E-5
-9.108354E-5
3.813518E-5
-8.6471635E-5
3.7175312E-5
7.6605924E-5
-5.9479422E-5
-1.04359206E-4
3.4540437E-5
4.903532E-5
-2.8132254E-5
5.8087986E-5
-5.3020325E-5
1.7916116E-5
1.6304797E-5
8.1596874E-5
-1.054073E-5
-5.2114865E-5
1.6070877E-5
1.3339872E-4
8.415747E-5
1.1259146E-4
-3.0785588E-5
3.639016E-5
8.61646E-6
1.7466304E-5
7.139085E-5
1.8840579E-4
9.1293914E-5
1.5258403E-4
1.8718625E-4
1.1805978E-4
1.0650281E-4
1.20856304E-4
2.3040487E-4
1.505764E-4
2.0993335E-4
2.4730392E-4
3.0254797E-4
1.9688142E-4
3.7165132E-4
1.9584352E-4
1.8323876E-4
3.9381566E-4
3.815718E-4
1.9342358E-4
3.5752298E-4
2.5599648E-4
2.4883644E-4
3.0996147E-4
3.0521763E-4
3.8117738E-4
3.5366337E-4
2.544661E-4
1.389093E-4
2.5487813E-4
2.1016068E-4
1.500968E-4
1.7360938E-4
2.374778E-4
2.4680884E-4
1.5550488E-4
1.266159E-4
9.943964E-5
7.3912335E-5
6.301695E-5
3.02771E-5
1.4870913E-5
-1.0701479E-4
6.2432984E-5
1.0169094E-4
-5.8575457E-5
3.998654E-5
-9.116758E-6
3.8163183E-5
-5.4148757E-5
-9.1361784E-5
-1.783454E-5
7.5334945E-5
-4.6741723E-5
1.8882548E-4
8.070818E-5
7.2986855E-5
4.3243712E-5
1.3375147E-4
6.220839E-5
2.1750733E-4
7.007408E-5
1.8325022E-4
2.2082671E-4
1.8475633E-4
2.9469657E-4
2.0713649E-4
8.8135486E-5
2.289656E-4
2.7798087E-4
1.424147E-4
1.5432476E-4
2.1791938E-4
3.7065468E-4
1.4551087E-4
2.2413528E-4
2.2563743E-4
2.3433297E-4
1.5993023E-4
1.4594058E-4
-5.9245336E-5
-9.6656884E-5
-8.5654174E-5
-1.6866795E-4
-1.549632E-4
-1.2516389E-4
-1.8484666E-4
-2.8945363E-4
-1.9596484E-4
-2.2944002E-4
-1.877867E-4
-3.9504044E-4
-3.6006933E-4
-2.652219E-4
-2.9120193E-4
-3.7173808E-4
-3.1593154E-4
-3.0485948E-4
-1.7237669E-4
-2.63373E-4
-7.84436E-5
-2.948469E-4
-1.0007609E-4
-1.73815E-4
-1.2184581E-4
-2.1289945E-4
-1.1899519E-4
-1.6419741E-4
-7.5251235E-5
-1.2529752E-5
-8.961589E-6
1.3427227E-4
3.660624E-5
1.1143179E-4
-2.3510554E-5
1.5944692E-4
-2.7273876E-5
-2.2827173E-5
3.1699947E-6
1.6799897E-4
-7.854825E-5
1.5661187E-4
-1.1100173E-4
-3.820437E-5
-8.3195255E-6
-6.840293E-5
-1.6166457E-5
-6.1286305E-6
3.076861E-6
-6.573727E-5
-1.4417837E-4
-1.3296425E-4
-1.7451998E-4
-2.8499315E-4
-2.6367255E-4
-3.674269E-4
-2.3583721E-4
-3.4879803E-4
-2.3152641E-4
-3.8974488E-4
-3.5624686E-4
-4.4993157E-4
-2.7239515E-4
-2.5179505E-4
-2.732732E-4
-3.5969276E-4
-3.4227062E-4
-2.2817627E-4
-1.8860478E-4
-1.8587791E-4
-1.6603206E-4
-7.758391E-6
-1.0499933E-4
-1.3019718E-4
-9.3393945E-5
-7.957156E-5
6.935977E-5
8.51312E-5
-4.3397483E-7
2.2250564E-4
1.88796E-4
3.263172E-4
1.311469E-4
2.978382E-4
2.1439912E-4
4.1538203E-4
1.5189487E-4
2.6918305E-4
3.91986E-4
4.5148164E-4
3.48168E-4
3.920885E-4
2.5303682E-4
2.4557224E-4
2.6878627E-4
1.5099836E-4
1.958486E-4
2.5416876E-4
2.516166E-4
1.5451467E-4
1.9108925E-4
3.5432015E-5
7.756282E-5
6.776625E-5
5.9497534E-6
8.134774E-5
4.8006503E-5
1.03083636E-4
7.9339035E-5
2.8949466E-5
-5.1879542E-5
-7.693381E-5
-1.6086057E-4
-6.97887E-5
-2.63963E-4
-1.9885703E-4
-8.456722E-5
1.9751637E-5
-2.4402732E-4
-2.0562678E-4
-2.1447726E-4
-9.631219E-5
-1.5957489E-4
-3.481172E-5
-3.383222E-4
4.3889168E-6
-2.4250477E-4
1.5417016E-5
-9.254101E-5
-3.3075034E-5
-2.4287881E-4
-5.729789E-5
-4.9865932E-5
6.9516514E-6
-1.1275111E-5
1.432982E-4
1.3960597E-4
8.51689E-5
2.8220975E-5
8.415525E-5
9.11908E-5
4.068399E-5
1.1128225E-4
2.2931152E-4
2.3546598E-4
3.0977823E-4
1.3579041E-4
1.641961E-4
2.5220678E-4
7.233931E-5
2.9517553E-4
9.156102E-5
1.9113705E-4
2.3092888E-4
1.7253296E-4
2.7043506E-4
1.9053691E-4
2.1416464E-4
8.91514E-5
2.1824616E-4
5.6507015E-5
5.7106405E-5
-7.0569564E-5
-1.6477425E-5
2.9396255E-5
4.707478E-5
-7.902233E-5
9.21235E-5
-4.9288774E-5
4.336705E-5
-1.1201898E-5
-4.8371294E-5
-2.1133642E-4
-1.6405691E-4
-7.304193E-5
-2.839725E-5
-1.459712E-4
-1.2562642E-4
-1.9248233E-4
-1.4456408E-4
-1.9897251E-4
-3.4679065E-4
-2.0401514E-4
-2.6674118E-4
-2.8971612E-4
-3.6294846E-4
-2.5570524E-4
-3.3744427E-4
-2.068696E-4
-3.2653756E-4
-2.3535595E-4
-1.9289831E-4
-2.2031118E-4
-2.9766822E-4
-2.6618733E-4
-2.2029482E-4
-1.8200288E-4
-1.11981404E-4
-1.2016094E-4
-3.1046086E-4
-2.2827242E-4
-1.8708112E-4
-1.5367693E-4
-1.4102198E-4
-1.4961511E-4
-3.9823106E-5
-1.4441133E-4
-8.575364E-5
1.8625228E-6
-7.535515E-6
-6.536759E-5
4.3202068E-5
6.628043E-6
7.278476E-5
-5.1174222E-5
-7.597995E-5
-7.861977E-5
-2.8378421E-5
-3.3428765E-5
2.3596958E-5
-6.366127E-5
-7.27945E-5
-1.2058448E-5
-1.2886272E-4
-2.1565048E-4
-2.0546892E-4
-8.6614025E-5
-2.4466403E-4
-1.9766705E-4
-3.1592662E-4
-2.622834E-4
-4.7925234E-4
-3.4518764E-4
-2.4576334E-4
-1.8746828E-4
-2.5377437E-4
-2.0999587E-4
-4.1628972E-4
-4.4376624E-4
-4.4199897E-4
-3.811904E-4
-4.635675E-4
-4.908287E-4
-4.4970834E-4
-5.5713695E-4
-3.980627E-4
-5.438842E-4
-5.2182464E-4
-5.637381E-4
-4.3130625E-4
-4.0003055E-4
-4.652023E-4
-4.250199E-4
-3.8737454E-4
-5.8407086E-4
-5.5286835E-4
-5.2892725E-4
-5.0188485E-4
-3.851732E-4
-4.1689439E-4
-3.251339E-4
-3.9438714E-4
-3.4995005E-4
-3.54608E-4
-3.989736E-4
-4.4064625E-4
-2.4649227E-4
-2.4514899E-4
-1.4269E-4
-1.9136848E-4
-1.5831082E-4
-1.7034671E-4
4.935522E-5
-8.3518054E-5
-5.178883E-5
1.4607104E-5
6.7211026E-6
-4.0297975E-5
4.1939005E-5
8.1114384E-5
1.11816626E-4
1.873085E-4
3.0041394E-5
1.0308202E-4
5.5852055E-5
1.8185301E-4
1.2504472E-4
3.1094445E-4
-7.768167E-5
2.3803116E-4
-9.4311006E-5
4.010009E-4
-7.508599E-5
5.7534757E-4
-3.0110605E-4
6.834618E-4
-0.0012344046
6.4178347E-4
5.727542E-4
-0.0022075416
0.001417336
0.001094038
0.0014610192
-0.0043260995
7.782782E-4
-1.116474E-4
-4.642521E-4
-3.32675E-4
5.895656E-4
-0.0015938523
-0.0011938809
2.0868506E-4
0.0013879742
1.6354078E-4
1.7184614E-4
3.4678457E-4
5.088834E-4
-2.7256524E-6
1.7264944E-4
6.5898447E-4
0.0010936736
2.5341305E-4
-2.8646516E-4
-9.3676394E-4
-8.73408E-4
-0.0012677878
-0.0010669557
-0.0016211906
-0.0011817787
-9.7223156E-4
1.6506323E-4
3.379567E-4
9.776131E-4
0.00110102
9.374983E-4
8.956759E-4
0.0012373894
0.0010758769
4.636739E-4
9.005348E-4
0.0016682592
0.0015368314
7.856394E-4
9.91103E-4
0.0016904708
0.0016076263
0.0010864497
8.8893983E-4
0.0010245658
8.5166964E-4
2.6559804E-4
-3.5245367E-4
-3.298325E-4
-3.628074E-4
-4.6059408E-4
-7.5712753E-4
-6.972174E-4
-4.995083E-4
-2.0105555E-4
-2.132027E-4
-6.295411E-4
-7.042617E-4
-5.805675E-4
-9.113775E-4
-0.0012234104
-0.0012015518
-7.319748E-4
-7.4710115E-4
-0.0010529864
-5.866324E-4
-1.644259E-4
2.312588E-4
-7.5402924E-5
-2.5386465E-4
-2.796823E-4
5.587619E-5
-2.0112947E-4
8.360363E-6
-5.4356095E-4
-3.1144806E-4
-4.1835097E-4
1.3092988E-4
1.2322467E-4
5.748158E-4
5.5207394E-4
6.2062155E-4
2.9501558E-4
4.5229055E-4
2.0939116E-4
1.0533627E-4
-5.8589645E-5
1.3665333E-4
1.344567E-4
4.214771E-4
4.6615655E-4
7.6389086E-4
8.837817E-4
7.976026E-4
4.2849252E-4
3.9078452E-4
3.760719E-4
2.7963173E-4
-1.3498991E-4
-1.9429476E-4
-2.4904736E-4
-1.2362355E-4
-2.1275933E-4
-1.2610998E-4
5.622552E-5
1.0696571E-4
-1.2596455E-4
-1.2333703E-4
-2.639913E-4
-2.5012327E-4
-5.071073E-4
-6.119328E-4
-7.994518E-4
-4.6066532E-4
-4.454137E-4
-3.3362093E-4
-2.8628908E-4
-4.80183E-5
-1.271743E-4
-4.994865E-5
-2.709997E-4
-3.0562203E-4
-6.271082E-5
1.2478813E-5
-1.9416236E-4
-5.444754E-4
-4.9544143E-4
4.521108E-5
-2.3802763E-4
-7.12647E-4
-5.4746616E-4
-2.1333862E-4
1.10331996E-4
-2.6026685E-4
-5.466087E-4
-5.035696E-4
-1.0304263E-4
-4.4408254E-4
-5.409612E-4
-6.690689E-4
-8.4522235E-6
-5.7557103E-4
-5.2435085E-4
-6.2198023E-4
-5.8365404E-5
-2.9231244E-4
1.4900434E-4
4.447596E-5
3.8386352E-4
2.2828819E-4
6.248881E-4
5.773039E-4
6.478966E-4
4.5429682E-4
6.8973977E-4
5.6617055E-4
5.5101386E-4
2.7898568E-4
2.6842306E-4
3.4565773E-4
1.1623867E-4
-7.6494354E-5
-1.1029006E-4
-1.3421846E-4
-8.036599E-5
-3.1700265E-4
-2.487223E-4
-2.1354371E-4
8.673903E-5
-1.2425109E-4
-8.856973E-5
-1.7568977E-4
4.4795393E-5
1.1092754E-5
1.6363429E-5
6.9225985E-5
2.5441725E-4
8.741397E-5
3.1504378E-4
1.458041E-4
3.5956872E-4
2.0018817E-4
3.5744326E-4
1.7948299E-4
3.974724E-4
1.15085684E-4
3.862435E-4
1.7815964E-4
3.78387E-4
4.7706424E-5
1.211392E-4
-7.363514E-5
6.783144E-5
-1.46729E-4
-8.753071E-5
-2.173486E-4
-2.0069603E-4
-1.4999007E-4
-1.8704732E-4
-2.115129E-4
-3.1478694E-4
-4.7356847E-5
-2.3259474E-4
-1.7839161E-4
-2.0854193E-4
6.7616944E-5
-1.00778336E-4
-4.3210217E-5
1.1588817E-4
2.3718744E-4
1.259689E-4
2.2683067E-4
2.4146067E-4
1.4014704E-4
2.6939067E-4
1.6527218E-4
1.9836715E-4
1.3060418E-4
7.7515964E-5
2.4410494E-5
3.1336178E-5
-2.425071E-4
-1.076668E-4
-1.7263532E-4
-1.0183698E-4
-2.8470845E-4
-1.8556522E-4
-2.536833E-4
-6.688962E-5
-2.0222705E-4
-1.0370296E-4
-1.4940066E-4
-1.7333883E-4
-2.3005783E-4
-8.680967E-5
-2.5507808E-4
-1.5627923E-4
-2.1616003E-4
-1.7063784E-4
-6.7266774E-5
-4.894758E-5
-1.1616931E-4
-3.151738E-5
-6.0196147E-5
-4.4745328E-5
9.949391E-5
-1.0111244E-4
-1.8669518E-5
-1.1809488E-4
6.1485036E-5
4.154779E-5
-4.3100663E-4
-2.2966016E-4
-7.89408E-5
1.3332276E-4
-9.4740746E-5
-4.9471407E-4
-3.049446E-4
-2.5932002E-4
-1.5758627E-4
4.2697732E-4
-7.5734704E-4
-6.0966256E-4
0.0013328225
3.158243E-4
-4.172795E-4
-5.291042E-4
6.0694245E-5
1.9408525E-4
3.7747415E-4
1.1263632E-4
-1.604756E-4
-2.2919661E-4
-2.1017337E-4
8.927221E-5
2.3028767E-4
4.7552673E-4
4.6112135E-4
1.7369095E-4
2.0457155E-4
2.8951193E-4
5.4151547E-5
-1.303282E-4
-6.391532E-5
-1.8301049E-4
2.0017332E-4
7.981918E-5
3.552653E-4
5.1577674E-4
4.566161E-4
4.080221E-5
-2.3598985E-4
-3.4031892E-4
3.8027804E-4
8.9175715E-5
4.2922442E-5
-1.2004664E-4
-1.4263518E-4
-2.1313278E-4
-1.2881318E-4
-1.1156786E-4
8.454181E-6
-1.07407905E-4
-2.4118372E-4
-1.7840216E-4
-2.8558093E-4
-4.0980332E-5
5.541218E-5
2.3017828E-4
3.1223404E-4
3.559245E-4
4.825887E-4
4.6765897E-4
4.1252945E-4
5.1058416E-4
2.8661636E-4
1.8623774E-4
-3.201928E-5
1.0935356E-4
2.4086145E-4
2.925457E-4
5.476472E-5
1.7725775E-4
1.9729177E-4
-1.84887E-5
-9.571713E-5
-2.2191345E-4
-1.7841319E-4
-4.0510093E-4
-2.874865E-4
-1.7686805E-4
-1.3704452E-4
4.7045178E-5
4.0517392E-4
4.5180114E-4
3.7502323E-4
1.1076615E-4
2.3881452E-4
3.5258042E-4
2.3500812E-4
-4.4045224E-5
8.195217E-5
1.9252444E-4
1.2637465E-4
1.6161359E-5
1.16257515E-5
2.9084156E-4
1.5014128E-4
8.168826E-5
-1.6423746E-4
-7.842681E-5
-2.2358882E-4
-1.5929727E-4
-4.897365E-4
-3.2728462E-4
-2.1065255E-4
-8.98155E-5
-9.937804E-6
9.8498145E-5
1.0578088E-5
2.0314676E-4
-2.6376006E-6
-9.519372E-5
-2.5732952E-4
-5.6013654E-5
-1.9907033E-4
-1.4618419E-4
-1.8832891E-4
-2.6316167E-4
-2.2350039E-4
-7.9915546E-5
-7.510862E-5
-1.0687284E-4
-7.477019E-5
-5.3676402E-5
-2.1424616E-4
-4.1860758E-4
-3.2564637E-4
-2.557326E-4
-2.9591456E-4
-2.7919226E-4
-2.5352457E-4
6.0758534E-6
2.8512233E-5
1.2830162E-4
1.548851E-4
5.79524E-5
-1.4416735E-4
-4.2750587E-5
-2.7727228E-4
-3.1316193E-4
-4.7884008E-4
-4.7601236E-4
-4.5313247E-4
-4.8555317E-4
-5.3157314E-4
-3.338587E-4
-3.1497292E-4
-3.1645264E-4
-2.559581E-4
-4.243203E-4
-6.0990656E-4
-3.887355E-4
-4.974232E-4
-4.042596E-4
-4.6022265E-4
-6.047707E-4
-4.2807992E-4
-2.5160928E-4
-2.7043055E-4
-4.542049E-4
-3.4697587E-4
-3.3510147E-4
-3.6568378E-4
-5.041417E-4
-4.2799185E-4
-4.751752E-4
-4.4835018E-4
-4.0010517E-4
-2.2041544E-4
-3.0533082E-4
7.568325E-7
-8.291482E-6
3.276731E-5
-6.1377614E-5
8.508729E-5
-8.126263E-5
-3.3081513E-5
-1.8127186E-5
-5.6053097E-5
-8.405882E-5
-1.2205883E-4
-7.5163545E-5
4.2043393E-6
-1.2231064E-4
-6.8388865E-5
1.8505409E-4
-1.3627767E-5
5.3852476E-5
-1.1143917E-4
-2.1739773E-4
-1.2331424E-4
-7.1972994E-5
-9.597513E-5
-2.3235306E-4
-1.0025283E-4
-1.07849075E-4
9.646068E-5
5.0380946E-5
-1.1368122E-5
2.0597516E-4
7.445383E-5
1.4944331E-4
1.4827808E-4
6.0794726E-5
1.2518016E-4
1.5668933E-4
3.1574423E-4
1.928616E-4
1.0780789E-4
1.5256255E-5
2.2207906E-4
5.9818918E-5
2.8767993E-4
3.4400527E-4
2.781489E-4
3.4093368E-4
3.2095745E-4
2.682476E-4
3.063917E-4
2.7567585E-4
2.8024346E-4
3.5730132E-4
4.1805065E-4
5.707845E-4
4.4326164E-4
5.2899524E-4
3.9193002E-4
3.6260535E-4
4.166856E-4
4.2795733E-4
2.6626102E-4
3.4303608E-4
2.153521E-4
2.9554634E-4
1.7430597E-4
1.2241697E-4
9.253092E-5
1.7947551E-4
1.508666E-4
1.6767165E-4
1.17588395E-4
1.585028E-4
1.3974338E-4
1.14023074E-4
-3.5858215E-5
-3.976392E-5
1.246457E-4
2.5656564E-5
7.026821E-5
-1.3105964E-4
8.313191E-5
-8.504556E-5
4.0865914E-5
-1.7731894E-4
-4.5393965E-5
-6.700731E-5
-2.6814227E-5
-1.306963E-4
-4.0978433E-5
-1.6058348E-4
-6.369867E-5
-8.265693E-5
-3.9759587E-5
-4.6502835E-5
1.9101664E-5
9.932355E-5
1.3910753E-4
1.501825E-4
2.0137854E-4
2.0747991E-4
5.256282E-5
1.3839452E-4
6.208903E-5
2.1003648E-4
2.3294323E-4
2.5869298E-4
2.7639032E-4
2.7806513E-4
2.842823E-4
2.8036218E-4
9.579571E-5
2.3670352E-4
1.8969523E-4
1.4361329E-4
2.7410965E-4
8.2576535E-6
1.8891924E-4
5.7760426E-5
1.7433362E-4
1.1554226E-4
1.6603235E-4
9.224874E-5
2.1207058E-4
2.3205685E-4
2.668605E-4
2.3566706E-4
3.2294664E-4
2.2403285E-4
3.1629438E-4
3.0471923E-4
3.1353216E-4
2.900242E-4
4.1426913E-4
3.1342523E-4
3.2571636E-4
3.1735597E-4
2.2486337E-4
2.214266E-4
4.244583E-4
4.3628822E-4
3.811527E-4
2.683861E-4
2.2430654E-4
1.7746376E-4
5.276955E-5
2.2549045E-4
3.2468376E-4
2.4530475E-4
9.747096E-5
1.0032293E-4
-8.515652E-6
4.8963426E-5
1.7976634E-4
1.8716839E-4
-4.6163923E-6
-2.9535533E-6
7.8702404E-5
1.3031521E-4
1.6206989E-4
3.6981198E-6
8.45688E-5
1.2638347E-4
1.03056176E-4
-7.440692E-5
2.681111E-6
-1.976706E-4
-2.7995018E-5
-2.5999104E-4
-1.1645201E-4
-2.2112124E-4
-3.097777E-4
-2.5939994E-4
-6.0024147E-5
-2.6519047E-4
-2.871394E-4
-2.595767E-4
-1.04704035E-4
-1.513934E-4
-1.9716787E-4
-6.8138565E-5
-1.0188755E-4
-1.2251807E-4
-5.183637E-5
-2.2479788E-5
-2.0147365E-4
-3.0558257E-4
-3.1347226E-4
-1.18295466E-4
-2.572451E-4
-4.3413605E-5
-3.2100666E-4
-3.3980006E-4
-4.465218E-4
-3.2784458E-4
-3.358955E-4
-3.5839796E-4
-2.3617512E-4
-4.2358888E-4
-3.4270796E-4
-1.3478225E-4
-2.9737028E-4
-2.468178E-4
-2.9077267E-4
-4.9788E-4
-4.1538273E-4
-5.235508E-4
-3.0850963E-4
-3.185702E-4
-3.166195E-4
-4.6770246E-4
-3.6933273E-4
-3.979785E-4
-4.3994866E-4
-3.977553E-4
-4.4031165E-4
-4.9047545E-4
-4.77334E-4
-5.640565E-4
-4.5949713E-4
-5.582866E-4
-6.423008E-4
-6.069929E-4
-3.992735E-4
-6.138235E-4
-3.7644085E-4
-3.0381547E-4
-4.7704525E-4
-4.7224562E-4
-4.221067E-4
-3.458501E-4
-2.381345E-4
-2.0725052E-4
-1.772058E-4
-4.612045E-4
-4.4459195E-4
1.4848946E-4
-2.1337753E-4
-2.7215917E-4
-4.13065E-4
-1.13088056E-4
-1.7862277E-4
-6.1015962E-5
-6.8007714E-5
-7.715516E-5
-1.0066868E-4
-2.310113E-4
-1.8776492E-4
-1.9849486E-4
-7.1968745E-5
-2.6409508E-4
-1.1202005E-4
-9.6523334E-5
3.7762802E-5
1.2184561E-5
-1.1455571E-4
-4.6221714E-4
-4.4013615E-4
-2.7467855E-4
-1.0585405E-4
-1.8066338E-4
-2.2075318E-4
-1.3069257E-4
-2.4820457E-4
-2.1970012E-4
-2.2380683E-4
-1.08456494E-4
-9.132054E-5
-8.851151E-5
-2.2547563E-4
-1.8850736E-4
-2.0710797E-4
-2.0849299E-4
-1.0845671E-4
4.5382672E-5
-5.281057E-5
6.453695E-5
-7.885907E-5
2.5425543E-5
3.391552E-5
-6.5564556E-5
-1.4454096E-4
-3.3880733E-5
-1.9683728E-4
-1.3194032E-5
-1.1382665E-6
7.186367E-5
-1.1553287E-4
1.5469888E-4
1.0714759E-4
1.3485402E-4
2.1332805E-4
-6.6306498E-6
8.398749E-6
-9.318356E-5
-7.6972E-5
-1.2521748E-4
1.6575171E-4
2.367248E-5
2.7654742E-4
3.376019E-4
2.7239945E-4
3.4422352E-4
4.2583578E-4
3.6108473E-4
1.8684354E-4
2.3574E-4
6.940916E-5
1.0466018E-4
7.4463096E-5
1.11548674E-4
2.4232938E-4
3.933322E-4
3.051994E-4
4.797651E-4
5.049031E-4
5.645655E-4
4.3936347E-4
5.203987E-4
3.087931E-4
3.12044E-4
1.7794131E-4
3.53081E-4
2.1667314E-4
4.2166183E-4
4.036491E-4
4.4895065E-4
4.624797E-4
4.960728E-4
4.3136062E-4
4.7989204E-4
5.184218E-4
3.255746E-4
2.2540754E-4
2.7739152E-4
3.241868E-4
2.9154916E-4
3.030511E-4
4.0847537E-4
5.2216277E-4
3.5497782E-4
3.8684715E-4
4.810621E-4
3.5491222E-4
2.1169384E-4
1.6240696E-4
3.1835077E-4
2.3755907E-4
2.6755445E-4
3.451854E-4
4.8208208E-4
4.3602113E-4
4.3614506E-4
4.3862045E-4
6.039553E-4
5.0128595E-4
5.6166144E-4
4.0265633E-4
4.3171784E-4
3.547001E-4
4.0156575E-4
2.1355512E-4
4.574023E-4
4.0149465E-4
5.3022784E-4
4.5598965E-4
7.2635425E-4
5.902168E-4
7.146611E-4
5.006801E-4
6.3635636E-4
5.6136237E-4
4.7005282E-4
3.9972228E-4
4.2409767E-4
4.2457573E-4
4.700396E-4
4.9825775E-4
4.7450917E-4
4.4086148E-4
2.4151575E-4
5.141445E-4
4.4770105E-4
2.9987283E-4
2.4911042E-4
1.1896756E-4
1.2760305E-4
2.8789573E-4
2.0358365E-4
1.6612395E-4
6.433966E-5
-1.6429218E-5
5.8413993E-5
9.9453455E-6
1.012367E-4
-1.4027176E-4
-5.158467E-5
-1.898292E-4
-1.1773132E-4
-3.1416694E-4
-3.3056803E-4
-3.8025193E-4
-3.6167307E-4
-5.4603897E-4
-4.465536E-4
-5.764944E-4
-4.6268592E-4
-5.649623E-4
-5.188184E-4
-5.4316875E-4
-4.115008E-4
-4.4993014E-4
-5.0931337E-4
-4.7657941E-4
-3.8823677E-4
-5.483509E-4
-4.5920128E-4
-4.2490606E-4
-3.197084E-4
-2.6655084E-4
-3.007915E-4
-2.8953518E-4
-3.4607912E-4
-2.5795214E-4
-4.307384E-4
-2.3357681E-4
-3.6621632E-4
-1.14167065E-4
-2.7878844E-4
-2.5045333E-4
-1.8703062E-4
-1.9601083E-4
4.359749E-5
1.5939833E-4
1.7706238E-4
-1.3596191E-5
1.977818E-5
5.434702E-5
4.2020805E-5
1.0073555E-4
1.5829701E-4
1.964455E-4
2.7388395E-4
2.716869E-4
2.3790507E-4
1.9291998E-4
3.1007364E-4
1.1414936E-4
4.8169586E-5
1.1885475E-4
1.2739666E-4
1.1797043E-4
2.91753E-4
1.6920867E-4
2.8067135E-4
1.586386E-4
6.9868176E-5
7.951266E-5
1.0160111E-4
2.039125E-4
1.0455291E-4
2.719005E-4
8.725529E-5
3.176257E-4
9.915516E-5
2.1343795E-4
4.355168E-5
1.8116196E-4
9.8309836E-5
1.4589791E-4
5.7515233E-5
2.2422902E-4
1.1327838E-4
2.8458325E-4
1.0672851E-4
1.9643006E-4
1.7794881E-4
1.617269E-4
7.694646E-5
-1.6213675E-5
1.4228247E-4
3.455614E-5
1.05404666E-4
-1.1609653E-5
1.1279534E-4
1.18904456E-4
1.330288E-4
1.0670679E-4
8.8995504E-5
6.345041E-5
1.1161021E-5
7.728133E-5
1.0383989E-4
1.799668E-5
-7.457404E-5
2.4256611E-5
9.63955E-5
7.8884514E-5
-3.4596655E-5
3.8450955E-5
3.3936365E-7
1.7903304E-4
-7.771691E-5
1.4204484E-4
-8.7101136E-5
7.470009E-5
-1.4801562E-4
1.2424018E-4
-1.5120664E-4
2.7901174E-6
-1.3966541E-4
-6.577976E-6
-1.4279052E-4
-3.0443211E-6
-2.0600838E-4
1.016535E-4
-1.9360987E-4
-5.127944E-5
-2.7794155E-4
1.2663158E-5
-2.626632E-4
-8.161005E-5
-1.2143146E-4
-7.197817E-5
-1.9970673E-4
-9.455474E-5
-4.110438E-5
-1.1522011E-4
-1.0291005E-4
-2.26944E-5
-5.7196103E-5
-1.8225423E-5
5.6258043E-5
3.802932E-5
-3.3059845E-5
1.682418E-5
1.9773091E-5
-4.5524475E-6
-2.2401353E-7
-7.843682E-5
-1.5559455E-4
-8.6032785E-5
-1.20158016E-4
1.0512923E-4
-2.4065237E-5
-1.05803076E-4
-4.8747206E-6
1.7906602E-4
3.1772048E-5
3.1415996E-4
-7.741665E-6
4.061189E-4
1.0234247E-4
3.8829196E-4
8.731966E-5
3.9696906E-4
2.2290023E-4
4.2254236E-4
1.5093159E-4
3.2103248E-4
2.4019639E-4
2.975459E-4
2.347428E-4
3.4450955E-4
1.749777E-4
2.6594763E-4
1.9251762E-4
1.3063864E-4
7.884851E-5
1.2770169E-4
1.8224382E-4
7.548753E-5
1.6370077E-4
9.247398E-5
4.6947614E-5
9.516146E-5
7.2858056E-5
9.5728596E-5
9.4923846E-5
4.8681177E-5
1.17272E-4
1.1031221E-4
-6.4954926E-5
-6.30144E-5
-1.767903E-4
-3.0050523E-5
-8.3323335E-5
-5.605012E-5
-8.449033E-5
-6.306945E-5
-1.5143004E-4
-8.58375E-6
-1.03902945E-4
-1.1460783E-5
-7.845587E-5
5.173232E-5
-3.313401E-4
-4.4051143E-5
-1.2222114E-4
-7.594859E-5
-3.1229344E-4
-2.022009E-4
-3.5621948E-4
-3.1821316E-4
-2.701562E-4
-2.754306E-4
-2.968341E-4
-2.993488E-4
-3.5814755E-4
-3.3485613E-4
-3.200436E-4
-3.1902123E-4
-3.6253798E-4
-4.954621E-4
-3.6128802E-4
-3.3637704E-4
-3.378491E-4
-3.3177235E-4
-4.076104E-4
-3.2008905E-4
-2.3621357E-4
-3.4120353E-4
-3.659069E-4
-4.5514066E-4
-3.5727723E-4
-4.597929E-4
-3.4118321E-4
-3.2840387E-4
-3.7734373E-4
-1.653813E-4
-2.0154324E-4
-2.6334886E-4
-3.4493E-4
-1.2688652E-4
-3.2845009E-4
-8.284386E-5
-5.2175834E-5
-5.582969E-5
-1.861869E-4
-1.8236606E-5
-1.854397E-4
1.3621101E-5
4.1884447E-5
1.2247867E-4
1.08511354E-4
2.4365434E-6
5.6171564E-5
5.910569E-5
2.4309218E-5
1.6632718E-4
2.4442712E-4
9.7961456E-5
1.7831427E-4
1.4681797E-4
2.770269E-4
2.177673E-4
3.0922823E-4
3.2930358E-4
2.6762782E-4
1.5977926E-4
2.8873622E-4
1.9580366E-4
4.0674605E-4
4.3714495E-4
3.6286403E-4
3.066441E-4
3.8151292E-4
3.856663E-4
3.308816E-4
4.0549884E-4
3.1915755E-4
2.9680372E-4
2.37539E-4
3.333692E-4
2.3866481E-4
3.154654E-4
3.2717563E-4
4.5981808E-4
3.620002E-4
5.996484E-4
2.896239E-4
3.7819325E-4
4.1019564E-4
4.0609186E-4
3.4727654E-4
3.0073282E-4
2.3600641E-4
2.6765195E-4
2.735281E-4
2.4784644E-4
2.6607944E-4
2.2528062E-4
3.5969916E-4
1.6341178E-4
2.3011937E-4
2.0408529E-4
2.3159456E-4
2.6180669E-5
3.1511748E-4
-1.0190064E-4
1.728395E-4
1.2183026E-5
1.3113134E-4
-3.1155945E-5
1.21183686E-4
-8.0782185E-5
8.54091E-5
4.8424743E-5
8.491953E-5
-1.4151014E-5
5.789069E-5
-5.3431067E-5
-5.7189434E-5
-1.0819867E-4
-5.321391E-5
-6.4955995E-5
-1.51951845E-5
5.1250456E-5
-9.849721E-5
1.097157E-4
2.271379E-5
-2.7578593E-5
3.0451227E-5
1.2760375E-4
1.7324093E-4
2.6636406E-5
1.00668876E-4
1.3105368E-4
8.911992E-5
1.05683925E-4
9.7636264E-5
1.2886214E-4
2.2334437E-4
1.3826143E-4
1.6736015E-4
2.0078201E-4
3.6978477E-4
2.8394852E-4
2.865803E-4
2.845055E-4
3.657773E-4
3.1827687E-4
3.9662627E-4
3.1894454E-4
4.91165E-4
3.7428093E-4
4.1579566E-4
4.0359364E-4
3.4263427E-4
3.5908897E-4
4.216551E-4
4.6218847E-4
3.5180134E-4
3.3405478E-4
2.9134244E-4
3.209768E-4
3.311813E-4
2.676952E-4
3.2838163E-4
3.74983E-4
2.7582925E-4
3.46124E-4
2.1243721E-4
2.3007179E-4
2.1868134E-4
2.5298656E-4
1.3168572E-4
3.0626665E-4
1.0978932E-4
2.3462909E-4
1.2128031E-4
1.7810555E-4
1.07215084E-4
3.4903115E-4
2.05774E-4
1.6990186E-4
1.4607463E-4
1.3719969E-4
9.528702E-5
1.7122387E-4
2.35454E-5
1.9870822E-6
-7.094448E-5
-1.6283088E-4
-9.240895E-5
-6.399381E-5
-5.584685E-5
-1.4248068E-4
-6.7776775E-5
-2.62236E-4
-1.4446328E-4
-2.4657196E-4
-2.8104463E-4
-2.1739391E-4
-2.505031E-4
-2.2554466E-4
-2.1221972E-4
-1.7922255E-4
-2.4168067E-4
-3.205109E-4
-2.5480703E-4
-2.7263226E-4
-4.1768755E-4
-2.553819E-4
-2.97873E-4
-2.0796333E-4
-3.5913943E-4
-3.4049724E-4
-4.5205015E-4
-1.9323631E-4
-4.5784615E-4
-2.3519756E-4
-4.0133097E-4
-2.2631264E-4
-3.306394E-4
-3.3189068E-4
-4.426507E-4
-5.033527E-4
-4.255448E-4
-3.7424534E-4
-6.2475045E-4
-3.475E-4
-2.4317166E-4
-3.8134953E-4
-4.6938355E-4
-3.841631E-4
-4.5715505E-4
-3.8227017E-4
-3.4899497E-4
-5.760566E-4
-4.91612E-4
-3.93491E-4
-3.7047066E-4
-3.238466E-4
-3.2101112E-4
-4.4549434E-4
-3.9147376E-4
-3.5786495E-4
-2.940351E-4
-1.8006307E-4
-3.926258E-4
-2.0095945E-4
-3.1102495E-4
-1.7105487E-4
-2.7705778E-4
-1.8251188E-4
-2.8438246E-4
-2.0060799E-4
-1.7466524E-4
-9.926443E-5
-2.1591899E-4
-7.2762115E-5
-2.0643944E-4
7.4212854E-5
-7.2652416E-5
3.9825885E-5
-1.2446398E-5
1.942973E-4
6.2185245E-5
1.4432248E-4
1.986842E-4
1.9309597E-4
1.2357268E-4
1.8717127E-4
1.9289218E-4
2.0130763E-4
2.0730085E-4
4.1387134E-4
3.4400384E-4
3.006215E-4
2.9429892E-4
3.5360377E-4
4.5988645E-4
4.3458559E-4
3.7019735E-4
3.7970406E-4
3.3855718E-4
4.5781155E-4
4.9810903E-4
4.0740485E-4
3.4497963E-4
4.1626202E-4
3.1031185E-4
4.2182588E-4
2.5482863E-4
3.2050477E-4
3.0074918E-4
3.0207375E-4
1.6859967E-4
2.3815662E-4
1.0962354E-4
2.0531297E-4
1.374913E-4
3.4427372E-4
1.3846904E-4
2.67284E-4
1.7446448E-4
2.2869854E-4
1.1146314E-4
2.7219282E-4
2.3142641E-4
2.0398705E-4
1.6625048E-4
2.9907582E-4
1.3091236E-4
2.0653772E-4
1.9831811E-4
1.3985905E-4
2.567537E-4
3.036855E-4
2.4714545E-4
2.0119095E-4
2.132312E-4
2.3860844E-4
3.0309672E-4
4.2228942E-4
3.7320465E-4
2.707435E-4
3.1822725E-4
3.210941E-4
2.7217594E-4
3.4043982E-4
2.6051715E-4
3.5689707E-4
2.123498E-4
3.5474118E-4
2.9853274E-4
4.12515E-4
1.7031435E-4
4.9038354E-4
3.6394247E-4
3.1189254E-4
2.7692772E-4
4.851108E-4
3.6649115E-4
4.9803255E-4
3.9478776E-4
5.972635E-4
2.9776793E-4
4.544064E-4
3.6982636E-4
5.7424634E-4
4.9891375E-4
5.792439E-4
5.185445E-4
5.733837E-4
5.355085E-4
5.98997E-4
5.336985E-4
6.675582E-4
6.8407523E-4
5.790443E-4
6.443439E-4
5.159641E-4
6.2822015E-4
6.5257965E-4
7.212049E-4
5.064208E-4
6.873031E-4
4.3818227E-4
5.2394747E-4
4.0219096E-4
4.7452582E-4
4.0826487E-4
3.7097206E-4
4.5899447E-4
3.9424963E-4
3.054643E-4
3.5797642E-4
2.692938E-4
1.0992129E-4
3.4554585E-4
1.2583841E-4
9.447027E-5
-3.7289465E-5
1.771004E-4
1.278572E-4
2.4099296E-4
3.2960463E-5
1.0364906E-4
4.928382E-5
2.9664286E-4
1.3650201E-4
1.4883385E-4
-2.323048E-6
2.4075496E-4
6.863815E-5
4.0472998E-5
3.671782E-5
-1.00409095E-4
1.743684E-5
-3.2825177E-5
-7.4286014E-5
3.8207876E-5
-2.9889015E-5
-1.5051787E-4
1.7348477E-5
-4.7007703E-5
-1.5929416E-5
-1.2957591E-4
-9.4799805E-5
-2.3226209E-4
-1.2853043E-4
-2.7936345E-4
-1.5630136E-4
-2.5044713E-4
-2.574575E-4
-3.046697E-4
-2.5347885E-4
-1.5965325E-4
-2.1135803E-4
-2.493449E-4
-2.4706524E-4
-2.5696427E-4
-2.9812224E-4
-2.0824141E-4
-2.8562135E-4
-1.6950232E-4
-4.0081888E-4
-1.8030139E-4
-2.7627475E-4
-2.171633E-4
-4.0396812E-4
-2.3518018E-4
-4.1714963E-4
-2.6447666E-4
-3.551699E-4
-2.505737E-4
-2.5702995E-4
-1.2433947E-4
-2.8658882E-4
-2.8686176E-4
-3.185642E-4
-1.6673031E-4
-1.6703736E-4
-1.5957441E-4
-2.1244014E-4
-1.8859773E-4
-2.3931131E-4
-2.36226E-4
-1.7159924E-4
-1.5508912E-4
-9.40612E-5
-7.640439E-5
-6.600284E-5
-3.5333473E-4
-9.542603E-5
-2.4115147E-5
-5.3480577E-5
-1.18916E-4
-9.073316E-5
1.1800111E-5
-3.2322525E-5
1.6691694E-5
-1.5780714E-4
-1.8163903E-4
-1.803227E-4
5.4328506E-5
-7.647966E-5
1.8249742E-5
-7.92087E-5
-2.425598E-5
1.2829558E-5
1.07847816E-4
-4.8957758E-5
3.1231404E-5
8.921836E-5
2.0619437E-4
5.8505615E-5
1.6050856E-4
2.0100946E-4
2.469184E-4
2.1580906E-4
2.7339536E-4
2.3532638E-4
2.6488758E-4
2.1063306E-4
2.686169E-4
3.696923E-4
3.299789E-4
3.991949E-4
3.606971E-4
4.7220528E-4
3.7901915E-4
4.8987794E-4
4.2510286E-4
3.6684482E-4
4.7621943E-4
4.890798E-4
4.1996845E-4
4.7278876E-4
5.186206E-4
5.137282E-4
4.7959344E-4
4.1874015E-4
5.100005E-4
5.1161466E-4
5.8846216E-4
3.0808384E-4
4.8020738E-4
3.395339E-4
3.8527654E-4
3.538763E-4
5.004564E-4
2.7504723E-4
4.2074174E-4
3.4598986E-4
4.9074425E-4
4.647926E-4
4.8457977E-4
4.7202402E-4
4.3458538E-4
3.5387135E-4
5.0475553E-4
3.543624E-4
4.5678442E-4
2.6280887E-4
4.7408257E-4
3.877857E-4
4.3448806E-4
2.2280311E-4
2.8349337E-4
4.680432E-4
4.1612916E-4
4.4385612E-4
3.6043127E-4
4.413825E-4
3.173504E-4
3.3884472E-4
3.316713E-4
5.4006214E-4
4.6504193E-4
4.2871406E-4
4.008056E-4
4.300636E-4
4.217964E-4
4.3808392E-4
5.320442E-4
4.0620362E-4
3.7522748E-4
4.534466E-4
5.058322E-4
4.855537E-4
5.1252515E-4
4.2473222E-4
5.0742977E-4
3.8100223E-4
5.108614E-4
3.7743212E-4
4.8271441E-4
2.2620549E-4
4.3585585E-4
2.488579E-4
4.5191427E-4
3.8362975E-4
3.4192696E-4
2.7074112E-4
2.6691915E-4
2.431732E-4
3.0077933E-4
2.6089547E-4
2.8427772E-4
8.6886364E-5
1.8633138E-4
1.689474E-4
8.1633516E-5
1.16423646E-4
-6.519484E-5
8.706909E-5
-3.398567E-5
9.76862E-6
-1.6894635E-4
-3.8413255E-5
-1.3757277E-4
-5.304455E-5
-1.720318E-4
1.799416E-5
-2.513784E-4
-2.4938176E-4
-9.070311E-5
-7.074554E-5
-1.3949786E-4
-2.2364588E-4
-2.7767743E-4
-3.3284276E-4
-2.1476817E-4
-2.1525333E-4
-3.0694302E-4
-4.4495607E-4
-4.1588265E-4
-4.6743863E-4
-2.5103622E-4
-3.6592432E-4
-2.1658391E-4
-4.216345E-4
-2.9789616E-4
-4.090822E-4
-3.468312E-4
-4.8839557E-4
-3.2008116E-4
-5.099008E-4
-4.1570593E-4
-3.886491E-4
-4.5913798E-4
-5.0394324E-4
-4.6417126E-4
-4.608267E-4
-5.8916304E-4
-4.2001292E-4
-4.2744607E-4
-3.6555057E-4
-6.751836E-4
-4.8786073E-4
-5.4070505E-4
-3.49987E-4
-5.06328E-4
-4.3988705E-4
-5.7977746E-4
-5.146793E-4
-5.334505E-4
-3.8422397E-4
-4.4868526E-4
-4.1280675E-4
-3.2991718E-4
-3.9559687E-4
-3.6198462E-4
-4.139979E-4
-2.9266332E-4
-2.3231388E-4
-3.0619546E-4
-4.1803412E-4
-2.5065325E-4
-2.4759053E-4
-2.6248794E-4
-3.2139057E-4
-2.2496795E-4
-3.1943028E-4
-1.7466294E-4
-1.5242297E-4
-1.0235714E-4
-2.6480836E-4
-1.6688915E-4
-1.29994E-4
-9.75291E-5
-1.21782105E-4
8.342506E-6
6.710633E-5
-3.8949653E-5
-2.3757459E-5
8.490951E-6
3.4680015E-5
-1.1703165E-5
5.9824586E-5
1.05059946E-4
1.7140043E-4
-9.720707E-6
2.0836024E-4
2.5007705E-5
-5.9558133E-5
2.8976056E-5
5.832115E-5
-2.0308997E-5
2.7856917E-5
-6.339827E-6
4.454679E-6
9.411732E-5
1.5892196E-5
1.03522056E-4
-1.9149913E-5
-1.4350362E-5
3.134053E-5
4.4968667E-5
-3.084844E-5
2.9960305E-5
-1.5704478E-4
1.01482496E-4
5.3827906E-5
7.404258E-5
-8.6118656E-5
1.6328115E-4
-8.431736E-5
-4.48759E-5
-7.682867E-6
1.8303384E-4
-7.254806E-5
5.5689E-5
-4.389589E-5
9.628259E-5
2.0229076E-4
8.810689E-5
2.5244083E-4
2.3506132E-4
2.1289069E-4
3.1487402E-4
3.398784E-4
2.5221577E-4
3.1396627E-4
1.9260297E-4
2.9165763E-4
3.2932113E-4
3.3237896E-4
3.7949704E-4
3.7771103E-4
3.803931E-4
3.410893E-4
4.786213E-4
3.5009615E-4
5.099034E-4
4.0948731E-4
4.1624645E-4
3.9636844E-4
4.1188192E-4
3.875644E-4
4.3425834E-4
3.8937738E-4
5.0185446E-4
3.6905188E-4
3.6870618E-4
2.632251E-4
4.1343318E-4
3.1814564E-4
3.4866703E-4
1.9711484E-4
4.5162815E-4
2.3665783E-4
4.2610397E-4
2.8646222E-4
3.295327E-4
3.052892E-4
2.703552E-4
2.3937302E-4
3.8616132E-4
3.192547E-4
2.110009E-4
2.4231653E-4
2.8534967E-4
2.9785585E-4
2.5712518E-4
3.2337394E-4
1.606646E-4
2.2570197E-4
2.7221674E-4
3.2636357E-4
2.871639E-4
2.866454E-4
2.0033789E-4
1.2344778E-4
1.5110742E-4
3.0405662E-4
2.2115733E-4
2.3111743E-4
2.543928E-4
2.163052E-4
1.7561075E-4
7.8081655E-5
1.8504813E-4
-2.5553269E-5
1.0335947E-4
-9.950409E-5
7.5029835E-5
-1.8093939E-5
2.2636804E-4
-2.7460419E-5
8.788186E-5
-2.8249131E-5
7.6819924E-5
4.332672E-6
1.2603412E-4
1.4284943E-4
1.4583676E-4
1.3822016E-4
1.7054728E-4
1.9967013E-4
1.11432084E-4
1.7241384E-4
1.8554424E-4
1.3654576E-4
-5.5611526E-5
1.18463955E-4
-5.184169E-5
-3.053644E-5
-1.6791919E-4
9.224139E-6
-1.2716524E-4
1.9665367E-5
-1.6997245E-4
-7.174474E-5
-2.2205505E-4
-2.0182428E-4
-2.8379267E-4
-2.3343865E-4
-3.7630822E-4
-3.2640496E-4
-4.091223E-4
-3.1311813E-4
-3.8912118E-4
-3.0694745E-4
-2.9760628E-4
-4.9731514E-4
-4.004126E-4
-3.3527965E-4
-3.7755558E-4
-4.4948066E-4
-4.5682178E-4
-4.450707E-4
-4.7938898E-4
-5.2233E-4
-3.9645925E-4
-5.7385786E-4
-4.3958807E-4
-4.323804E-4
-4.298237E-4
-5.011558E-4
-4.414813E-4
-4.7324735E-4
-5.172772E-4
-3.2787494E-4
-3.3278437E-4
-3.8909639E-4
-4.3455543E-4
-2.3465461E-4
-3.9303332E-4
-2.7245644E-4
-3.5950317E-4
-1.6713298E-4
-3.4277365E-4
-1.9418665E-4
-1.9583531E-4
-1.13983035E-4
-2.2079772E-4
-1.0035682E-4
-1.2949361E-4
-4.930593E-5
-1.3333868E-4
-8.593599E-5
-9.651634E-5
-2.0505462E-4
-7.004054E-5
2.918218E-5
-4.342589E-5
-5.07619E-6
6.791321E-5
6.73739E-6
-3.3882843E-6
-9.031295E-5
9.662005E-5
1.2507594E-6
7.7673445E-5
1.5497323E-4
9.631729E-5
7.325362E-5
9.609024E-6
-5.761654E-6
1.4868286E-4
2.132649E-4
1.4391696E-4
1.7884179E-4
3.1216812E-4
2.8200104E-4
2.4403517E-4
2.933761E-4
2.4120082E-4
2.3312606E-4
9.1893504E-5
3.097195E-4
2.6338527E-4
3.879129E-4
2.2927413E-4
2.834842E-4
2.3084311E-4
3.7163481E-4
1.9792287E-4
2.805972E-4
1.8701683E-4
5.388211E-4
4.061793E-4
4.9570174E-4
3.0138908E-4
5.391704E-4
3.889579E-4
4.1113925E-4
5.5627635E-4
5.487153E-4
4.7763193E-4
3.205769E-4
3.9039794E-4
3.4117367E-4
4.5800844E-4
2.6241314E-4
2.922519E-4
3.5963027E-4
3.675552E-4
3.3856975E-4
3.261189E-4
3.9140118E-4
4.970563E-4
3.225122E-4
3.5088774E-4
3.3403706E-4
2.948052E-4
2.5467336E-4
2.0459139E-4
3.8360196E-4
1.825322E-4
2.6535804E-4
7.13118E-5
1.8735201E-4
8.4160485E-5
3.0282326E-4
9.7542455E-5
2.8728927E-4
1.5987175E-4
2.0106073E-4
4.6040648E-5
1.5976466E-4
8.86804E-5
2.2704354E-4
-4.680082E-5
1.423399E-4
-4.6086157E-6
1.2748776E-4
-7.0926064E-5
7.9332865E-5
1.4622463E-4
2.7471626E-5
-1.1879949E-4
-8.707152E-5
-6.9415866E-5
-6.393487E-5
-8.995588E-5
-1.3454504E-4
-1.668586E-4
-4.877224E-5
-1.2409232E-4
-1.747883E-4
-1.2544813E-4
-1.8003352E-4
-7.692697E-5
-9.6294854E-5
-1.4389574E-4
-2.2743946E-4
-2.0140207E-4
-1.8707826E-4
-3.315821E-4
-2.85186E-4
-3.788529E-4
-1.5972773E-4
-3.1059037E-4
-3.3184054E-4
-3.489082E-4
-2.0602191E-4
-3.2020352E-4
-2.3263918E-4
-3.0518242E-4
-2.1720616E-4
-2.4608022E-4
-1.9633242E-4
-3.2266317E-4
-1.3311517E-4
-3.4543348E-4
-2.062316E-4
-3.4706295E-4
-2.0992223E-4
-2.5789996E-4
-1.17434836E-4
-2.4043066E-4
-2.1127737E-4
-5.503323E-5
-2.1558501E-4
-1.2125347E-4
-2.4147163E-4
-1.5774989E-4
-1.871619E-4
-4.082017E-5
-2.2951588E-4
-4.6997844E-5
-1.9479948E-4
-6.208776E-5
-2.0795716E-4
-1.5526159E-4
-1.7008057E-4
-6.234773E-5
-7.1892566E-5
3.1062013E-6
-2.1963978E-4
-4.7147347E-5
-5.5981283E-5
-1.1790227E-4
-1.0019247E-4
-1.7679743E-4
-3.2627686E-5
-1.3004085E-6
-6.347759E-5
-1.6486249E-4
-1.6170007E-4
-3.2327916E-5
-5.8595168E-5
-2.4937093E-5
-7.7209785E-5
-1.5772898E-4
-1.301218E-4
-1.6668273E-4
-1.0763874E-4
1.6075855E-5
-7.801206E-5
-1.2483893E-4
-6.756515E-5
6.2758656E-5
-8.16122E-5
6.9743415E-5
2.2145983E-5
4.8179325E-5
1.4704577E-5
1.005848E-4
-3.2931603E-5
1.75894E-4
-1.1391458E-4
-6.642817E-6
-7.7738296E-5
7.617417E-5
4.1392086E-5
1.2436743E-4
-1.0767022E-4
3.8937196E-5
-1.1189499E-4
7.8038676E-5
6.4849104E-5
2.042648E-5
-8.134871E-5
4.5701323E-5
1.0807792E-4
1.7982764E-4
5.7563873E-5
-1.5064292E-5
1.1788186E-4
2.4255423E-5
2.5931737E-5
7.5486045E-5
5.989238E-5
1.5916972E-5
1.6527787E-4
1.6543388E-4
1.8463348E-4
6.4486434E-5
1.6308618E-4
8.307735E-5
1.09886656E-4
1.4110436E-4
1.7423024E-4
5.920645E-5
1.01603146E-4
1.7407665E-4
1.4405535E-4
2.6055967E-4
1.3928232E-4
1.4655832E-4
1.346207E-4
2.6665785E-4
7.5402063E-6
1.9145891E-4
1.3113453E-4
1.4084601E-5
1.6149647E-4
2.4397085E-4
1.3569614E-4
1.9491055E-4
4.5916484E-5
1.3462927E-4
8.965463E-5
1.8678709E-4
2.3193366E-4
3.1594647E-4
2.1478775E-4
1.84606E-4
2.393026E-4
7.42127E-5
2.4815617E-4
1.9491764E-4
3.0673633E-4
6.8929345E-5
2.2995683E-4
3.155805E-4
2.1073566E-4
1.3920403E-4
3.9547446E-4
1.9028941E-4
2.4530885E-4
1.7039973E-4
1.9594918E-4
1.896906E-4
2.0582946E-4
2.3019797E-4
1.978677E-4
2.6360832E-4
1.5271583E-4
3.022884E-4
1.7737139E-4
3.1478508E-4
1.960132E-4
2.9139346E-4
1.1616826E-4
1.5809886E-4
1.1697449E-4
2.0567415E-4
1.0032608E-4
2.079848E-4
-1.4565555E-5
1.4815379E-4
1.2188453E-5
1.3417944E-4
-2.6047398E-6
9.9344856E-5
1.3992618E-4
7.979161E-5
7.5193566E-5
-8.1196784E-5
7.146446E-5
-3.3448272E-5
1.5839252E-5
-4.23975E-5
-3.1700354E-5
-2.6456913E-5
1.4697015E-4
-2.9810857E-5
1.4378144E-4
-7.455634E-5
-1.9635477E-4
-1.9516498E-4
5.833862E-5
-1.7834886E-5
1.2824074E-5
-2.4040413E-4
-1.1922982E-4
-7.950813E-5
-3.3828284E-5
-6.659678E-5
-1.3230945E-4
-4.8353213E-5
-1.2209354E-4
-3.9113373E-5
-8.986197E-5
3.725749E-5
2.043759E-6
-4.193602E-6
-9.679042E-5
-1.0972606E-4
-8.8226945E-5
-3.569832E-5
-8.874906E-5
-2.0947962E-5
1.6467799E-5
7.3178984E-5
-1.7617745E-4
-1.8336329E-4
-7.445083E-5
-1.8277937E-5
-7.469107E-5
-1.09786015E-4
1.9047036E-5
-4.167993E-5
1.5472388E-5
-9.318058E-5
-3.922301E-5
-5.0173316E-5
6.036152E-5
-4.9608505E-5
-4.411516E-6
-1.9193276E-4
5.119334E-5
-1.3435529E-4
-1.7457655E-6
4.6324676E-5
-1.9293091E-5
-1.4198662E-4
2.8304803E-5
-1.4920604E-4
1.0170481E-5
-9.2450464E-5
-1.5840729E-4
1.3462784E-5
-5.542316E-5
-1.4940335E-5
-8.064934E-5
2.2012759E-5
-5.1971616E-5
-3.6890775E-5
-1.7545409E-4
-6.510025E-5
-8.203602E-5
4.8405396E-5
-6.412121E-5
-9.779304E-5
-1.5117056E-4
-1.2338924E-7
-1.7182608E-4
-1.4923632E-4
-1.4302203E-4
-2.1994987E-4
-1.3051482E-4
-3.6405138E-5
-7.0881004E-5
-1.4321237E-4
-2.4570161E-5
-6.818001E-5
6.478303E-5
-1.4002639E-4
-2.4809522E-5
-1.2703781E-4
-8.005949E-5
-1.48327645E-5
-2.674669E-5
-7.634317E-5
-2.122758E-5
2.0288664E-5
1.11167894E-4
-1.3247294E-4
4.555622E-5
-6.725857E-5
-3.0762672E-5
-4.0708706E-5
8.019387E-5
-1.0721611E-4
-3.701265E-5
7.632168E-5
8.040865E-5
-4.3355973E-5
-2.9742592E-5
9.8961515E-5
5.5566463E-5
1.8182567E-4
-6.420662E-6
1.3725607E-4
-2.7497983E-5
3.3732085E-5
-1.26976265E-5
1.5363372E-4
8.0437014E-5
1.2368347E-4
9.7557815E-5
4.655768E-5
1.932984E-4
1.0494325E-4
1.2644038E-5
2.5536585E-5
1.270013E-4
1.5461633E-4
9.435236E-5
-3.1951302E-5
4.1034913E-5
1.20781595E-4
1.7929409E-4
6.227597E-5
2.6975593E-5
4.3908734E-5
1.3350495E-4
1.967167E-5
5.966527E-5
3.768147E-5
1.2680695E-4
1.3134346E-4
2.8914968E-5
1.9823387E-5
1.610411E-5
2.0435802E-5
1.7889764E-5
1.1201498E-4
2.8858822E-5
1.0558202E-4
4.4518994E-5
1.5950318E-4
-2.4165718E-5
1.2742769E-4
1.0940636E-6
1.7335688E-4
1.678881E-4
2.8069966E-4
1.5137973E-4
2.7201875E-4
1.7133482E-4
1.73114E-4
1.1065141E-4
3.4498685E-4
1.5093495E-4
1.4800348E-4
2.1735934E-4
2.2461404E-4
3.1996574E-4
3.265936E-4
3.4681347E-4
1.8263674E-4
2.3486736E-4
2.1550905E-4
2.3180842E-4
2.722268E-4
2.6228104E-4
1.83632E-4
3.1659778E-4
2.4332819E-4
2.8176885E-4
9.170306E-5
3.228017E-4
1.9636223E-4
1.2960032E-4
2.9484613E-4
2.4698544E-4
1.8493722E-4
1.7626144E-4
2.6637097E-4
2.5749378E-4
1.4334344E-4
4.0773934E-6
1.3565946E-4
1.1505763E-4
1.3754009E-4
5.8009715E-5
2.118535E-4
-1.23472455E-5
1.1276675E-4
-4.10522E-5
-1.8520936E-5
-1.7169518E-4
-8.478682E-5
-2.389459E-4
-1.6030081E-4
-1.0105044E-4
-1.9165834E-4
-3.0386876E-4
-3.1653597E-4
-2.2248147E-4
-3.2899994E-4
-3.0467237E-4
-3.272655E-4
-2.4317102E-4
-3.154931E-4
-2.5255806E-4
-3.5615562E-4
-4.521717E-4
-3.8411503E-4
-3.424947E-4
-3.8114592E-4
-4.2560202E-4
-3.1522414E-4
-3.3161778E-4
-4.121022E-4
-3.930576E-4
-3.0109103E-4
-3.7343756E-4
-4.562197E-4
-4.2515201E-4
-4.41078E-4
-4.3543905E-4
-3.445463E-4
-3.8317693E-4
-2.4625895E-4
-3.6431637E-4
-2.5688193E-4
-3.45615E-4
-2.2550598E-4
-4.0945705E-4
-1.7568213E-4
-2.6813484E-4
-1.658848E-4
-3.087877E-4
-7.2473005E-5
-1.8146764E-4
1.1366781E-5
-1.4429295E-4
-8.27676E-5
-8.908536E-5
-1.8905135E-5
-1.1837929E-4
-1.18562886E-4
-1.75812E-5
-5.4871984E-5
-1.3581928E-4
-2.019169E-5
2.6837908E-5
-4.8433296E-5
6.693093E-5
5.325299E-5
-5.8497342E-5
4.462532E-5
7.421035E-5
6.6423934E-5
-5.1689436E-5
-7.72201E-5
-3.1146901E-6
1.0384993E-4
3.6575177E-5
1.224204E-4
6.3255706E-5
-3.1792454E-6
1.6376836E-4
1.1608781E-4
4.8520968E-5
5.4262637E-5
-5.5793986E-5
-8.423879E-6
-1.5245595E-4
4.8187172E-5
-1.05426654E-4
-3.240735E-5
-3.0965797E-4
-1.2736928E-4
-2.998392E-4
-1.5288759E-4
-3.666354E-4
-2.1235166E-4
-2.524697E-4
-3.3488378E-4
-2.9673654E-4
-1.8159141E-4
-2.5897697E-4
-2.4231878E-4
-1.4331262E-4
-2.870561E-4
-2.6760547E-4
-2.0812888E-4
-2.1690663E-4
-2.1512162E-4
-2.1869272E-4
-2.603668E-4
-1.3441143E-4
-2.1382989E-4
-7.420016E-5
-2.102589E-4
-6.741232E-5
-2.5962014E-4
-1.8418209E-4
-2.069466E-4
-1.9242069E-4
-1.008466E-4
-2.0894867E-4
-1.0961803E-4
-8.638749E-5
-8.520723E-5
-4.2345673E-5
6.957954E-5
-8.151014E-5
4.636992E-5
-5.4213793E-5
-1.4508182E-5
-2.9153265E-5
-3.1412517E-5
-6.281619E-5
7.613518E-5
-4.2130425E-5
-1.049335E-4
-1.3254456E-4
-3.1168795E-5
-7.923237E-6
-5.0921535E-5
1.899233E-5
5.8834494E-6
-2.0676864E-6
-1.4806821E-4
1.6436657E-5
2.4546985E-6
-8.096342E-5
-1.2640415E-4
9.9981706E-5
-1.303836E-4
9.5781936E-5
3.3816832E-5
7.3180534E-5
-9.6453E-6
6.408843E-5
-7.533237E-5
1.0472215E-4
3.3072076E-5
7.662013E-5
-5.274042E-6
1.0981393E-4
-3.5597182E-6
6.2458075E-6
4.6578873E-5
1.6189997E-4
-1.06412735E-4
-3.4762335E-5
-5.1187482E-5
-7.270882E-5
2.637764E-5
-1.3296137E-5
2.0606873E-5
-1.0420725E-4
-1.8409104E-4
-3.0229648E-6
-3.3787423E-5
-2.1568754E-4
-1.6097294E-4
-2.5742388E-4
-2.1931564E-4
-6.462268E-5
-1.2326888E-4
-8.981806E-5
-2.1074631E-4
-1.480487E-4
-1.6829706E-4
-9.7783326E-5
-2.2464416E-4
-1.04094186E-4
-2.5247436E-4
-1.5126397E-4
-2.8032338E-4
-1.4188854E-4
-3.2653744E-4
-1.4774152E-4
-2.2298621E-4
-1.2138509E-4
-3.3229886E-4
-1.8142656E-4
-2.5852968E-4
-1.0475207E-4
-2.5219677E-4
-3.9578576E-6
-2.3496905E-4
-1.2057122E-4
-1.5465166E-4
-2.3062663E-4
-2.7568187E-4
-1.14918555E-4
-1.3150135E-4
-8.6490516E-5
-6.8802365E-6
1.3360995E-5
-4.7800376E-7
-1.5943882E-4
-1.0188163E-4
-1.1226622E-4
-7.1998234E-5
-9.13243E-5
-2.0018758E-6
-2.9781837E-5
-4.9274367E-5
-5.0859493E-5
2.4247662E-5
-7.5722106E-5
-9.9179204E-5
-1.190779E-6
-7.875275E-5
2.9331874E-5
-1.7426447E-4
2.9520266E-5
2.1998437E-7
-1.0661391E-5
-1.2149262E-4
3.5070472E-5
-7.659701E-5
6.0294544E-5
-1.367374E-4
2.3057913E-4
-6.4399166E-5
5.149313E-5
-1.4510611E-4
5.676801E-6
-8.0201964E-5
-9.396296E-6
-1.0103399E-4
1.8970219E-4
2.393896E-6
9.53078E-5
-4.7381322E-6
-5.2378018E-5
2.5679867E-5
1.2494012E-4
-2.3802371E-5
7.598301E-6
-1.8730902E-5
-3.809028E-5
6.722867E-5
6.125466E-5
-3.7458994E-5
-4.3095584E-5
1.7532657E-5
1.1193614E-5
7.1071416E-5
-7.0155934E-6
-4.2417778E-5
4.693875E-5
1.104711E-4
9.690333E-6
-9.8389326E-5
-3.915847E-6
3.1843354E-6
4.373718E-6
-1.1320926E-4
1.8896526E-4
-6.665151E-5
1.3876763E-4
-1.7183025E-4
4.3945958E-5
-2.1101111E-4
-2.1235812E-6
-2.775067E-4
2.7139931E-6
-2.4798536E-4
-1.0646394E-5
-1.2960129E-4
-5.9338774E-5
-1.8252309E-4
-1.0497271E-4
-8.10649E-5
-6.305813E-5
-1.548537E-4
4.1297415E-5
-4.1089042E-5
-4.1067797E-5
-1.18967226E-4
1.3558676E-5
-6.211802E-5
-5.647753E-5
-1.0548417E-4
-4.512521E-5
-1.7185019E-5
-8.0593316E-5
-1.5050607E-5
3.867836E-5
1.8810005E-4
2.65616E-5
5.9790204E-5
5.2246065E-5
8.7079265E-5
2.0120692E-4
2.7225693E-4
5.972316E-5
6.485654E-5
2.0593758E-4
9.6420714E-5
2.4821164E-4
4.586989E-5
2.7944794E-4
9.253201E-5
2.9989754E-4
1.0911608E-4
3.566498E-4
1.7861578E-4
3.036914E-4
1.9699115E-4
4.0241363E-4
2.1847604E-4
2.99569E-4
2.7589148E-4
3.1066826E-4
1.7150167E-4
4.5240953E-4
2.2688089E-4
2.3786594E-4
3.6504195E-4
3.3549202E-4
3.388249E-4
2.921951E-4
1.5766181E-4
2.771984E-4
2.4489305E-4
2.746333E-4
1.5910692E-4
1.3170103E-4
1.6952089E-4
2.4698518E-4
2.1310094E-4
1.3746096E-4
2.3653485E-4
1.7078499E-4
1.5827142E-4
2.2794625E-4
1.6260071E-4
1.2839033E-4
4.5518995E-5
-2.5184409E-5
1.4655398E-5
1.3183228E-4
-1.6637177E-4
-1.8805422E-7
-1.643158E-4
-9.475473E-6
-1.56018E-4
-1.1611839E-4
-1.5690483E-4
-7.085968E-5
-2.3833456E-4
-1.0224397E-4
-2.4347747E-4
1.3163787E-5
-3.1648448E-4
-1.6240502E-4
-2.560695E-4
-1.5547204E-4
-3.1152484E-4
-2.2267636E-4
-4.0254305E-4
-2.443874E-4
-2.343792E-4
-3.3129225E-4
-3.51763E-4
-2.755303E-4
-3.5925195E-4
-3.483827E-4
-3.0162348E-4
-3.306703E-4
-3.9438956E-4
-3.3128998E-4
-2.383969E-4
-4.700629E-4
-3.1322576E-4
-3.3320926E-4
-3.4805472E-4
-2.699248E-4
-3.1183893E-4
-2.915597E-4
-2.2568696E-4
-1.9110701E-4
-2.0296223E-4
-2.2987259E-4
-2.0802814E-4
-2.2394737E-4
-2.5664337E-4
-1.491719E-4
-2.491387E-4
-1.0394704E-4
-2.9526075E-4
-1.425287E-4
-1.7208475E-4
-1.4397368E-4
-3.106027E-4
-9.216371E-5
-2.2222572E-5
-1.0093015E-4
-2.6521008E-4
-3.1819363E-5
-1.4482245E-4
-3.12275E-5
7.413036E-6
-4.7279973E-5
-1.4435705E-4
-5.638633E-5
-2.9548113E-5
2.5270934E-5
2.4226109E-5
-8.292431E-5
-5.4506032E-5
-1.1536266E-4
-2.3970902E-5
-5.009346E-5
-1.279106E-4
6.74153E-5
8.214314E-5
7.0593633E-6
1.2245722E-4
5.75149E-5
1.3146136E-4
1.0950574E-4
3.8136714E-5
7.6312666E-5
1.1978379E-4
1.9339267E-4
7.69004E-5
1.1084541E-4
2.5978485E-5
1.3592288E-4
2.1367161E-5
2.0962636E-4
1.1977073E-4
8.176693E-5
-6.133037E-5
2.3631666E-5
1.3158969E-5
1.3558919E-4
-3.6916479E-6
7.384606E-5
-9.5809926E-5
7.727002E-5
3.209969E-5
7.2896284E-5
2.722209E-5
-2.2195869E-5
7.6149E-5
8.447342E-5
6.2032035E-5
-3.119622E-5
4.1990297E-6
-7.799224E-5
4.29384E-5
-2.162168E-5
-4.329175E-5
-3.6432753E-5
-1.2109593E-5
-1.0048544E-5
-2.4246634E-5
-1.6743282E-4
-1.4080781E-4
-1.7406822E-4
-3.7572874E-5
-6.9058397E-6
3.8222603E-5
-1.9933792E-7
3.2909138E-5
-2.4770745E-6
-3.2285912E-5
5.190734E-5
-4.8493956E-5
6.0267543E-5
-1.1709427E-4
-1.18043325E-4
-1.2425028E-4
7.3743075E-5
1.0218469E-5
-4.6247227E-5
-1.5134235E-4
1.09981745E-4
-6.998409E-5
2.384824E-5
-1.2898202E-4
8.8007095E-5
-2.4790224E-5
2.5019564E-5
7.45716E-5
2.0421756E-5
-2.0357384E-5
1.693988E-4
4.5261335E-5
1.8152216E-4
1.1204721E-4
1.576174E-4
1.0750491E-4
1.4192506E-4
1.2412395E-4
1.5534613E-4
1.1263153E-4
1.3646531E-4
1.2944172E-4
2.4181909E-4
2.1724899E-4
2.4571136E-4
2.6806432E-4
1.3681708E-4
1.8341764E-4
1.558839E-4
1.08315115E-4
1.621129E-4
1.3898266E-4
2.359891E-4
1.5616015E-4
1.7301395E-4
2.162964E-4
2.1464596E-4
8.4023784E-5
1.1186694E-4
9.359732E-6
2.8643315E-4
1.2942265E-4
7.289706E-5
-4.1216375E-5
1.0218187E-4
1.8565515E-4
1.4858299E-4
1.3177613E-4
1.2881629E-4
2.0757265E-4
3.4106738E-4
7.518291E-6
1.1306526E-4
2.1463213E-4
1.01922444E-4
1.0012326E-4
5.743646E-5
-6.7211176E-6
-5.269715E-6
4.1452717E-5
3.553654E-5
2.4214913E-5
1.7471799E-5
-9.680841E-5
-2.9376497E-5
-2.6233572E-5
-9.446319E-7
-4.8947877E-5
-1.9522078E-4
-2.8321284E-4
-2.7202384E-4
-3.0014716E-4
-2.0323964E-4
-3.9307974E-4
-2.6425565E-4
-4.4611155E-4
-3.1905362E-4
-3.9690765E-4
-3.073978E-4
-5.588844E-4
-2.329531E-4
-3.6821756E-4
-3.8054847E-4
-5.3182885E-4
-3.040289E-4
-5.5847503E-4
-2.4396728E-4
-3.5224043E-4
-3.20884E-4
-4.2060408E-4
-2.493101E-4
-5.454718E-4
-3.9184498E-4
-4.5930044E-4
-4.3097138E-4
-3.625377E-4
-2.5435543E-4
-3.8656613E-4
-3.6358187E-4
-2.7481376E-4
-2.2467991E-4
-3.3706747E-4
-3.4920665E-4
-3.5669742E-4
-2.0229076E-4
-3.4859296E-4
-3.7021155E-4
-2.5880313E-4
-1.8886907E-4
-1.3309669E-4
-1.6145867E-4
-2.0578767E-4
-1.4021472E-4
-1.7571649E-4
-1.5356466E-4
-2.1201243E-4
-3.3882134E-5
-1.0890755E-4
1.2800733E-4
-9.8495235E-5
-5.1694624E-5
-7.622696E-5
1.472703E-5
-6.27503E-5
1.7882163E-4
4.6904745E-5
9.90886E-5
8.434936E-5
2.1781867E-4
3.7374408E-5
1.00142635E-4
1.3180418E-4
2.3623017E-4
1.6491661E-4
2.090981E-4
1.6496497E-5
1.94211E-4
9.8513774E-5
2.4728125E-4
1.6681787E-4
2.8194932E-4
-4.3894056E-6
2.0533203E-4
1.6489188E-4
1.12336E-4
1.0529395E-4
4.4491495E-5
-5.4074088E-5
-1.0066535E-5
-3.7589256E-5
4.3482374E-5
-6.137663E-5
6.749232E-5
-2.5164632E-5
-5.175038E-5
-3.0535597E-5
-4.923029E-5
-9.683486E-5
5.788076E-5
-1.6283196E-4
3.309558E-5
-2.2234139E-4
-2.1492207E-4
-2.746201E-4
-1.3119791E-4
-2.4570708E-4
-6.492972E-5
-1.6889726E-4
-3.7386733E-5
-3.3066806E-4
-1.5213176E-4
-4.3673065E-4
-2.61519E-4
-3.8981973E-4
-2.7536042E-4
-2.9049686E-4
-2.3768347E-4
-3.5552107E-4
-3.4217365E-4
-3.6325507E-4
-3.8997675E-4
-3.9351225E-4
-2.9546663E-4
-3.3103905E-4
-3.1226105E-4
-3.6101634E-4
-3.6589432E-4
-2.7070084E-4
-3.3960366E-4
-3.116478E-4
-3.214771E-4
-1.9491882E-4
-2.6285124E-4
-1.553786E-4
-2.1219136E-4
-8.956604E-5
-1.2633334E-4
-1.6729179E-4
-2.280922E-7
-1.0880789E-6
-8.0095124E-5
2.3907649E-5
4.3055737E-5
3.228961E-6
1.8605654E-4
5.0821698E-5
1.319624E-4
1.6992574E-4
2.2513699E-4
2.1231982E-4
3.080281E-4
1.2652902E-4
2.6668998E-4
1.9328557E-4
3.2323573E-4
3.3118544E-5
2.5679017E-4
2.1297709E-4
2.8182694E-4
3.1621358E-4
2.2684263E-4
2.8469897E-4
2.2578101E-4
4.0021827E-4
2.3843387E-4
2.632608E-4
2.2505045E-4
4.0749364E-4
2.1230186E-4
3.9360917E-4
2.6251466E-4
3.2010174E-4
3.0638324E-4
2.7780535E-4
1.5817038E-4
3.0451507E-4
2.8385347E-4
2.7739842E-4
2.0745666E-4
3.232449E-4
3.0514327E-4
2.1293385E-4
2.0088663E-4
2.8660466E-4
2.2245334E-4
2.745241E-4
3.0527153E-4
1.9723373E-4
1.8198891E-4
2.6568954E-4
1.885012E-4
7.544148E-5
1.0500828E-4
-6.404256E-5
-1.0267721E-5
-8.027487E-5
2.9605482E-5
-1.0457277E-5
-6.75549E-5
-9.615288E-5
-1.9355573E-5
-1.3240229E-4
3.2084798E-5
-8.63846E-5
-1.0751686E-4
-1.3831622E-4
-2.298635E-4
-5.732453E-5
-2.4554653E-5
3.9651263E-6
-7.877819E-5
-3.9554052E-5
-1.7040962E-4
5.722749E-6
-1.2407129E-4
-1.3509173E-4
-1.9215734E-4
-9.453176E-6
-1.5631942E-4
-1.0608667E-4
-1.269973E-4
6.0549442E-5
-1.790194E-4
-1.2492551E-4
-1.566253E-4
-5.9714024E-5
-1.987649E-4
-1.4493881E-4
-1.634426E-4
-2.8956457E-4
-1.8735541E-4
-1.738702E-4
-2.3010951E-4
-1.8396323E-4
-1.550937E-4
-2.6387227E-4
-2.0726612E-4
-2.4147863E-4
-2.0395426E-4
-3.5193478E-4
-3.1148767E-4
-2.5415438E-4
-2.6631827E-4
-3.232287E-4
-2.6511127E-4
-4.601119E-4
-3.010663E-4
-3.9913133E-4
-3.5898696E-4
-4.1156105E-4
-3.6500808E-4
-4.6275803E-4
-3.8787856E-4
-4.0443166E-4
-3.552788E-4
-1.799755E-4
-2.5090866E-4
-1.4286254E-4
-2.9626532E-4
-1.7518696E-4
-2.601097E-4
-3.5599416E-5
-4.4453496E-4
2.6078464E-4
-3.4658445E-4
7.312849E-5
1.09140616E-4
-7.355125E-4
6.480647E-4
1.4795341E-4
-2.2159348E-4
-9.4321E-5
-2.8720995E-6
3.826427E-4
-5.892351E-4
7.6028047E-4
-7.281186E-4
5.4492406E-4
-3.050468E-4
-0.0016732828
0.0014715494
2.3839227E-4
-2.678578E-4
-4.419341E-4
1.53957E-4
-2.8383615E-4
9.2820635E-5
-2.0994597E-4
-2.3717008E-5
-5.944325E-5
3.011979E-5
-2.9781544E-5
-6.6765126E-5
3.824275E-5
8.0334496E-5
7.253087E-5
-1.04167975E-5
-2.5852982E-5
-4.155651E-5
-3.1783165E-5
-1.9743471E-4
-5.323804E-5
-5.5504355E-5
-1.0350433E-4
-1.6033264E-4
-2.813164E-4
-1.3292713E-4
-8.724276E-5
-9.56734E-5
-1.1611644E-4
-1.2925606E-4
-1.4251826E-4
-1.2347399E-4
-7.0119924E-5
-7.290396E-5
-1.5205433E-4
-7.468075E-5
-2.4784208E-4
-8.644006E-6
-2.2102703E-4
5.939295E-5
-2.6527625E-5
9.146909E-5
-7.062577E-5
-9.894288E-5
-1.5292631E-4
-1.15231946E-4
-1.1937804E-4
6.478007E-5
-1.0601066E-4
-1.0289881E-5
-1.3316124E-4
1.332377E-5
-1.9373129E-4
-3.6412857E-5
9.917684E-6
1.2923095E-4
4.6352456E-5
1.3367462E-4
1.2260191E-5
9.2568705E-5
-4.510588E-5
-4.4392223E-6
1.8361337E-4
1.1118636E-4
2.2508756E-4
3.660683E-4
2.1924965E-4
1.7153502E-4
7.7414166E-5
1.8872603E-4
1.6746297E-4
2.1006238E-4
2.519492E-4
2.1486744E-4
2.3917116E-4
1.6429012E-4
-7.8016245E-5
8.842683E-5
3.8005965E-6
2.304864E-4
1.6653768E-4
1.3154412E-4
2.2078906E-5
7.473615E-5
-1.20411416E-4
5.570149E-5
-6.1394676E-5
2.3310648E-5
1.6296914E-4
2.0431522E-4
5.0200364E-5
1.0617287E-4
1.0698013E-5
1.1293459E-4
2.968085E-4
2.63433E-4
2.4773812E-4
2.4449124E-4
3.054243E-4
2.1447887E-4
4.613244E-4
3.4265415E-4
6.800741E-4
4.5998485E-4
6.9261907E-4
5.9824536E-4
7.6280005E-4
5.8970787E-4
5.64429E-4
3.3256313E-4
5.885217E-4
3.730103E-4
5.9585803E-4
2.1897854E-4
4.965383E-4
-1.5773305E-4
4.376184E-4
-5.822417E-4
4.2618444E-4
-0.0010924322
8.7801623E-4
-0.0020504487
0.0018237161
-0.0038146772
0.0034605064
-0.006334172
0.006368073
-0.009869492
0.010539334
-0.014621228
0.016493428
-0.020571062
0.023724267
-0.02827922
0.032216158
-0.037262592
0.041687455
-0.047237143
0.05226025
-0.059314996
0.07008172
-0.08216138
0.0861339
-0.05769151
-0.0051537785
0.17308171
-0.28564048
0.55616647
-0.8091265
0.10268677
0.4060076
-0.23014873
0.34199935
-0.056424435
-1.0
-0.98716116
-0.11457041
0.26933232
0.80434895
0.85904044
0.8282672
0.46771175
0.23504773
0.10301368
0.111632496
0.2387731
0.31591877
0.19407554
-0.005900893
-0.11912518
-0.17426616
-0.28600535
-0.33934954
-0.28326735
-0.25855348
-0.28292197
-0.32021505
-0.330109
-0.2935806
-0.2861624
-0.36477354
-0.33173695
-0.24628648
-0.31630212
-0.27648106
-0.20754248
-0.16345973
-0.10489561
-0.061337214
-0.0487495
-0.026217958
0.04157306
0.04755428
0.025466632
0.056677938
0.11541828
0.107891716
0.08919043
0.10759439
0.11224877
0.098828174
0.11207131
0.13787837
0.12856889
0.13777776
0.12735562
0.10344589
0.08531156
0.06706124
0.06953344
0.075743735
0.08898177
0.088162325
0.0915743
0.09431635
0.10534024
0.11205259
0.10655474
0.076146476
0.07807378
0.07994907
0.09516881
0.12492823
0.11132575
0.13099691
0.11611804
0.07171698
0.043322325
0.03396282
0.01611324
0.023453144
0.04593912
0.07192105
0.06347619
0.045263246
0.016065525
-0.025948744
-0.025961412
-0.014596643
2.6791064E-5
0.022037422
0.046087995
0.035688426
0.0112115815
0.0011319005
0.0068365834
0.015512213
0.024653012
0.037724867
0.04977926
0.055539582
0.054637264
0.042339243
0.018466739
0.008474674
0.009110277
0.015104531
0.030957073
0.044800427
0.042458452
0.019038301
-0.0070953975
-0.014239763
-0.013916783
-0.0063948464
0.0039815884
0.014977081
0.022563389
0.01792475
0.0068562957
-0.010663345
-0.018603833
-0.0132753225
-0.008060054
-0.0012815358
0.008192859
0.0069325436
-0.0038803637
-0.020872457
-0.03494316
-0.047265913
-0.061506167
-0.052588116
-0.039605517
-0.03150427
-0.03916601
-0.045747068
-0.062176622
-0.0748733
-0.07630455
-0.07515382
-0.0612521
-0.05139098
-0.04009292
-0.0466796
-0.053496424
-0.057923798
-0.06729277
-0.062221188
-0.05787974
-0.053325225
-0.04209343
-0.036361504
-0.03643636
-0.03805368
-0.043999996
-0.049862854
-0.051757947
-0.042970784
-0.0400748
-0.034543447
-0.030388702
-0.027063351
-0.029378405
-0.03294123
-0.03518784
-0.033107847
-0.02349171
-0.015426677
-0.015990498
-0.018044585
-0.013453105
-0.010223951
-0.013799292
-0.023570672
-0.029843
-0.030888868
-0.024992416
-0.016517568
-0.011462903
-0.0079318015
-0.0078120776
-0.011374757
-0.016473643
-0.017517503
-0.01519238
-0.011021001
-0.0063546384
-0.0044037304
-0.0052235667
-0.0059737978
-0.0067317504
-0.0077859447
-0.007893377
-0.0069251754
-0.0056160404
-0.0047196634
-0.004160998
-0.0039783777
-0.0041506425
-0.0044759093
-0.004504435
-0.004110068
-0.0034388728
-0.0025714084
-0.0018693557
-0.0014688668
-0.0012703747
-0.0010246608
-7.707866E-4
-4.9253815E-4
-2.6309083E-4
-9.5621835E-5
-1.9169467E-5
-0.0
