* Impulse Response data saved by REW V5.20 Beta 12
* IR is normalised
* IR window has been applied
* IR is not the min phase version
* Source: Microfone (E-MU 0404 | USB), no input selected, Left channel, volume: no control
* Dated: 29/06/2017 15:35:05
* Measurement: jun 29 15:35:05
* Excitation:  128k Log Swept Sine, 1 sweep at -14,0 dBFS  Using a loopback as a timing reference
* Response measured over: 1,8 to 20.000,2 Hz
0.013211204670369625 // Peak value before normalisation
6003 // Peak index
6227 // Response length
2.0833333333333333E-5 // Sample interval (seconds)
-0.125 // Start time (seconds)
* Data start
0.0
2.1292006E-11
2.3792768E-10
-8.235528E-10
1.8946644E-9
7.69946E-10
2.5470652E-9
5.9007434E-9
1.8993402E-9
-4.394055E-9
6.4157324E-10
7.4092066E-9
9.862609E-9
-2.9417586E-9
-1.6393885E-8
1.4303841E-8
-4.5280252E-8
-5.064426E-9
-4.075838E-8
-9.91002E-10
-3.89789E-8
5.2143236E-8
1.7147089E-8
7.032184E-8
-1.811448E-8
9.374029E-8
9.5644005E-8
5.0027445E-8
6.6870506E-8
1.4425922E-7
4.3385988E-8
1.5780346E-7
3.662118E-8
9.618284E-8
3.7620318E-8
4.8825562E-8
3.836351E-8
1.5300853E-7
1.794321E-7
-8.937644E-8
-5.8059946E-8
4.089385E-8
-4.5133572E-10
-1.1810849E-7
-4.7492446E-8
-5.5870963E-8
1.1943803E-8
2.2274378E-7
3.1738995E-7
2.9266766E-7
9.964107E-8
2.5154094E-7
3.2898382E-7
6.1724063E-7
2.617603E-7
7.6871385E-7
5.9091695E-7
1.0075127E-6
6.934697E-7
3.498993E-7
1.3254252E-7
1.1278497E-6
7.519054E-8
7.330025E-7
-5.229474E-7
-3.2766556E-7
-4.7548687E-7
-1.6635025E-7
-1.2542291E-7
3.4295905E-7
-7.343097E-7
-6.8510957E-7
-2.6955473E-7
-2.0870547E-7
-6.2842406E-7
-5.108916E-7
-5.158528E-7
-5.5909553E-8
-4.5716905E-7
1.5885497E-7
1.901011E-7
2.5335814E-7
1.7661003E-7
5.3109E-7
3.6747426E-7
8.9664144E-7
7.94777E-7
3.739231E-7
8.478351E-7
-6.6000297E-7
-2.583642E-7
2.8280192E-7
-1.17426744E-7
4.17072E-7
-5.8127426E-7
-3.1006206E-7
-1.9373172E-6
-1.2410295E-6
-1.5780574E-6
-1.7839437E-6
-1.86137E-6
-6.958055E-7
-3.4654004E-6
-2.0948353E-6
-2.4812487E-6
-1.0589224E-6
-1.2628724E-6
7.700682E-7
-1.8844484E-6
-8.2281207E-7
-8.959098E-7
6.245465E-7
7.703146E-7
1.138053E-6
-2.4851993E-6
6.7944205E-7
5.67039E-8
-4.6116125E-7
-2.0173582E-6
-1.6449045E-6
-1.3523704E-6
-4.3623922E-7
-7.4209666E-8
-8.837609E-7
-1.1850848E-6
6.753538E-7
-2.706352E-6
-1.7779334E-6
-2.819765E-6
-2.8047955E-7
-2.4732745E-7
-2.172506E-6
-3.561102E-6
-1.5481925E-6
-1.2313706E-6
-3.6360839E-6
-4.695532E-6
-7.932045E-8
-2.1866301E-6
2.4358858E-6
-2.4481442E-6
-4.539951E-7
-3.8539365E-6
2.3967218E-6
-1.5569393E-6
1.6832677E-6
1.0581455E-6
2.9238154E-6
1.7158154E-6
3.343062E-6
-2.8793347E-6
-1.763924E-6
-1.6793833E-6
-7.0286276E-8
1.0718891E-6
6.3048356E-7
-1.943399E-6
-1.930241E-6
5.290242E-7
3.006221E-6
4.571777E-7
2.447812E-7
-1.835052E-7
1.7548348E-6
1.328072E-7
-1.2744019E-6
1.8087324E-8
3.6587887E-6
2.9031204E-7
1.521109E-6
2.784581E-6
3.3119886E-6
-7.7849637E-7
-9.0563964E-7
-2.7551923E-7
3.8484486E-6
1.7528852E-6
4.5437714E-6
-2.912824E-6
1.083803E-6
1.1788799E-6
5.227705E-6
-1.0916076E-6
6.9939256E-6
-2.6420723E-6
2.011167E-6
1.2571963E-6
6.12656E-6
-1.4521428E-6
6.9756775E-6
9.95096E-8
1.7835832E-6
4.328159E-7
2.9726334E-6
5.2867667E-6
1.9282634E-6
6.2981157E-6
3.476804E-6
2.4394221E-6
5.3598974E-6
2.0501222E-6
9.127056E-6
2.9067055E-6
3.936399E-6
6.049648E-6
4.139955E-6
1.0594282E-6
3.4774037E-6
-1.1431335E-6
3.4807113E-6
7.543875E-6
1.28366355E-5
7.2966094E-7
8.492464E-6
-3.0547435E-6
3.182873E-6
-1.068223E-6
7.466023E-6
5.631608E-6
5.4266507E-6
1.6809608E-7
7.647956E-6
3.1499821E-6
3.7408652E-6
3.899481E-6
1.35209475E-5
8.793378E-8
9.694501E-6
5.5433534E-6
1.1898119E-5
4.2805227E-6
9.642531E-6
7.886755E-6
1.3924523E-5
4.4356634E-7
6.4341707E-6
2.0070435E-7
8.683022E-6
6.7009346E-6
1.1172556E-5
4.198915E-6
9.054256E-6
3.3169513E-6
9.233002E-6
-1.0481757E-5
-1.2197569E-6
-1.1087035E-6
2.9428104E-6
-6.6886523E-6
3.370955E-6
-6.001103E-6
4.7960903E-6
-3.7529805E-6
4.5461657E-6
-2.6229095E-6
9.909513E-7
-6.350029E-7
-4.3144055E-6
-5.5742657E-6
9.3938925E-6
-7.702008E-6
-7.5399535E-6
-9.134449E-6
4.1761446E-6
-7.0042197E-6
2.720124E-6
-1.2851595E-5
-4.289018E-6
-6.62729E-6
-4.6355717E-6
-7.4148807E-6
1.9389843E-6
-7.826119E-6
2.7587275E-6
-1.3778671E-5
4.2119614E-6
-1.8934522E-6
2.9124665E-6
-5.038869E-6
8.0621085E-6
-2.0302773E-6
6.511523E-6
-8.960871E-6
-5.788697E-6
-1.2146345E-5
9.905586E-6
-1.9574006E-6
2.3167014E-7
-6.922575E-6
2.2412038E-7
-3.7313926E-6
1.3393811E-6
-1.6978685E-5
-8.251909E-6
-2.7814986E-5
-1.9896465E-6
-2.4882644E-5
-2.2457577E-6
-2.0779433E-5
1.0478417E-6
-2.0403291E-5
1.6504576E-7
-1.0266405E-5
9.324904E-6
-1.3682956E-5
1.1103688E-5
-7.829076E-6
1.18021135E-5
-6.7985006E-6
-5.1357356E-6
-1.6142663E-5
1.0513744E-5
-6.435348E-6
1.6102631E-5
-4.301167E-6
1.0376474E-5
1.3732789E-5
2.2095866E-5
-1.7459772E-6
3.0106926E-6
-1.6436369E-6
4.484919E-6
-4.7335E-6
3.5756116E-6
4.8536644E-6
5.1460684E-6
-4.497773E-6
2.2544748E-7
9.358414E-6
7.383125E-6
-2.0524526E-6
3.00167E-7
1.0460547E-5
-1.6005757E-7
2.4038754E-6
8.397314E-6
9.916544E-6
1.23758655E-5
7.5939356E-6
1.1078717E-5
2.4956598E-6
1.1716625E-5
-1.0142741E-5
2.2506913E-5
-1.2559614E-5
6.111442E-6
-8.0115815E-6
2.927586E-6
-1.9205449E-5
4.4628537E-6
-2.1319152E-5
-1.071492E-5
-2.0657373E-5
-1.821197E-5
-2.215715E-5
3.1410373E-6
-2.2724997E-5
-1.03524335E-5
-2.0491567E-5
-4.0571986E-6
-2.7481905E-5
-1.013633E-5
-1.1808685E-5
4.5717474E-8
6.114486E-6
-9.300962E-6
-6.7483948E-6
6.082448E-6
-1.5712661E-6
2.066417E-6
1.431386E-5
1.3765055E-5
-3.0611304E-6
-4.969167E-7
-5.5859246E-6
-8.098378E-6
-6.215442E-6
-2.0675894E-5
-5.1094626E-6
-2.2049355E-6
-2.1180229E-5
-6.4060473E-6
-2.6421385E-5
-3.5989367E-5
-4.1049654E-5
-1.47696E-5
-2.7788492E-5
-1.1894248E-5
-1.6675907E-5
-4.6870886E-7
-2.8726949E-5
7.999508E-6
-2.2522814E-5
4.023382E-6
-1.2051299E-5
1.8789544E-5
1.1081431E-5
2.8993163E-5
2.6561165E-5
2.7937465E-5
1.548202E-5
2.3617524E-5
1.3303584E-5
1.6821223E-5
2.4590947E-6
-6.3092616E-6
2.2776517E-7
-2.7644114E-7
1.3308152E-6
7.962744E-6
4.254524E-6
-9.579168E-7
-1.5544223E-5
-6.635043E-6
1.4873484E-5
9.918516E-6
-1.249345E-5
-1.50076985E-5
-4.1604276E-6
1.0061025E-5
-3.0690287E-6
1.8632023E-5
2.8093393E-5
3.4129094E-5
1.3354556E-5
3.2802793E-5
3.6599973E-5
4.9953214E-5
4.0749594E-5
5.9527883E-5
2.1918007E-5
1.6471648E-5
2.7146716E-5
3.3974484E-5
1.0267092E-6
4.142193E-5
1.2599427E-6
3.7916216E-5
-1.0964867E-5
1.9036965E-5
-1.2626757E-5
-1.4555053E-5
-2.976158E-5
1.1130114E-5
-1.1140853E-5
-1.3849328E-5
-1.1858697E-5
2.7480684E-5
-5.2587097E-6
3.7550649E-6
-6.557974E-6
-7.726505E-6
-5.447072E-6
2.996662E-5
1.7280076E-5
4.906595E-6
1.38690275E-5
2.3426428E-5
3.5456145E-5
4.4271446E-6
-1.0332299E-5
4.2977492E-5
2.2703884E-5
1.35097125E-5
1.9858735E-5
3.7634858E-5
-1.5046743E-5
1.8939512E-5
4.2670104E-6
3.3408167E-5
-3.0803367E-5
2.498942E-5
-2.726095E-7
1.2967801E-5
-2.4284645E-5
1.5670621E-5
-3.038659E-5
2.2940257E-7
-2.2873832E-5
1.20013365E-5
-6.0890857E-6
9.272527E-6
-2.1016365E-5
-2.5722358E-5
-3.7394944E-5
-8.8434435E-6
-7.762825E-6
1.7463299E-5
-2.7997445E-5
-5.8604775E-5
-2.7809945E-5
-1.3478464E-5
-3.7244754E-5
-1.1279252E-5
-7.180117E-5
1.9450347E-6
-4.408151E-5
-2.8956863E-5
-2.367596E-5
1.2432377E-5
-2.2261023E-5
-8.5953184E-7
-1.8858207E-5
-2.0707708E-5
-2.4896774E-5
2.6498621E-5
3.9864235E-6
2.5516045E-5
5.0819353E-6
2.392284E-5
-2.6489974E-5
1.5717313E-5
-1.8626502E-5
1.029722E-5
-7.712404E-6
-2.3653542E-5
1.4445015E-5
-3.1100774E-7
-6.292387E-5
-1.5698562E-5
-4.6507816E-5
6.526864E-6
-4.914804E-5
-3.176006E-5
-6.9884845E-5
-3.5492214E-6
-2.666641E-5
-6.1130354E-6
-4.3580807E-5
-1.2496257E-6
-2.7086407E-5
1.4939071E-5
-2.9368415E-5
-8.662191E-6
4.2581623E-6
1.1663251E-5
4.910535E-6
-1.4638002E-6
-2.2488683E-5
3.272798E-6
-2.3972043E-5
-2.22877E-6
-2.9775492E-5
2.3042832E-5
-6.478058E-5
-3.2470925E-5
-1.6705824E-5
6.52321E-6
-3.3485012E-5
1.735851E-5
-4.411267E-6
-6.239069E-6
-5.4257303E-5
-2.0746733E-5
-7.0737464E-5
-2.5119682E-5
-1.850912E-5
2.995099E-5
-6.380567E-8
5.3944805E-6
-3.0578125E-5
-3.6490924E-6
1.5180359E-5
1.1611605E-5
-3.0745676E-5
-1.0522241E-5
-2.7580094E-5
2.2075626E-5
2.060082E-6
-1.7043641E-5
-1.693391E-5
2.1762486E-5
-7.855655E-6
-3.3902477E-6
-2.9895025E-6
-1.8096327E-5
3.084429E-5
1.5977345E-6
-4.7757858E-5
-9.816566E-6
-2.0826441E-5
-4.8332124E-5
-4.9712227E-5
2.0573005E-5
-2.276507E-5
-6.190854E-5
-5.7981717E-5
-3.431206E-5
3.166418E-6
6.5799964E-6
-1.1788768E-5
-7.024675E-6
-1.0062599E-5
-8.788558E-6
1.7547905E-5
1.4160008E-5
1.5300306E-5
1.953434E-5
2.1550179E-5
1.6402817E-5
-3.464896E-5
-7.224483E-6
-2.8542358E-5
1.1531933E-5
-1.8117955E-5
-6.0536627E-6
-5.1902472E-5
-1.911118E-6
-3.1724496E-5
-3.9661936E-5
-5.5418197E-5
2.8253811E-5
-1.3600497E-5
-2.1198002E-5
-9.571413E-6
-5.077313E-5
-2.4949702E-5
-3.6382604E-5
2.0875206E-5
-3.4243567E-5
1.5594567E-6
-1.9834197E-5
-2.5928795E-5
-2.0726427E-5
-3.9826722E-5
-6.4768516E-5
1.208469E-5
-2.292406E-5
-2.5182851E-5
1.3610764E-5
-2.6439819E-5
-2.5349873E-5
-5.7122637E-5
-1.1264651E-5
-1.9660287E-5
1.0357781E-5
2.2808026E-5
2.1131922E-5
-3.265672E-6
8.687235E-6
-2.8704668E-5
6.662559E-5
5.6532095E-5
4.4103745E-5
3.2762382E-5
7.188688E-5
-1.1206549E-5
4.3661206E-5
-4.5196324E-5
4.216265E-6
4.363602E-5
-1.3078075E-6
-4.8867547E-5
3.0795396E-5
-5.286905E-5
2.7716329E-5
-3.7906386E-5
-4.0644267E-5
6.3161456E-6
-2.7363598E-5
-1.4180057E-5
-4.0541305E-5
-5.568141E-5
-1.6467477E-5
-2.2204169E-5
-1.086774E-6
-1.1843503E-5
-1.5407302E-5
-1.2001205E-5
-2.968386E-5
-6.6680856E-5
4.877357E-6
7.6177475E-6
4.248965E-5
-3.5405214E-5
3.4761175E-5
-3.0932028E-6
3.933633E-5
-1.1564594E-5
3.743386E-5
-3.8967868E-5
5.9438633E-5
2.5482568E-5
7.94785E-6
-2.1919825E-6
4.2149928E-5
-2.8426495E-5
3.993063E-5
-8.001077E-5
-2.4771736E-5
-3.0914536E-5
2.8100046E-6
-1.9627285E-5
-3.486567E-5
-3.9462307E-6
-1.9617297E-5
-2.056529E-5
-5.344082E-5
-4.030124E-5
-3.562534E-5
-2.947043E-5
-5.9196893E-5
-3.6972203E-6
-4.716394E-5
-5.5804223E-5
-9.948617E-5
-5.2163832E-5
-1.3129743E-4
-4.3247444E-5
-7.0745074E-5
1.2435758E-5
-1.0416351E-4
-1.0106414E-5
-3.222376E-5
-2.4453122E-5
-5.578984E-5
6.138892E-5
-4.169206E-5
8.129433E-5
-5.0254963E-5
6.353315E-5
-1.05015E-4
1.4245571E-4
-1.5191262E-4
3.617536E-4
1.4039493E-4
-0.002551785
0.0033990496
-2.9088784E-4
-7.1974867E-4
-0.0011954127
5.359089E-4
-3.401021E-4
2.1877464E-4
7.143309E-5
6.681401E-4
8.6347107E-4
1.5715821E-4
-5.999623E-4
-0.0017031438
-0.0012914625
-9.121559E-4
8.548905E-5
9.52504E-4
0.0021196583
0.0010167032
0.0012725634
-0.0011362302
-0.0013551322
0.0016691125
-0.0021618798
-9.451395E-4
-2.9957693E-4
-2.753589E-4
4.191339E-5
4.338974E-4
6.2599895E-5
3.6916562E-4
2.1647617E-4
2.4288811E-4
-2.1207455E-4
-8.117337E-4
-2.6129288E-4
6.556705E-4
0.0010309416
0.0013291301
0.0013728158
6.032276E-4
-5.191545E-4
-6.905548E-4
-9.869589E-4
-0.001187951
-7.0484955E-4
-1.6782313E-4
-2.1963041E-4
-3.3824358E-4
-2.9330706E-4
-1.9089383E-4
-1.5229095E-5
-8.668054E-5
1.4647692E-4
3.3851888E-4
2.3371444E-4
9.802167E-6
2.65459E-4
2.242678E-4
4.1060746E-4
2.3940211E-4
3.0759803E-4
-5.058783E-5
1.9470026E-5
-2.2290695E-4
-6.666179E-5
-6.679265E-5
1.4110045E-4
5.932953E-5
2.828797E-4
-8.725064E-5
-8.869724E-5
-1.14324146E-4
2.0330386E-5
-2.0464636E-4
1.5375599E-4
-3.8052294E-5
5.459884E-5
-2.2772906E-4
-6.4509055E-5
-3.540894E-4
5.182033E-5
-1.5485952E-5
3.690678E-4
8.1587415E-5
1.4678983E-4
-1.8386212E-4
-1.8777466E-5
-2.9312904E-4
-6.736496E-5
-2.1042034E-4
1.5528024E-4
-6.785785E-5
1.7684564E-4
-3.5754372E-5
9.8065604E-5
-1.565024E-4
-1.6362996E-5
-2.7647903E-4
-5.1215147E-6
-2.1699246E-4
1.16344905E-4
-3.7478403E-5
1.473339E-4
-7.42633E-5
1.2634213E-4
-1.8723369E-4
8.476159E-5
-8.684983E-5
2.5941795E-4
1.6509555E-4
1.717678E-4
2.734735E-6
9.538975E-5
-1.6334915E-4
-1.2960116E-4
-3.97171E-5
2.71839E-4
1.2739142E-4
1.8726542E-4
6.976229E-5
-4.739968E-5
-1.9464723E-4
-2.6009252E-4
-1.5195293E-4
-6.377619E-5
1.0378281E-4
1.2331615E-4
8.538188E-5
6.0644875E-6
-9.980327E-5
-1.6477185E-4
-9.061606E-5
-1.5740236E-4
4.2937336E-5
3.3324857E-5
6.619658E-5
1.813472E-5
-4.5194625E-5
-1.4244791E-4
5.5118726E-5
3.1272936E-8
1.5125365E-4
9.216614E-5
1.256043E-4
-1.0814464E-4
-1.5265316E-5
-2.163143E-4
2.899164E-5
-1.10268615E-4
2.5014285E-4
3.1402928E-5
1.3678044E-4
-1.6041352E-4
8.775198E-5
-2.0036036E-4
3.0128145E-5
-2.6740468E-4
2.1078678E-4
-1.4500969E-4
1.761027E-4
-1.0429046E-4
1.0460713E-4
-2.7013727E-4
5.5526198E-5
-2.5529496E-4
1.5424482E-4
-2.0071978E-4
7.86512E-5
-1.5936434E-4
1.3135631E-4
-2.1792986E-4
3.8236994E-5
-2.7341052E-4
1.0133823E-4
-1.9495665E-4
1.2229066E-4
-1.3760306E-4
1.284487E-4
-6.563096E-5
1.9619486E-4
-8.698687E-5
4.6330777E-5
-1.4835047E-4
7.884546E-6
-2.0718202E-4
1.1854835E-5
-1.2271057E-4
8.897898E-5
-3.1692987E-5
4.948104E-5
-1.8201442E-4
7.376017E-5
-1.0606954E-4
1.8830593E-5
-1.4808933E-4
1.5943046E-5
-6.161764E-5
-3.8063872E-6
-6.691764E-5
-6.147476E-6
-8.115692E-5
-4.1305455E-5
-3.0593612E-5
5.3577267E-5
-1.079076E-4
-6.61347E-5
-4.5253422E-5
-7.5704775E-5
-1.2406857E-4
6.191118E-6
7.7411256E-5
-1.0955431E-5
6.421352E-5
9.500251E-5
8.536579E-5
1.690156E-5
7.828067E-5
4.5528268E-5
2.2242013E-4
1.9657412E-4
3.038282E-4
2.185846E-4
2.5838384E-4
1.3560177E-4
2.2473342E-4
9.3285715E-5
2.0108349E-4
1.3144799E-4
1.8045084E-4
8.1922466E-5
8.9547066E-5
7.987248E-5
7.815358E-5
-2.9375631E-5
2.940178E-5
1.2046121E-4
1.5811734E-4
1.1610859E-4
1.3164645E-4
2.4253833E-4
5.416103E-5
9.561428E-5
1.2068867E-4
2.7744472E-4
1.2808897E-4
2.5193865E-4
7.52167E-5
7.233621E-5
-1.1687788E-4
-6.4037968E-6
-1.3593775E-4
1.15438515E-5
-5.661753E-5
-2.0651343E-5
-6.797145E-5
2.8706334E-6
-9.646154E-5
-5.2204476E-5
-1.00118996E-4
6.655743E-5
1.1039535E-5
-7.8377E-5
8.891865E-5
-2.8537397E-4
-3.670343E-4
3.9129631E-4
-7.716874E-5
-1.8547871E-4
-3.6599048E-4
-1.6803388E-4
-2.0453497E-4
-1.1343584E-4
-2.1558996E-4
-1.7218846E-4
-1.1780498E-4
-6.9975926E-5
-9.637971E-6
-3.1830696E-4
-3.2776955E-4
4.4387655E-4
-2.5008904E-4
-1.20361E-4
-4.2233474E-4
3.212386E-4
6.285041E-5
7.81958E-5
8.956323E-6
5.2007137E-5
-3.203611E-4
-6.476057E-4
-3.2499517E-4
1.2243967E-4
1.2508297E-4
7.658078E-6
-1.3650204E-4
2.7022234E-4
2.0308135E-4
2.6089398E-4
8.472634E-5
-2.12768E-4
-2.6380844E-4
-1.5443558E-4
-5.017145E-4
-4.074819E-4
-5.8716413E-4
-3.415552E-4
1.1293777E-4
1.5667077E-4
1.2051891E-4
-7.863208E-5
1.031778E-4
1.7365761E-4
7.3754265E-5
-9.078022E-5
-1.0779667E-4
-1.18062126E-4
-3.7895728E-4
-3.6983308E-4
-3.865874E-4
-2.8737044E-4
-3.640772E-4
2.0783586E-5
1.16662704E-4
3.0615294E-4
1.7653618E-4
4.2334752E-4
1.2808021E-4
2.1485981E-4
-7.4807326E-6
3.4443397E-4
1.336816E-4
3.2865172E-4
3.2196706E-4
4.259386E-4
1.8427188E-4
3.1539876E-4
2.15276E-4
3.8494315E-4
1.9048492E-4
4.3918E-4
4.2951904E-4
5.072601E-4
4.4391697E-4
4.901822E-4
5.015147E-4
3.9696228E-4
4.589742E-4
4.4563296E-4
4.4143997E-4
3.4958107E-4
3.4909655E-4
1.9294706E-4
1.2324745E-4
3.8378585E-5
2.2012571E-5
-8.860159E-5
-6.427513E-5
-1.2181668E-5
-1.4001486E-4
-2.286191E-4
-3.12134E-4
-2.7125326E-4
-4.3030304E-4
-3.1477786E-4
-2.1218535E-4
-1.3338613E-4
-2.1328525E-4
-2.1345315E-4
-3.1905907E-4
-1.0813593E-4
-2.624736E-4
-1.5054824E-4
-1.8069669E-4
-9.430966E-6
-1.333498E-4
9.439065E-5
-6.858852E-5
1.2497952E-4
-6.031365E-5
1.4784731E-4
1.1030492E-4
3.2368934E-4
1.6437148E-4
2.473939E-4
1.7650797E-4
3.1972097E-4
1.8599807E-4
2.637291E-4
2.4351245E-4
2.9014927E-4
1.8414095E-4
1.9628496E-4
3.2707532E-5
9.3959716E-5
-6.9979737E-6
-3.1144773E-6
-1.903121E-5
-2.477755E-5
-8.876049E-5
-2.0683701E-4
-2.3320051E-4
-2.350632E-4
-1.606192E-4
-6.7331755E-5
-1.2683768E-4
-1.0645159E-4
-2.2059033E-4
-1.5582991E-4
-2.5883966E-4
-2.1132118E-4
-2.6392596E-4
-1.7437749E-4
-1.6520875E-4
-1.4819666E-4
-1.7418055E-4
-1.0962391E-4
-2.0720677E-4
-1.5472314E-4
-2.4089478E-4
-1.484039E-4
-1.7052707E-4
-1.7222439E-4
-2.1910777E-4
-5.6478377E-5
-1.3446149E-4
-1.3594281E-4
-1.893245E-4
-6.267322E-5
3.079065E-5
-3.6235466E-5
-1.6504385E-4
2.7622516E-6
-1.248483E-4
-9.163542E-5
-1.3440383E-4
-3.7732352E-5
3.438913E-6
-2.1920208E-4
-1.7445479E-4
-1.3902779E-4
-3.1121756E-4
-2.9852183E-4
-2.8004235E-4
-2.4359267E-4
-2.8562185E-4
-2.441284E-7
-2.1014693E-4
-1.7802678E-4
-3.7145094E-4
-1.3580087E-4
-2.8655524E-4
-2.115537E-4
-2.5289165E-4
-4.153767E-5
-1.2680152E-4
-6.6774104E-5
-1.14508584E-4
-7.029962E-5
-1.7034322E-4
-1.0688868E-4
-1.5577475E-4
7.8460815E-8
-1.6394435E-5
7.269149E-5
9.548207E-5
1.2090558E-4
1.1214491E-4
2.1393599E-4
2.7145023E-4
2.7313648E-4
1.952209E-4
2.3862056E-4
2.0775851E-4
2.6120248E-4
1.287347E-4
1.2808018E-4
2.2441034E-4
1.3396825E-4
6.404834E-5
7.274111E-6
9.712011E-5
1.2469581E-4
2.408017E-5
-3.9840066E-5
-4.4206456E-5
1.1490774E-4
-5.213056E-5
5.888929E-5
2.6673597E-5
-6.3532054E-5
-9.1411894E-5
2.7749315E-5
-8.927885E-5
9.196279E-5
5.9581776E-5
1.3166861E-4
-1.2283051E-5
8.882318E-5
-4.5310375E-5
-1.1890571E-5
-1.6393851E-5
-8.466457E-6
1.1608109E-4
2.4526418E-4
3.3639808E-5
1.2338367E-4
1.6620869E-4
2.365389E-4
1.3170518E-4
2.1002076E-4
2.7922093E-4
1.679627E-4
2.3521335E-4
3.1776135E-4
2.3947246E-4
3.2189855E-4
2.5489475E-4
2.7772845E-4
1.8836377E-4
2.4135395E-4
2.820537E-4
3.3567453E-4
3.6445144E-4
3.3364614E-4
2.813959E-4
2.3859683E-4
2.5650227E-4
1.918109E-4
2.3772685E-4
3.539312E-4
2.138651E-4
3.744618E-4
2.1486796E-4
2.5663868E-4
2.2224527E-4
2.6569644E-4
2.003417E-4
2.384684E-4
1.3689694E-4
1.7166177E-4
1.470863E-4
1.6164221E-4
7.741689E-5
1.5954276E-4
2.2956563E-5
1.631338E-4
1.4221996E-5
-5.2414584E-6
-8.268719E-5
-4.3075597E-5
-9.1433045E-5
-1.761876E-5
-5.679031E-6
1.741694E-5
-5.5794422E-5
-1.1353947E-4
-1.389767E-4
-2.3481272E-4
-8.1281956E-5
-2.9613738E-4
-2.2705247E-4
-2.844311E-4
-2.6241606E-4
-3.8783014E-4
-1.8364922E-4
-2.512386E-4
-2.1875187E-4
-2.4233085E-4
-2.9198258E-4
-1.2031703E-4
-1.9019416E-4
-4.24967E-5
-2.66192E-4
-2.55637E-4
-2.4990845E-4
-1.4916202E-4
-1.9072936E-4
7.0717037E-6
-9.196728E-5
3.619662E-5
-6.687994E-5
5.308578E-5
3.8855407E-5
2.0836274E-5
-2.6453732E-5
6.492283E-5
2.1547638E-5
2.698682E-5
-3.8061582E-5
3.2872555E-5
-2.856765E-5
-1.7923941E-5
9.537885E-6
1.1695683E-4
7.966586E-6
-4.1349966E-5
1.4998007E-5
8.844754E-6
3.827006E-5
-1.1535068E-4
-1.1275642E-5
-1.2479773E-4
-1.4653087E-4
-1.6120926E-4
-2.3803284E-4
-2.980658E-4
-2.9888574E-4
-3.5268095E-4
-2.442848E-4
-4.132983E-4
-4.8812723E-4
-3.5861047E-4
-2.908302E-4
-4.6627043E-4
-5.404749E-4
-5.7661993E-4
-4.8076696E-4
-2.8805327E-4
-3.2525588E-4
-3.7988697E-4
-4.0050287E-4
-3.6782786E-4
-3.4823647E-4
-3.6490933E-4
-3.4588738E-4
-3.7400163E-4
-4.3286232E-4
-3.685674E-4
-4.4618666E-4
-3.8061282E-4
-3.7028416E-4
-4.62319E-4
-3.4997435E-4
-3.9342954E-4
-1.8224963E-4
-4.0761614E-4
-2.0882102E-4
-4.2201168E-4
-2.2736781E-4
-3.3960532E-4
-1.6637974E-4
-1.9570679E-4
-2.4754766E-4
-1.9325246E-4
2.9045097E-5
-2.267667E-5
-1.4989587E-4
-1.3116212E-4
1.1375069E-4
-5.3082927E-5
4.0864825E-6
-8.2566134E-5
1.1532828E-4
2.2811342E-5
2.029625E-4
2.320233E-6
-2.1026357E-5
-1.1689121E-4
2.3063365E-4
4.8034804E-6
-5.7943165E-5
-4.6236324E-5
3.359995E-5
4.1370025E-5
1.2585944E-4
7.2811986E-6
9.758685E-5
-1.1400636E-4
-1.6712453E-5
1.18367054E-4
2.7228287E-5
-2.2321134E-5
-1.4019806E-4
-1.6204544E-4
4.9826573E-5
-2.875531E-4
2.0482154E-4
1.7835449E-4
9.943074E-5
-1.5069818E-4
2.3484268E-5
7.075936E-6
-2.0529535E-4
-1.1798176E-4
-3.022147E-5
-1.8131304E-4
-2.1156049E-4
-1.2540704E-4
4.102198E-5
1.0648449E-5
2.4822314E-4
-4.752946E-5
-6.333594E-5
-3.2358133E-4
-5.865198E-5
-8.749976E-5
1.4760056E-4
6.4514046E-5
5.443384E-5
-1.01934565E-4
-1.2235345E-5
-4.8680526E-5
-3.4870605E-5
1.8069379E-5
1.3315184E-4
1.8766688E-4
-1.085664E-5
9.625527E-5
1.02285616E-4
1.267357E-4
2.0948511E-4
1.0496146E-4
1.0034352E-4
1.492637E-4
1.5945335E-4
1.1566274E-4
1.889075E-4
7.977422E-5
1.0505198E-4
2.7257876E-4
3.1952583E-4
2.5955398E-4
3.2658066E-4
2.4928132E-4
4.3320024E-4
3.4457262E-4
4.996191E-4
3.7123007E-4
5.377136E-4
3.4369208E-4
4.178968E-4
4.828997E-4
4.6774696E-4
2.7150047E-4
3.1208174E-4
3.6468022E-4
3.333902E-4
2.8944502E-4
3.2720435E-4
3.6056642E-4
2.4099232E-4
2.3170146E-4
5.0536142E-5
1.1580953E-4
6.6004824E-5
-4.2396165E-5
1.3548111E-4
-2.1890019E-5
-8.896343E-5
3.868001E-5
-9.555666E-6
-1.5019246E-4
-5.2542342E-5
2.4210032E-5
-1.14365466E-4
-2.1108658E-4
-4.167812E-5
-5.493953E-5
-5.8479094E-5
-1.760532E-4
-8.757199E-5
-5.6869853E-6
1.3094879E-4
1.0750249E-4
1.6343937E-4
1.18374344E-4
2.794704E-4
1.9847271E-4
2.151536E-4
3.9450277E-4
4.6551635E-4
5.2297296E-4
4.4736936E-4
4.9748487E-4
5.809177E-4
5.115499E-4
4.9734063E-4
4.8677754E-4
7.5041107E-4
8.1284286E-4
7.3066755E-4
7.54092E-4
7.3957996E-4
3.1563375E-4
3.1065E-4
4.3272966E-4
6.372783E-4
5.8374903E-4
6.8638206E-4
5.442852E-4
4.7992438E-4
3.3197738E-4
1.8774468E-4
6.8250265E-5
-1.2611556E-5
5.830884E-5
-2.028181E-5
1.372866E-4
1.4877843E-4
6.8851514E-5
8.972306E-5
-1.6246366E-4
8.588402E-6
-4.581569E-6
-8.5146756E-5
-1.2275203E-4
-8.200939E-6
5.925882E-6
2.6762575E-6
-1.0745761E-4
-1.5861971E-5
-1.6290149E-4
5.675524E-5
6.907302E-5
1.3536925E-4
-2.8767656E-5
-5.003524E-5
-4.3572592E-5
-6.0499497E-5
3.479059E-5
-2.823712E-5
-6.571639E-5
4.281769E-5
9.8474695E-5
-1.33804715E-5
-7.651085E-5
-2.2694762E-4
3.766335E-5
-1.00454505E-4
2.824128E-5
-2.717215E-6
5.842539E-5
1.8475424E-5
6.433931E-5
-1.7586506E-5
1.2817426E-4
3.8951755E-5
-5.237028E-5
1.09092925E-5
8.95032E-6
-3.6847337E-5
-5.2447984E-5
-6.5615066E-5
-1.36904955E-5
1.2662179E-5
-7.4780655E-5
3.2231277E-5
-1.3459657E-4
-5.36032E-6
-1.17296666E-4
6.0024107E-5
-6.359876E-5
-1.48449535E-5
2.6083304E-5
6.365795E-5
-2.1798772E-4
-7.7364995E-5
-3.682102E-5
-3.153998E-5
4.7166697E-5
3.77983E-5
1.2791301E-4
-2.5849575E-5
8.925358E-5
5.6729183E-5
6.719979E-5
-1.8193181E-4
-1.464038E-4
-3.5528318E-4
-8.195394E-5
2.015714E-6
8.137976E-5
-5.453922E-5
-1.0368809E-4
-4.2499884E-4
-5.1371806E-4
-5.060122E-4
-5.7703035E-4
-5.799648E-4
-5.357681E-4
-4.5564785E-4
-4.6774148E-4
-3.3235518E-4
-4.8166406E-4
-3.9306737E-4
-5.0328346E-4
-5.2150927E-4
-5.8337E-4
-4.4526465E-4
-5.159581E-4
-3.6197033E-4
-4.203961E-4
-3.3328484E-4
-3.590498E-4
-2.6265607E-4
-3.240624E-4
-3.567443E-4
-3.3054085E-4
-2.2623241E-4
-1.4790779E-4
-1.8167417E-4
-6.447623E-5
-1.947136E-4
9.881493E-7
-7.527755E-5
-2.5629339E-5
-4.547969E-5
1.3262837E-5
2.4995214E-5
9.7005504E-5
-4.0726765E-5
1.8228345E-4
-3.2999436E-5
-1.1650469E-4
-1.6031801E-5
1.2855115E-4
2.5679468E-5
-1.6861568E-4
-1.6301469E-4
-1.4159433E-4
-7.165665E-5
-5.9642287E-5
-2.0501585E-4
-2.0992584E-4
-2.5068806E-4
-2.8900636E-4
-2.569474E-4
-2.751526E-4
-4.372469E-4
-4.3681485E-4
-3.25155E-4
-5.409814E-4
-5.196846E-4
-4.8010953E-4
-5.0179526E-4
-4.0440337E-4
-4.3891557E-4
-4.8442982E-4
-3.5516298E-4
-4.6295385E-4
-5.3458486E-4
-4.698137E-4
-4.6750382E-4
-3.771744E-4
-4.7101508E-4
-3.0417816E-4
-4.4480507E-4
-2.7208464E-4
-4.7775373E-4
-2.4261474E-4
-4.0306273E-4
-2.4027901E-4
-3.849703E-4
-1.571958E-4
-3.0896216E-4
-1.4374268E-4
-3.8547718E-4
-5.9832557E-5
-1.08420645E-4
-1.632471E-4
-2.2272933E-4
1.8835543E-5
-1.0656898E-4
1.0542463E-4
-4.898765E-5
5.4997803E-5
1.9680443E-5
6.179881E-5
1.532449E-4
1.8144451E-4
1.49931E-4
1.9595308E-4
2.2273358E-4
3.347854E-4
2.7549386E-4
3.3454568E-4
3.1181448E-4
4.0911688E-4
2.9714257E-4
2.8623943E-4
3.0815694E-4
3.7919515E-4
3.2393826E-4
3.9552327E-4
2.7867343E-4
3.183589E-4
1.6549509E-4
2.5575867E-4
1.9067193E-4
2.71077E-4
2.90036E-4
2.2090161E-4
1.7614235E-4
3.3483427E-4
1.9279192E-4
3.275585E-4
1.1491503E-4
2.637611E-4
-3.0193676E-5
2.3740651E-4
1.1401927E-4
1.771484E-4
3.992473E-5
2.8617977E-5
-2.775511E-5
5.3785083E-5
-2.1925114E-5
5.4628563E-5
-1.3203094E-5
4.316641E-5
-6.468685E-5
1.3828327E-5
1.1769056E-6
-2.9452867E-5
1.8754687E-5
7.589487E-5
-3.748024E-5
1.2547066E-4
3.065783E-5
1.3264481E-4
1.6181287E-4
1.8960747E-4
1.8527913E-4
2.771278E-4
1.3457426E-4
2.5046538E-4
2.3428956E-4
3.0307335E-4
3.1727075E-4
3.9232057E-4
3.6073814E-4
4.149023E-4
3.8049047E-4
6.0658285E-4
3.8265268E-4
5.636496E-4
4.911378E-4
5.4509664E-4
5.310799E-4
6.8727724E-4
5.825716E-4
7.1748754E-4
5.5022934E-4
6.931245E-4
4.8519493E-4
6.2365265E-4
4.994344E-4
5.241017E-4
5.090096E-4
5.460147E-4
4.0013474E-4
4.0768686E-4
3.4795102E-4
1.6645675E-4
3.1391834E-4
1.1770597E-4
1.376917E-4
1.2695549E-4
5.661604E-5
-2.521467E-5
-9.381274E-5
-1.1750672E-5
1.379759E-5
9.253321E-5
-1.9581323E-4
-1.2825285E-4
-2.0243993E-4
-1.07801076E-4
-1.7005073E-4
-5.567218E-5
-1.5073836E-4
5.471764E-5
-5.944034E-5
-1.36387E-4
-2.3802495E-4
-6.3909894E-5
-1.3036301E-4
-1.2281498E-4
-1.9322437E-5
7.020285E-5
9.86646E-5
1.7632916E-5
1.2264751E-5
1.2455246E-4
2.0922317E-4
2.657194E-4
2.1371983E-4
4.159338E-4
3.9987953E-4
2.899697E-4
2.6063193E-4
4.2129154E-4
5.454641E-4
5.299239E-4
5.2493636E-4
5.24558E-4
6.802827E-4
6.6693855E-4
6.124157E-4
5.411818E-4
6.671756E-4
5.964919E-4
5.07607E-4
4.382204E-4
6.1954017E-4
5.312634E-4
4.090911E-4
4.6035936E-4
2.8306252E-4
3.3988568E-4
2.6050486E-4
1.740516E-4
1.00574194E-4
4.690445E-6
-4.7091384E-5
3.888801E-6
-8.049633E-5
-2.1106857E-4
-3.307002E-4
-1.7856454E-4
-3.0180556E-4
-3.4189853E-4
-5.6561356E-4
-4.3512005E-4
-3.861004E-4
-3.1779567E-4
-4.2126875E-4
-5.2060484E-4
-4.1889242E-4
-4.1260623E-4
-3.3833468E-4
-3.802838E-4
-4.030907E-4
-3.8287276E-4
-4.4237962E-4
-3.3329567E-4
-4.2598066E-4
-2.886357E-4
-2.5487802E-4
-2.0504354E-4
-3.0149287E-4
-1.6678081E-4
-1.4572169E-4
-1.7242265E-4
-1.632577E-4
-2.7783975E-4
-9.016051E-5
-7.146108E-5
-9.865566E-5
-3.6417452E-5
-1.0651818E-5
1.35512155E-5
1.2354898E-4
1.9783677E-4
8.3905376E-5
7.437506E-5
2.0454264E-4
2.4139453E-4
1.6484458E-4
2.458379E-4
2.4002595E-4
2.9071738E-4
1.7920171E-4
1.7818234E-4
1.8892212E-4
1.8502606E-4
1.2279314E-4
2.655594E-4
1.8446469E-4
1.791369E-4
1.6885302E-4
1.97965E-4
1.4917555E-4
1.1994778E-4
1.14601506E-4
1.701106E-4
2.6120799E-5
2.2014634E-5
3.4278968E-5
-9.40266E-5
-6.197618E-5
4.280407E-5
5.137739E-5
-1.2043538E-4
-5.497973E-5
-1.08037835E-4
-2.2102853E-4
-1.2335952E-4
-9.202692E-5
-9.3863615E-5
-1.00140656E-4
-1.877326E-5
-2.2782863E-4
-1.2699622E-4
-3.2523734E-4
-8.196166E-5
-1.7143792E-4
-3.0665656E-4
-3.5112724E-4
-2.3703973E-4
-1.900156E-4
-1.8419976E-4
-2.1803696E-4
-1.3348274E-4
-2.3356061E-4
-7.89708E-5
-2.486469E-4
-2.1189204E-4
-1.6785866E-4
-9.702893E-5
-2.728986E-4
-2.221358E-4
-1.7675471E-4
-8.6605774E-5
-1.9435516E-4
1.5404945E-5
-1.1044275E-4
-9.500044E-5
1.1863861E-5
4.0591032E-5
3.6800982E-5
4.286443E-6
1.431829E-4
8.164875E-5
5.2004114E-5
1.5675594E-4
9.251379E-5
1.4543717E-4
1.1597104E-4
1.741038E-4
1.7727545E-4
2.0208406E-4
2.4708055E-4
2.5623507E-4
1.1556079E-5
1.887037E-4
1.4109803E-4
1.7085687E-4
1.1886046E-4
2.9315898E-4
3.280128E-5
1.028546E-4
6.1535146E-5
4.837364E-5
-3.84888E-5
9.905443E-5
-6.388505E-5
-3.9490562E-5
-1.1243356E-4
-2.8443028E-6
-1.15236435E-4
-2.5619174E-4
-3.9590494E-4
-2.3325598E-4
-3.1555857E-4
-4.7217426E-4
-4.272997E-4
-4.424321E-4
-5.1464094E-4
-5.350569E-4
-5.1655516E-4
-6.423046E-4
-6.6023145E-4
-6.930706E-4
-4.954319E-4
-6.285117E-4
-4.4448895E-4
-4.3643833E-4
-4.0594843E-4
-4.7148467E-4
-4.8231232E-4
-3.894022E-4
-3.496208E-4
-2.3120572E-4
-1.6744518E-4
-3.4778637E-5
-1.5991084E-4
-3.698929E-5
-8.9367204E-5
3.5790154E-6
9.334232E-6
1.3431413E-4
2.1464308E-4
2.6784354E-4
1.3716632E-4
2.4821714E-4
2.7978126E-4
2.1262992E-4
1.6753984E-4
2.9040797E-4
2.2122277E-4
2.482347E-4
7.644458E-5
2.2489764E-4
8.956258E-5
1.1394313E-4
1.84482E-4
7.174429E-5
2.5296178E-5
8.4819694E-5
8.490907E-5
-1.3558266E-6
-6.443076E-5
-6.7630535E-5
-1.3136084E-4
-1.2080195E-4
-1.1600466E-4
-2.3180706E-4
-1.9721597E-4
-2.622841E-4
-2.2648898E-4
-3.3002338E-4
-3.2342863E-4
-4.0558018E-4
-3.826744E-4
-3.679674E-4
-4.5510026E-4
-3.8780912E-4
-4.675288E-4
-2.7248327E-4
-4.0430317E-4
-2.656977E-4
-3.4712552E-4
-3.4523843E-4
-3.692303E-4
-2.5753584E-4
-3.9875045E-4
-2.5874114E-4
-2.6352162E-4
-1.3605112E-4
-2.4935085E-4
-1.6053676E-4
-1.3030545E-4
-3.8563267E-5
-8.706456E-5
1.2074749E-4
1.9228594E-4
1.9741985E-4
-1.3312879E-5
1.6229108E-4
1.2753672E-4
2.3092754E-4
1.9761706E-4
2.0301994E-4
1.6351024E-4
2.1384003E-4
2.6086994E-4
1.655711E-4
2.479085E-4
2.1213446E-4
1.9063866E-4
2.0361123E-4
1.8921077E-4
1.18309166E-4
1.4989758E-4
1.2225509E-4
1.3186569E-4
1.5973448E-4
9.2900176E-5
1.5771181E-4
1.6184631E-4
1.125587E-4
1.18032585E-5
8.5113745E-5
-1.8363758E-5
8.483856E-5
-1.4560662E-5
7.139605E-5
-1.9966869E-4
-3.2373817E-5
-1.1338548E-4
-6.467496E-5
-1.5261528E-4
-2.038134E-5
-1.4501394E-4
5.1061616E-5
-4.4420136E-5
-2.0953234E-4
-7.818181E-5
-8.3805266E-5
-5.9475555E-5
-1.7335751E-5
1.3413443E-4
5.5655375E-5
1.4738314E-4
1.4352598E-4
2.2911018E-4
1.8405731E-4
1.6511633E-4
1.7019466E-4
2.0208157E-4
2.4262744E-4
2.1417333E-4
2.0445767E-4
3.1287965E-4
3.2645787E-4
3.2649003E-4
2.638128E-4
1.9496486E-4
2.4496132E-4
1.9066804E-4
2.3240129E-4
2.393427E-4
2.91301E-4
2.1632838E-4
2.6396528E-4
2.3039544E-4
2.4135697E-4
1.9122953E-4
3.5948202E-4
1.3642735E-4
2.0460345E-4
2.0018322E-4
3.346415E-4
2.7719437E-4
2.137175E-4
2.7158944E-4
2.1351705E-4
2.5244465E-4
2.2152788E-4
1.8410294E-4
1.9723445E-4
1.5408003E-4
2.7590402E-4
3.0067607E-4
1.4402908E-4
9.814122E-5
9.186737E-5
1.2645828E-4
1.0169522E-4
1.0874176E-4
1.9688004E-4
2.7405025E-4
1.8353722E-4
2.1014121E-4
1.7808769E-4
1.13329006E-4
1.6281773E-4
2.3702125E-4
7.15897E-5
1.1122318E-4
1.8312834E-4
-4.4208427E-6
1.540305E-4
1.6218469E-4
2.1919522E-4
8.723721E-5
2.3433467E-4
1.3412724E-4
8.173298E-5
-4.5443485E-6
1.9825973E-4
1.3978458E-4
1.2957776E-4
7.630876E-5
1.5283498E-4
1.2627858E-5
1.1662846E-4
8.743672E-5
4.0316017E-6
1.7661315E-4
5.3960594E-5
-1.14027454E-4
2.0953576E-5
9.4155854E-5
1.3204712E-4
1.4228378E-4
-7.536535E-5
2.597691E-5
-9.4393954E-8
1.4617504E-4
1.4379907E-7
2.6384865E-5
-8.96248E-6
2.846614E-5
3.258483E-6
1.6336286E-4
-1.3425667E-4
-1.9881726E-4
-1.5679075E-4
-5.9502418E-5
-4.322699E-5
-1.543057E-4
-1.740544E-4
-5.5457156E-5
-1.9577926E-4
-1.8134383E-4
-3.4002023E-5
-1.6661553E-4
-2.7478283E-4
-3.1491308E-4
-9.2199625E-5
-1.9130232E-4
-9.136125E-5
-8.9135254E-5
-1.506597E-4
-1.8859518E-4
-3.7921214E-4
-2.7194357E-4
-2.9598793E-4
-2.6847524E-4
-2.7759018E-4
-2.1460769E-4
-2.746768E-4
-3.2478722E-4
-2.518192E-4
-1.3148191E-4
-2.7219552E-4
-2.9144596E-4
-2.6129102E-4
-2.0148506E-4
-1.6333572E-4
-1.7341982E-4
-2.8987858E-4
-1.4629027E-4
-1.704155E-4
-1.5416364E-5
-1.9854544E-4
-9.205196E-5
-3.1323666E-6
1.3995815E-5
-3.918557E-5
-6.511532E-5
-3.4351935E-5
1.6879634E-5
-4.48698E-5
-1.0256611E-4
-9.600981E-5
-3.8427468E-5
-5.130433E-5
2.7320853E-5
-5.7921216E-6
-1.02573795E-4
-1.3232515E-4
-3.8000564E-6
4.5826844E-5
-5.9336304E-5
2.2605747E-5
-6.1401166E-5
1.2663868E-5
-1.330325E-4
-1.5104243E-4
-5.022732E-5
-1.4515915E-4
-2.0562769E-4
-3.814105E-5
-4.6216297E-5
-1.1981484E-4
-2.4566425E-5
-7.744163E-5
8.426669E-5
-7.0160044E-5
-3.9087965E-5
-3.685094E-5
-4.6184134E-5
-1.1849021E-4
-9.931763E-5
-9.631338E-5
3.736269E-5
-9.8543305E-6
-3.5430246E-5
9.3216494E-7
5.3741045E-5
7.760844E-6
1.894171E-5
1.12810376E-4
-7.6807635E-5
6.066823E-5
1.0569621E-5
1.12651906E-4
1.2716299E-4
2.3351499E-4
1.824811E-5
1.357463E-4
9.237562E-5
3.4653093E-4
1.638051E-4
3.3269363E-4
1.5148101E-4
2.1060246E-4
2.4860108E-4
8.635378E-5
2.0277152E-4
2.8042847E-4
1.8782253E-4
2.1784256E-4
2.3574002E-4
2.393964E-4
1.3783529E-4
3.7317476E-4
2.1444626E-4
1.8060407E-4
2.9442078E-4
2.454857E-4
1.7636118E-4
1.5191111E-4
1.8768321E-4
2.0530127E-4
1.665915E-4
1.7650145E-4
2.7620772E-4
4.200502E-4
3.5845384E-4
3.392977E-4
1.7288855E-4
2.769185E-4
2.6842154E-4
2.711885E-4
3.267699E-4
4.0079386E-4
2.0013447E-4
3.0486318E-4
1.1019808E-4
2.9187315E-4
1.9189324E-4
3.598708E-4
1.8481983E-4
2.5128835E-4
2.570274E-4
3.9628817E-4
3.0179106E-4
2.7868003E-4
2.4964413E-4
4.0912098E-4
2.3337526E-4
2.6041278E-4
2.3485941E-4
3.0264194E-4
1.4322363E-4
3.5311168E-4
1.9465084E-4
2.4397254E-4
2.2437285E-4
1.9949452E-4
7.4288524E-5
1.5885246E-4
1.4612194E-4
4.7759757E-5
1.3700605E-4
1.4343555E-4
1.3515973E-4
1.9819556E-4
7.511573E-5
2.9023504E-4
1.5044498E-4
2.676275E-4
1.1591976E-4
1.2455534E-4
1.269947E-4
1.7739154E-4
9.341955E-5
1.2517553E-4
1.5469194E-4
2.5134152E-4
8.022437E-5
1.973372E-4
5.8585232E-5
2.5944965E-4
8.9070076E-5
1.122561E-4
6.832716E-5
1.2549708E-4
-1.5356242E-4
2.3775585E-5
4.1567423E-6
1.1190793E-4
-1.0560047E-4
-7.7024715E-6
-1.560919E-6
-2.3876311E-5
-7.314984E-5
-1.186818E-4
-2.25757E-4
-7.447344E-5
-1.9438457E-4
-5.748369E-5
-3.1363938E-4
-2.5646162E-4
-1.4358874E-4
-1.3362945E-4
-3.2231293E-4
-1.321377E-4
-2.2062256E-4
-1.21122044E-4
-1.5602232E-4
2.298932E-5
-4.622274E-5
5.5855206E-5
-5.0759067E-5
3.135348E-5
3.8011935E-5
1.01015496E-4
7.4986354E-5
1.8311603E-4
2.487331E-5
2.2601096E-4
7.313014E-5
2.4486714E-4
2.1577338E-4
3.4343367E-4
2.1598172E-4
2.5572E-4
1.1509556E-4
2.4433032E-4
1.19864526E-4
2.5627422E-4
6.8345485E-5
1.9799294E-4
-3.331381E-5
5.3361222E-5
-2.7817393E-6
-2.4695171E-5
-7.914617E-5
-1.3460152E-4
-2.1845178E-4
-1.5857605E-4
-7.075649E-5
-1.4369476E-4
-2.2418602E-4
-1.3664036E-4
-3.3333566E-4
-3.2469E-4
-2.5092365E-4
-2.8665582E-4
-3.1268122E-4
-2.143047E-4
-3.03723E-4
-9.755191E-5
-2.1467672E-4
-9.44975E-5
-1.5964353E-4
-1.5008973E-4
-2.1587103E-4
-3.685817E-5
-3.4936227E-5
3.4669072E-5
-1.04025086E-4
7.300206E-5
-2.0740206E-5
9.332939E-5
-1.03264334E-4
1.08377535E-4
9.160414E-6
1.2300716E-5
7.987298E-5
2.311825E-4
7.148042E-5
1.8481718E-4
5.633433E-5
1.8579318E-4
1.0006944E-4
2.401273E-4
9.7407035E-5
2.6607013E-4
1.936106E-4
9.8839264E-5
3.6523194E-5
2.1973465E-4
5.9619862E-5
2.2130055E-4
6.513407E-5
1.3295167E-4
1.5386338E-4
6.6275716E-5
4.4311437E-5
1.1814192E-4
3.683223E-5
6.073541E-6
1.12617236E-4
1.4431254E-4
-4.6501456E-5
1.4610417E-4
1.2786774E-4
4.022508E-5
1.626244E-4
4.8556045E-5
2.6298861E-5
9.0057925E-5
-1.3526053E-4
9.649897E-5
-3.6326706E-5
1.4858694E-4
8.235001E-5
8.2517225E-5
-1.6361679E-5
4.9470134E-5
-1.3611524E-4
1.08042244E-4
-1.1871147E-4
-2.4158307E-5
-4.475572E-5
2.3439152E-5
-1.8916115E-4
4.3724947E-5
-1.4176712E-4
-4.587312E-5
-5.5043027E-5
-1.1233806E-4
-1.8916844E-4
-2.5338411E-5
-4.6639332E-5
-1.9730299E-4
-6.479155E-7
-7.349667E-5
-2.0607171E-4
-4.0713585E-5
1.9717927E-5
1.2870609E-5
-6.6251255E-6
7.859909E-5
-6.7762165E-5
7.4138115E-5
-7.780424E-5
1.7281022E-4
3.5233945E-5
3.049301E-4
2.0068829E-4
2.4575964E-4
1.3042017E-4
1.7972178E-4
1.4026351E-4
2.660765E-4
1.6612289E-4
2.927233E-4
1.7364796E-4
2.598816E-4
2.208822E-4
2.8493453E-4
1.7374198E-4
2.4698977E-4
1.4954517E-4
3.085829E-4
1.9194059E-4
2.692893E-4
7.8998084E-5
4.4179324E-6
5.9398884E-5
2.2298176E-4
1.1453277E-4
2.1354204E-5
9.302237E-5
-1.97408E-5
-1.1729094E-4
-5.139433E-5
-2.0405152E-4
-2.5034155E-4
-2.169612E-4
-1.8072754E-4
-2.3828556E-4
-9.1338865E-5
-3.331158E-4
-2.3600247E-4
-2.5344884E-4
-1.930076E-4
-2.1794818E-4
-1.5776747E-4
-2.7592963E-4
-2.5212718E-4
-3.3620995E-4
-8.368364E-5
-2.0009404E-4
-3.8738086E-5
-1.1740809E-4
-1.3304088E-5
-1.4650941E-4
-1.15249895E-4
-1.79638E-4
-9.3046496E-5
-5.6265162E-5
3.819569E-5
-8.5863765E-5
6.4175336E-5
-1.6990944E-5
1.8369125E-5
-5.4407898E-5
1.7906314E-4
8.435734E-5
1.2309418E-5
-2.039655E-5
1.1182673E-5
-5.693933E-5
2.379678E-5
8.1038044E-5
1.5876682E-5
9.0356814E-5
5.2300225E-6
-3.814937E-5
1.8211365E-5
-8.8129935E-5
-1.7775789E-6
1.3219927E-5
-9.572962E-5
-1.8775132E-5
-4.041342E-5
-2.114931E-4
-1.0434479E-4
-1.5520482E-4
-9.573029E-5
-3.9026272E-4
-3.1323437E-4
-3.2561112E-4
-1.2508234E-4
-4.3769824E-4
-2.7064633E-4
-4.7169015E-4
-1.9165323E-4
-4.2953028E-4
-2.7852732E-4
-4.00079E-4
-2.9993334E-4
-4.241816E-4
-3.2147893E-4
-3.8624712E-4
-2.770268E-4
-3.775849E-4
-3.610564E-4
-4.8497505E-4
-3.1650576E-4
-2.80247E-4
-3.177829E-4
-3.5685807E-4
-3.245762E-4
-2.5329605E-4
-3.3764762E-4
-1.3642937E-4
-2.5967162E-4
-2.3840382E-4
-2.482402E-4
-2.0799773E-4
-2.4012367E-4
-1.833573E-4
-1.7952891E-4
-1.5565802E-4
-1.824758E-4
-3.745628E-5
-2.0008025E-4
6.500558E-5
-9.018172E-5
1.0091538E-4
-1.3055609E-4
1.781554E-4
-1.7755287E-4
3.755277E-4
-5.044936E-4
6.6616334E-4
0.0011882654
-0.003662928
0.0016862736
0.0022875937
0.0020049282
-0.0043038274
0.0011216353
6.3975906E-4
-3.614125E-4
-6.991396E-4
0.0010218265
-5.132373E-4
-0.0021106144
0.0014378983
0.0016315168
-5.977711E-4
2.8233865E-4
0.001716024
7.749688E-4
-2.4894907E-4
-1.4833396E-4
0.0015080647
4.4032722E-4
-6.383226E-4
9.942809E-4
-2.7111073E-5
-0.0011141032
-9.6041756E-4
-3.249039E-4
-0.0017459439
-0.002093626
-0.0010414965
4.8403474E-4
2.5482502E-4
8.529401E-4
0.0013163654
0.0017412816
8.649178E-4
9.559477E-4
5.646945E-4
3.0073713E-4
-2.0439802E-5
9.775778E-4
8.5687847E-4
5.323804E-5
-6.0486054E-5
8.698712E-4
4.1098223E-4
-3.3699546E-4
-1.1166538E-4
4.4761613E-4
-6.121909E-5
-4.6535785E-4
-5.944281E-4
1.9193847E-4
2.4338599E-4
2.189346E-4
1.6117342E-4
4.3995067E-4
5.0524756E-4
6.742842E-4
5.087987E-4
4.8121452E-4
4.643014E-4
4.9005507E-4
4.2359243E-4
9.9030935E-5
2.6914713E-4
3.8234802E-4
2.3773288E-4
-1.7579293E-4
1.3128451E-4
5.803048E-4
6.467632E-4
1.5311432E-4
-2.302587E-5
-4.8331403E-5
5.3922085E-5
8.337204E-6
2.5701243E-5
-1.7169645E-4
-2.4631456E-4
-3.5916123E-4
-3.309479E-4
-9.372559E-6
4.8059644E-4
4.4742227E-4
3.2739685E-4
2.6697278E-4
2.3789154E-4
3.820465E-5
-1.3525871E-4
-1.5378106E-4
-1.6552841E-4
-4.9935798E-6
1.6942524E-4
2.023836E-4
4.9240264E-4
6.9473754E-4
4.1336802E-4
1.6053687E-4
1.1680368E-4
1.6033431E-4
6.72127E-5
-9.513405E-5
-1.5131885E-4
-1.0286487E-4
-1.6479033E-4
-2.9503171E-5
3.0434781E-5
8.359799E-5
6.0043687E-5
-2.3651022E-5
1.4336495E-5
4.4928707E-5
-4.626209E-5
-2.0426708E-4
-2.4978752E-4
-1.403357E-4
-1.786235E-4
5.425073E-6
1.1105842E-4
2.024571E-4
7.805153E-5
3.5319052E-4
1.7693387E-4
1.4425545E-4
-1.5457494E-4
6.866309E-5
-1.5761827E-4
-6.011095E-5
-6.490268E-5
-3.455526E-4
-3.1888223E-4
9.0425965E-5
-3.0733217E-4
-2.930006E-4
-3.1563346E-4
1.4486766E-4
-4.5583228E-4
-1.2105205E-4
-4.333449E-4
-2.5824457E-4
-6.0226984E-4
-7.1188755E-5
-3.559336E-4
1.14591814E-4
-1.2275069E-4
-4.8248164E-4
-3.8860002E-4
-1.7712548E-4
-4.3295597E-5
-1.586376E-4
-4.3514164E-4
1.8830525E-4
-6.3498366E-5
-3.186694E-4
-7.86355E-5
1.7573575E-4
-3.4308256E-4
-1.6405048E-4
-1.6471329E-4
3.7297438E-4
-5.6262892E-5
2.2330167E-5
1.1622138E-4
1.6621957E-4
-4.0367417E-4
1.704653E-5
-5.1467014E-5
1.5302292E-4
-1.9697445E-4
2.022539E-4
5.603459E-5
2.836372E-4
-5.7968224E-5
2.5209718E-4
1.00744786E-4
2.576653E-4
2.7777092E-5
2.8329357E-4
2.968007E-4
3.8840258E-4
7.716077E-5
5.997168E-5
2.2997805E-4
2.5031462E-4
1.5461649E-4
2.220587E-4
2.556382E-4
2.2868921E-4
1.3431512E-4
2.4856077E-4
2.2886157E-4
3.1264703E-4
1.8242275E-4
1.4864901E-4
1.4513706E-4
1.3395504E-4
3.977261E-5
7.190344E-5
2.5257996E-5
3.1964426E-4
-5.6219746E-5
1.3330526E-4
3.39057E-5
1.519555E-4
1.801316E-4
8.921752E-5
6.5222785E-6
2.0580647E-4
1.0858569E-4
7.4642994E-5
7.403503E-5
1.6764145E-4
1.18133175E-4
2.3129175E-4
8.534259E-6
2.1768837E-4
1.810336E-4
1.9029879E-4
9.673945E-5
1.2867828E-4
1.2834431E-4
3.0759868E-5
-7.2650546E-5
4.6655114E-5
-1.8736098E-5
-1.3122991E-4
-1.2238768E-4
-1.5353732E-4
-5.794148E-5
-1.2814437E-4
-1.431216E-4
-1.3257576E-4
-1.3880114E-4
-1.663308E-4
-2.2748021E-4
-2.5159164E-4
-2.3120144E-4
-1.8964676E-4
-2.794979E-4
-1.755622E-4
-2.990268E-4
-1.2048207E-4
-1.0374959E-4
-2.353522E-5
-1.1349475E-4
-5.802906E-5
-2.789775E-4
-1.2762494E-4
-2.4687685E-4
-5.0405888E-5
-1.931767E-4
-7.1365495E-5
-2.772686E-4
-1.7589092E-4
-9.6929405E-5
-3.1770356E-5
-2.057212E-4
6.490615E-5
-1.2302038E-4
6.343524E-5
-7.259958E-6
-1.1504085E-5
-1.4052454E-4
3.0069388E-4
-5.8965484E-4
-5.4358406E-4
0.0013104411
4.8363215E-4
-2.6226058E-4
-6.8315613E-4
3.526487E-5
2.6154728E-4
5.4362294E-4
2.9162937E-4
1.6542696E-4
-1.6388649E-5
-2.822399E-5
7.8135505E-5
-1.2898684E-4
1.0594049E-4
3.4278413E-4
2.2975933E-4
6.379332E-5
-8.4639294E-5
-1.1341426E-4
-6.566921E-5
-1.0049878E-4
-3.3759527E-5
2.3962237E-4
1.7806175E-4
4.4837387E-4
7.873596E-4
6.191813E-4
3.9938302E-4
-1.5921525E-4
-1.2158185E-4
3.8439897E-4
2.668133E-4
9.716995E-5
-1.155129E-5
-8.5945685E-5
-9.0912E-5
9.829172E-6
1.2641486E-4
2.1186303E-5
-7.431638E-5
1.3976984E-4
2.1189523E-4
9.958188E-5
3.2705553E-5
1.7315862E-4
1.642178E-4
2.5194985E-4
3.859766E-4
3.9003417E-4
2.0911884E-4
9.7161384E-5
1.9569168E-4
1.0565203E-4
-2.4456653E-4
-1.8805846E-4
6.192539E-5
8.4501284E-5
1.5592124E-4
2.498808E-4
1.8936514E-4
2.3747636E-4
4.0473734E-4
1.6540452E-4
2.1824456E-4
2.8543749E-5
-1.2470152E-4
-1.7597037E-4
-3.8590835E-5
-2.9425944E-5
1.7627912E-4
1.2349753E-5
1.2416381E-4
1.2395352E-4
1.0439506E-4
-5.135608E-5
-7.3545336E-5
-1.3226105E-4
-1.7947845E-4
-7.5485994E-5
-2.1321015E-4
-1.4025837E-4
-1.2666678E-4
1.1245085E-4
1.9797096E-4
2.7313648E-4
8.1060156E-5
1.8747202E-4
6.441171E-5
-1.009509E-4
-2.255593E-4
-2.806447E-4
-1.7620527E-4
-3.315884E-4
-1.0566354E-4
8.167955E-5
1.5560015E-4
1.2655738E-4
1.9544263E-4
4.3139542E-5
1.0107185E-4
-1.4299712E-5
3.690674E-5
-2.5962899E-4
8.9686444E-5
-8.669296E-5
-1.14683586E-4
-1.19918805E-4
5.5385644E-5
9.673958E-5
3.7049013E-4
-1.6538312E-5
7.863271E-5
-2.8124989E-5
2.1097048E-5
-1.5111065E-4
-9.0771384E-5
-1.0510578E-4
7.26509E-6
-1.01316225E-4
-7.455193E-5
-3.5637702E-5
1.5439808E-4
8.078983E-6
2.1843562E-6
5.87949E-5
3.3378932E-5
-5.160295E-5
-1.6547916E-4
-2.7266963E-4
-3.2672088E-4
-3.1677747E-4
-2.3898338E-4
-1.7877617E-4
-1.2618571E-4
-1.3265532E-4
-7.090896E-5
-1.9092052E-4
-1.2078794E-4
-4.2047753E-4
-2.2606527E-4
-2.8633978E-4
-5.730973E-4
-3.7943167E-4
-4.404018E-4
-4.667095E-4
-3.2334818E-4
-3.171356E-4
-2.3287449E-4
-4.6202473E-4
-5.2627973E-4
-6.626601E-4
-3.8581114E-4
-6.5268594E-4
-6.824941E-4
-6.596586E-4
-6.2276935E-4
-6.5819576E-4
-4.1084285E-4
-5.5083685E-4
-4.0531365E-4
-4.189263E-4
-3.7705197E-4
-3.0141298E-4
-2.8302454E-4
-3.9728024E-4
-2.509734E-4
-3.658671E-4
-2.397243E-4
-3.0477365E-4
-1.798221E-4
-1.8084969E-4
-2.4680645E-4
-2.0729314E-5
-1.9773128E-5
-7.19186E-5
2.5825188E-5
-3.8804665E-5
-1.4521164E-4
-2.8426768E-4
-1.5141322E-4
-3.0229756E-4
-4.4040153E-5
-1.8257028E-4
-5.843115E-5
-1.602292E-4
-3.374139E-5
-1.12981754E-4
1.8988289E-5
-9.658178E-5
-6.3443906E-5
-1.251819E-4
-1.2510018E-4
-9.8091834E-5
-4.8183476E-5
-2.1604942E-4
-6.3866516E-8
-2.8765291E-5
-8.43555E-5
-1.1065653E-4
1.278729E-4
4.8632653E-5
2.1925502E-4
-1.20598E-5
1.999659E-4
9.924411E-5
2.1824299E-4
2.1698273E-4
3.4001E-4
2.6366286E-4
2.7597437E-4
3.6712745E-4
4.3894473E-4
2.542015E-4
3.1935656E-4
2.050012E-4
3.0514807E-4
4.2669498E-4
4.4518991E-4
3.496938E-4
2.585341E-4
3.927327E-4
4.7108447E-4
3.539353E-4
3.636962E-4
3.7429156E-4
4.821058E-4
2.579953E-4
3.8087982E-4
2.8514545E-4
4.0482281E-4
1.8756092E-4
3.8420619E-4
2.2842789E-4
1.7925973E-4
7.857249E-5
2.9153744E-4
9.602352E-5
3.340836E-4
8.77523E-5
2.873365E-4
1.9522713E-4
1.903219E-4
-8.243728E-6
1.6337786E-4
-5.6277E-6
-1.0130448E-4
-2.4459441E-6
2.03017E-5
-4.474535E-5
-6.484505E-6
-1.13366914E-4
-5.4721622E-5
3.240237E-5
-1.4389379E-4
-9.551613E-5
4.344206E-5
-1.0596035E-5
-2.0139232E-4
-4.9436596E-5
-8.8014895E-5
-1.9036244E-5
-3.815036E-5
5.195183E-5
3.666816E-5
-1.00661804E-4
1.4988247E-4
-6.123511E-5
6.30934E-5
-2.2943277E-5
8.540789E-5
-3.196269E-5
1.6573111E-4
2.0402229E-5
1.790972E-4
2.2085353E-5
1.6495243E-4
1.2800329E-4
2.2410575E-4
7.024497E-6
2.6025486E-4
9.850286E-5
2.0522418E-4
1.1045903E-4
1.6103454E-4
1.6743314E-4
2.2327175E-4
1.8167532E-4
3.687081E-4
2.3801852E-4
2.4689068E-4
2.4523388E-4
2.3887289E-4
2.9391926E-4
2.3778372E-4
2.1048516E-4
2.1783586E-4
3.2024304E-4
2.4106533E-4
2.0674577E-4
2.0995062E-4
1.2050623E-4
1.599289E-4
1.5363807E-5
2.2772906E-4
2.7449807E-4
3.4369173E-4
8.285916E-5
1.9431212E-4
1.16080926E-4
3.027485E-4
1.466943E-4
3.193154E-4
1.1075751E-4
2.3755488E-4
8.9469E-5
1.4212598E-4
9.139458E-5
2.5371558E-4
1.3811466E-4
2.4990505E-4
5.3949203E-5
2.049609E-4
5.8763635E-6
1.3913507E-4
3.1484393E-5
-1.9564997E-5
-8.9803965E-5
1.262027E-4
-3.1587453E-5
2.8603086E-5
9.344892E-5
1.0251938E-4
2.5273626E-5
1.561037E-4
2.389808E-4
2.206741E-4
1.45760705E-5
8.745103E-5
-1.4167488E-5
7.982617E-5
1.6497805E-4
-1.3219085E-4
3.2511034E-5
-6.0559614E-5
-1.10192974E-4
-1.6042613E-4
-2.3953215E-4
1.659105E-5
-1.370694E-4
-1.704161E-4
-2.1426019E-4
-2.2390757E-4
-2.3781041E-4
-1.305298E-4
-2.7867238E-4
-1.18478E-4
-2.103276E-4
-2.495341E-4
-1.7471581E-4
-1.660742E-4
-2.6103092E-4
-1.9859402E-4
-2.9079593E-4
-1.3351532E-4
-2.1539534E-4
-1.8971361E-4
-3.438382E-4
-1.7249097E-4
-2.474786E-4
-3.514644E-4
-3.2719586E-4
-3.3550026E-4
-2.1793919E-4
-3.4529195E-4
-3.8203908E-4
-4.042498E-4
-2.5246057E-4
-3.7738166E-4
-4.3665466E-4
-4.1850953E-4
-3.0572875E-4
-4.736003E-4
-2.9573755E-4
-1.8118448E-4
-3.855665E-4
-5.018147E-4
-3.2110748E-4
-3.9866654E-4
-3.807145E-4
-1.8573558E-4
-1.2157243E-4
-6.311931E-4
-4.40322E-4
-1.1048995E-4
-3.0810497E-4
-5.9294654E-4
-4.8503414E-4
-4.32318E-4
-4.3637984E-4
-2.4533426E-4
-3.044316E-4
-3.3685856E-4
-5.050152E-4
-4.7743067E-4
-3.16564E-4
-2.869283E-4
-3.8030537E-4
-4.808064E-4
-4.982183E-4
-5.1095994E-4
-3.2213313E-4
-2.465279E-4
-2.9476426E-4
-6.1451487E-4
-5.838723E-4
-4.992562E-4
-4.327215E-4
-3.091873E-4
-2.1972341E-4
-3.5988446E-4
-3.4010143E-4
-2.797658E-4
-2.3816733E-4
-1.5204845E-4
-4.0870473E-5
-2.3628696E-4
-3.202003E-4
-4.199075E-4
-3.5501632E-4
-2.4857465E-4
-2.0644096E-4
-1.1179151E-4
-2.5894167E-4
-2.1695039E-4
-1.5623786E-4
-2.1046847E-4
-2.0172958E-4
-2.6385358E-4
-2.4674853E-4
-3.310294E-4
-3.726824E-4
-2.4098676E-4
-2.1197324E-4
-9.5443946E-5
-2.5700834E-5
-6.83153E-5
-2.0829482E-4
-1.1530332E-4
-3.4372166E-5
-2.9288001E-5
-9.158104E-5
-2.529645E-4
-2.8899417E-4
-2.8890776E-4
-7.744423E-5
-1.5093206E-4
-5.5471693E-5
2.7161826E-5
1.2102918E-4
1.483471E-4
2.2889825E-4
8.825527E-6
2.4119904E-6
-1.7077819E-4
-8.135405E-5
-5.206491E-5
-1.3134157E-4
-2.0381126E-4
1.2079776E-4
1.1504646E-4
1.5327652E-4
9.938244E-5
2.2855762E-4
3.2371402E-4
6.262771E-5
1.3946052E-5
1.9123858E-5
1.2524369E-4
6.201143E-5
-2.4115008E-5
9.872149E-5
2.6028606E-4
2.0319682E-4
3.2618074E-4
3.8899714E-4
5.0712144E-4
4.9244525E-4
4.5268863E-4
4.2439715E-4
4.7224175E-4
4.7729825E-4
2.9512483E-4
3.039293E-4
2.9282534E-4
4.2786152E-4
3.729254E-4
3.7335765E-4
4.0132893E-4
4.512847E-4
5.3576555E-4
4.122356E-4
2.4950667E-4
3.0427755E-4
2.0088011E-4
2.528651E-4
2.693684E-4
1.9941051E-4
3.1797955E-4
4.5058705E-4
2.3162663E-4
3.9442582E-4
3.2141045E-4
3.779381E-4
3.20759E-4
1.8656439E-4
2.1590029E-4
3.2134104E-4
3.1645276E-4
3.946786E-4
4.0320563E-4
2.969689E-4
1.8963731E-4
2.7427886E-4
3.4744188E-4
3.501952E-4
2.4628566E-4
3.5384856E-4
4.0312437E-4
2.6024098E-4
2.3050778E-4
3.2361678E-4
2.3701956E-4
2.0696865E-4
3.1540345E-4
3.3520302E-4
4.549686E-4
3.8323345E-4
3.3271182E-4
2.7768916E-4
2.7408323E-4
3.6028525E-4
3.0052636E-4
2.617827E-4
3.6346563E-4
4.8487805E-4
4.5539846E-4
4.7148686E-4
4.7922664E-4
6.636515E-4
6.016143E-4
4.2697543E-4
4.094612E-4
4.702642E-4
4.210543E-4
3.2300517E-4
4.0431114E-4
3.6474137E-4
3.847995E-4
2.7633508E-4
1.1423009E-4
2.346986E-4
3.2298794E-4
2.4229393E-4
2.213579E-4
1.3302751E-4
8.780411E-5
1.0289623E-4
1.9853183E-5
-1.4892156E-5
1.4894505E-4
4.171786E-5
-9.787356E-5
-1.3031134E-5
-1.934963E-4
-2.066738E-4
-1.5124351E-4
-2.7914078E-4
-2.486812E-4
-2.448181E-4
-4.0592207E-4
-3.6535307E-4
-5.2303955E-4
-5.0135935E-4
-3.637558E-4
-2.335137E-4
-4.775308E-4
-4.6994604E-4
-6.715338E-4
-4.5985065E-4
-4.3145166E-4
-2.9143866E-4
-4.092707E-4
-4.084394E-4
-3.9891066E-4
-4.1591594E-4
-4.0203216E-4
-3.2918158E-4
-4.232348E-4
-3.3558425E-4
-2.4299147E-4
-2.7549808E-4
-6.420008E-5
-2.6583672E-4
-2.274153E-4
-2.3619279E-4
-3.4939658E-4
-3.3764754E-4
-2.844299E-5
-2.3248646E-4
-1.4268672E-4
-1.2411081E-4
-1.5314517E-4
-7.452963E-5
-1.8623835E-4
-1.4104144E-4
-2.3759606E-4
-1.08109605E-4
-1.2143586E-4
-2.0709017E-4
-7.005738E-5
-1.2907645E-5
-1.2690504E-4
-4.231315E-5
-7.197093E-5
-2.8098155E-5
-7.4259384E-5
9.952004E-5
1.2658126E-4
5.043163E-5
-4.285099E-5
-1.1065614E-5
4.9797323E-5
1.134057E-4
-2.7249893E-5
4.415091E-5
4.040395E-5
1.955751E-5
1.2433683E-4
-2.1317806E-5
7.349427E-5
3.143864E-5
9.6355085E-5
6.063342E-6
-1.16464806E-4
-9.958223E-5
-6.911704E-5
-2.065059E-4
-7.432827E-5
-1.6203856E-4
-1.6073953E-6
-7.7091834E-5
-1.1454697E-4
-2.6565455E-4
8.600869E-5
6.52239E-5
2.7976863E-5
2.566771E-5
9.180603E-5
-1.8599038E-5
3.29139E-5
-9.0785055E-5
-1.4894507E-4
-2.899855E-6
-8.204413E-5
-6.6940505E-5
-1.5850946E-4
-4.314092E-5
-1.1208308E-4
9.1180686E-5
7.809227E-6
1.0443791E-4
-1.5690126E-5
-5.6571967E-5
-2.5668409E-5
1.2480671E-4
-8.871093E-6
4.7602483E-5
-8.679328E-5
4.265001E-6
1.0741961E-4
3.9550614E-5
-2.727342E-5
-7.762473E-5
2.3564522E-4
2.2581893E-5
9.2181745E-6
-6.7197245E-5
-8.621051E-5
-3.623105E-5
-7.883834E-5
1.2404535E-5
9.802872E-5
-1.0534295E-4
-6.7649824E-5
-6.488942E-5
-5.5538712E-5
-1.4311672E-5
-7.6791344E-5
-5.7032277E-5
-2.5298866E-4
-1.0571675E-4
-1.0586069E-4
-3.4205947E-4
-2.5151618E-4
-2.3366809E-4
-1.08196284E-4
-1.6532996E-4
-2.772926E-4
-1.4643978E-4
-1.8494073E-4
-5.1915536E-5
-2.0602676E-4
-1.8498172E-4
-2.9057276E-4
-1.4293326E-4
-1.4089637E-4
-9.5130265E-5
-1.6802913E-4
-1.3795804E-4
-7.656254E-5
3.4693006E-5
-1.2921546E-4
-1.5241877E-4
-1.1799966E-4
-6.738018E-5
1.4630314E-5
-7.247713E-6
-7.2600815E-5
-9.294912E-5
1.4165639E-5
-7.320572E-5
4.3437463E-5
3.986068E-6
5.4092423E-5
-2.2918723E-5
-8.659721E-6
1.12185706E-4
1.3273282E-4
1.05610634E-4
-2.130895E-6
1.8105135E-4
1.800222E-4
3.6099354E-5
8.330269E-5
6.058902E-5
7.4534444E-5
1.5417217E-4
1.5737908E-4
1.5279239E-4
1.1527216E-4
2.5341063E-4
1.6751912E-4
2.045926E-4
2.2024657E-4
2.6064462E-4
1.1764752E-4
1.480629E-4
1.7526359E-4
8.4387975E-5
1.3417391E-4
1.4563621E-4
1.6348608E-4
3.8930415E-5
1.2844922E-4
1.1537329E-5
9.199966E-5
-7.2081107E-6
-5.556993E-5
-1.0658333E-4
-4.7212554E-5
-1.8509793E-4
-1.3297964E-4
-1.4968135E-4
-1.2133619E-4
-2.3036604E-4
-1.0614634E-4
-3.2941866E-4
-1.7627537E-4
-2.9857294E-4
-1.6814866E-4
-3.3417676E-4
-3.6835947E-4
-4.119538E-4
-3.1873648E-4
-3.6076026E-4
-4.7254816E-4
-4.264421E-4
-3.2257827E-4
-4.1880357E-4
-3.6256036E-4
-5.0817704E-4
-3.3819018E-4
-5.142725E-4
-4.2585257E-4
-5.90423E-4
-4.5170906E-4
-5.025316E-4
-4.2111054E-4
-3.9665587E-4
-3.3199866E-4
-3.6854498E-4
-2.3485786E-4
-2.7233784E-4
-2.487249E-4
-3.2019717E-4
-2.4142269E-4
-3.006151E-4
-3.0107907E-4
-2.537797E-4
-2.2553868E-4
-2.283491E-4
-8.981079E-5
-2.3219845E-4
-3.3260934E-5
-1.8243786E-4
-1.7211717E-4
-3.1215252E-4
-7.695762E-5
-2.2594987E-4
-5.8817444E-5
-1.7187356E-4
-4.2300966E-5
-9.402702E-5
-3.1492327E-5
-6.3098946E-6
-4.511716E-5
-1.3926833E-4
-1.1794178E-4
-1.566947E-4
-1.9078757E-4
-1.2887917E-4
-5.7177724E-5
-1.0066436E-4
-2.7651797E-5
-1.0054393E-4
-6.786813E-5
-4.0584862E-5
2.5681677E-5
-3.4132445E-5
8.774263E-6
2.1617887E-5
1.8288862E-5
-4.7941907E-5
1.6272972E-4
9.266668E-5
2.0679482E-4
1.15537594E-4
3.4668093E-4
1.5607062E-4
3.0174985E-4
2.35592E-4
3.9513534E-4
2.2200901E-4
3.148124E-4
2.5049612E-4
2.9657574E-4
1.3119345E-4
2.5938405E-4
2.9359327E-4
4.725611E-4
2.2201065E-4
2.3007981E-4
3.2141228E-4
2.4159842E-4
2.6476028E-4
3.9462774E-4
4.265317E-5
3.3268618E-4
1.7740917E-4
1.8909584E-4
1.6459242E-4
2.9628616E-4
2.4132695E-4
2.5626493E-4
2.1145173E-4
1.2417462E-4
1.6281195E-4
1.8246836E-4
1.8015856E-4
2.1831419E-4
1.5438914E-4
2.6144224E-4
8.0550824E-5
1.9999206E-4
7.742335E-5
6.1761224E-5
2.6314194E-5
3.0670446E-5
-8.68289E-5
4.5415247E-5
-3.2059743E-6
1.6867307E-4
1.28290385E-5
6.179035E-5
5.032475E-6
3.758549E-5
-1.3876306E-4
5.5472643E-5
-2.0883374E-4
1.2414498E-4
-5.6575187E-5
1.5961305E-5
-6.01498E-5
6.0523667E-5
-3.429387E-5
1.8587378E-4
1.27873955E-5
1.2696453E-4
1.0226683E-4
1.6070834E-4
2.624453E-5
5.432423E-5
6.7023966E-6
3.827572E-5
-2.635442E-5
1.6757898E-4
4.5548706E-5
2.1399831E-4
1.4685425E-4
2.3625803E-4
9.3348746E-5
1.9152599E-4
2.31426E-4
2.4496953E-4
1.6991752E-4
3.2305912E-4
1.599991E-4
2.6350122E-4
1.7290957E-4
2.1649573E-4
2.0336156E-4
1.8847805E-4
1.2639414E-4
1.6455869E-4
2.5327766E-4
3.5393695E-4
1.3219527E-4
3.616844E-4
1.3674238E-4
2.3666045E-4
5.258467E-5
1.7368107E-4
1.0543843E-4
2.5531856E-4
1.16972646E-4
1.4688757E-4
7.2294875E-5
2.150315E-4
-2.9142751E-5
2.4054549E-4
-9.690699E-5
3.166131E-5
-6.199057E-5
-2.6413578E-5
-1.7707354E-5
5.1831204E-5
-3.6144826E-5
1.10980545E-4
1.4513593E-5
-2.0773577E-5
-1.3865884E-4
-6.924308E-5
-1.6683579E-4
-1.5310201E-4
-2.3115831E-4
-1.272136E-4
-1.0037114E-4
-8.430038E-5
-2.572567E-4
-1.4655312E-4
-3.879389E-4
-2.1607328E-4
-3.749395E-4
-1.2319617E-4
-3.6346918E-4
-2.483954E-4
-3.9217423E-4
-2.79625E-4
-4.384269E-4
-4.3195108E-4
-4.3834554E-4
-3.7657187E-4
-5.843341E-4
-3.176172E-4
-5.3755206E-4
-4.5909715E-4
-5.4480054E-4
-5.082496E-4
-5.7547825E-4
-4.921516E-4
-5.0450186E-4
-5.7238736E-4
-5.9339E-4
-4.8302938E-4
-6.710937E-4
-5.281663E-4
-6.1394443E-4
-5.7005585E-4
-6.4651016E-4
-5.0200924E-4
-6.151419E-4
-5.7934906E-4
-5.766003E-4
-5.87805E-4
-5.050484E-4
-6.011455E-4
-4.976196E-4
-3.9893555E-4
-4.1135898E-4
-4.535189E-4
-4.5069918E-4
-4.3963583E-4
-5.040413E-4
-3.6224214E-4
-3.5921586E-4
-3.2468463E-4
-3.2137937E-4
-2.1940483E-4
-4.03142E-4
-2.856552E-4
-3.528729E-4
-1.4109453E-4
-2.2239682E-4
-1.781992E-4
-3.1666653E-4
-2.7288517E-4
-1.7489692E-4
-5.7054713E-5
-3.0118073E-4
-1.5092756E-4
-2.0001919E-4
-6.0113438E-5
-7.954028E-5
-1.4071859E-4
-8.427741E-5
-1.5516748E-4
-1.2815182E-4
-1.3630417E-4
-1.3919498E-4
1.3186565E-5
-2.9750297E-5
-1.3708814E-6
-7.296779E-5
2.1335238E-4
-1.2764155E-5
1.6474059E-4
8.188187E-5
1.4766045E-4
1.4631978E-4
2.4114076E-4
2.2027726E-4
2.1148588E-4
2.1253382E-4
4.0038204E-4
2.69211E-4
2.1835379E-4
2.36668E-4
3.7629774E-4
2.0146523E-4
2.4938444E-4
1.0824876E-4
2.1830908E-4
9.005416E-5
3.6201123E-4
1.7202873E-4
2.3852174E-4
1.06115076E-4
1.859255E-4
1.1645918E-4
2.6229533E-4
1.3822685E-4
2.3245189E-4
7.669459E-5
2.6552158E-4
1.3643423E-4
1.7071664E-4
7.348867E-5
5.986466E-5
1.08145214E-4
1.8846629E-4
8.72563E-6
-2.2865031E-5
-6.8165435E-5
7.857093E-6
1.2615415E-4
5.867414E-5
7.570592E-5
8.383852E-5
1.7459477E-5
2.1335049E-4
8.46504E-5
1.4129926E-4
7.3540476E-5
9.656458E-5
9.811497E-6
1.8420679E-4
1.1316792E-4
2.4396578E-4
1.9482254E-4
2.5037988E-4
6.571665E-5
1.9836533E-4
1.9828648E-4
3.1569513E-4
1.2710351E-4
1.9313567E-4
6.811503E-5
3.850141E-4
2.5115715E-4
3.9803973E-4
2.2032714E-4
3.4129532E-4
2.056262E-4
4.466823E-4
3.3165325E-4
5.108986E-4
4.536741E-4
4.0920597E-4
3.367852E-4
3.9498674E-4
4.0595754E-4
4.4885493E-4
4.2906194E-4
4.4561052E-4
3.2422156E-4
3.3943335E-4
3.7677606E-4
4.6396622E-4
3.9357084E-4
4.4740693E-4
4.0966272E-4
4.4162775E-4
3.4147568E-4
3.6267846E-4
2.6575345E-4
3.8669526E-4
2.9116875E-4
4.3859656E-4
3.021579E-4
5.134067E-4
3.244477E-4
4.2528057E-4
3.2680572E-4
3.2479016E-4
2.4794196E-4
2.6284019E-4
1.2940502E-4
2.640415E-4
2.2710307E-4
3.0352775E-4
1.1406424E-4
2.5868017E-4
1.5764135E-4
1.434734E-4
9.855242E-5
1.5613285E-4
7.2006E-5
1.815627E-4
-6.64187E-5
5.6849032E-5
-1.0827992E-5
-8.016072E-5
-3.7745114E-5
-3.889872E-5
-1.9081128E-4
-8.941629E-5
-1.9182882E-4
-2.2169012E-4
-2.550635E-4
-1.4466562E-4
-2.4157668E-4
-2.7468574E-4
-4.2554492E-4
-2.852123E-4
-3.9985054E-4
-2.7751637E-4
-3.2672097E-4
-3.7738518E-4
-3.5443608E-4
-2.419721E-4
-2.8819172E-4
-1.0754509E-4
-3.9301525E-4
-2.7814615E-4
-4.6931463E-4
-3.4449316E-4
-4.685031E-4
-3.0588452E-4
-4.3206813E-4
-4.1942592E-4
-3.4772776E-4
-1.8517442E-4
-3.3654095E-4
-2.9628535E-4
-3.9421974E-4
-2.1939851E-4
-3.827062E-4
-2.661223E-4
-3.1281667E-4
-2.2700106E-4
-4.3724608E-4
-2.2622965E-4
-4.3238097E-4
-3.1325343E-4
-3.6866864E-4
-2.4725028E-4
-3.6341307E-4
-3.4940065E-4
-3.3992724E-4
-2.67801E-4
-3.025574E-4
-3.2767726E-4
-4.1821765E-4
-3.8036122E-4
-4.5828326E-4
-1.867709E-4
-2.7516775E-4
-2.4430032E-4
-4.1099102E-4
-3.5196953E-4
-4.646197E-4
-2.1277893E-4
-2.9307723E-4
-1.866525E-4
-3.2575664E-4
-2.777535E-4
-3.5894263E-4
-1.1015402E-4
-2.9095312E-4
-1.645247E-4
-2.1982424E-4
-1.1106414E-4
-2.015743E-4
-1.4152698E-4
-2.3590712E-4
-1.323511E-4
-3.5223094E-4
-1.7113849E-5
-1.4471378E-4
-3.4514465E-5
-3.5527497E-5
-1.4398529E-5
-1.4962612E-4
-1.387723E-5
1.4088713E-5
-6.4713466E-5
-9.965494E-5
-3.3027165E-5
-1.9257184E-5
1.8522983E-4
3.5428275E-5
1.9095142E-4
-7.1157756E-6
1.2920608E-4
1.6879715E-4
1.7332054E-4
6.18881E-5
2.0243884E-4
1.6305513E-4
1.6988852E-4
3.1891002E-4
2.1140465E-4
1.6032139E-4
3.7812412E-4
1.1825707E-4
2.471952E-4
7.0872265E-5
1.6852838E-4
6.385538E-5
2.0558487E-4
1.8248672E-4
3.372991E-4
2.0134913E-4
3.6149487E-4
2.104006E-4
2.73511E-4
1.756918E-4
2.3601051E-4
2.1335602E-4
2.8736505E-4
2.6176783E-4
3.419685E-4
2.3368768E-4
2.5099437E-4
2.494432E-4
2.456387E-4
2.5179083E-4
3.0614858E-4
3.2870792E-4
4.43011E-4
3.5512637E-4
3.951676E-4
4.5734536E-4
4.2902326E-4
2.854204E-4
4.83698E-4
4.08114E-4
4.0189954E-4
3.6846832E-4
3.295175E-4
3.5254742E-4
4.5469927E-4
2.6499966E-4
3.2757467E-4
2.8476494E-4
4.3206505E-4
3.3081693E-4
3.5846772E-4
2.0331384E-4
2.9069436E-4
2.3409429E-4
3.6305617E-4
3.109825E-4
3.2402863E-4
1.612682E-4
1.8047554E-4
3.037848E-4
3.1258728E-4
3.1656885E-4
2.588877E-4
2.570406E-4
2.3972317E-4
3.0570925E-4
2.4288603E-4
1.6161049E-4
2.5601315E-4
9.0850706E-5
1.9077561E-4
4.6014375E-5
2.2620008E-4
2.0800857E-4
2.1918537E-4
1.5197822E-4
1.9880414E-5
4.0931423E-5
1.5952482E-4
1.253298E-4
1.7116513E-4
1.62582E-4
6.555663E-5
3.0122612E-5
8.428796E-5
4.6496407E-5
-8.6951644E-5
5.5763365E-5
-7.870075E-5
-1.2720693E-4
6.417905E-5
-1.0402361E-4
-9.787222E-5
-1.372839E-4
-9.910707E-5
-2.1307767E-4
-1.0060643E-4
-2.5284485E-4
3.8502753E-6
-2.0664364E-4
-1.5881089E-4
-2.7995012E-4
-3.1943538E-4
-1.45978E-4
-2.0138582E-4
-2.2101196E-4
-2.7126822E-4
-4.195966E-4
-4.1912167E-4
-3.6891582E-4
-3.101257E-4
-3.7498047E-4
-4.213363E-4
-4.6743298E-4
-4.0398046E-4
-4.8186723E-4
-4.930159E-4
-3.88277E-4
-4.2366164E-4
-3.807505E-4
-5.6640076E-4
-6.240026E-4
-4.533385E-4
-4.9866777E-4
-5.6981435E-4
-6.9418945E-4
-4.976179E-4
-6.374105E-4
-6.2133407E-4
-6.425861E-4
-6.460754E-4
-7.1363663E-4
-6.481504E-4
-7.481801E-4
-6.610091E-4
-7.74618E-4
-5.2724354E-4
-6.6088774E-4
-6.812804E-4
-6.2160485E-4
-5.910352E-4
-7.4472645E-4
-5.83054E-4
-5.9702806E-4
-6.08461E-4
-6.04299E-4
-5.20071E-4
-4.896658E-4
-3.6547458E-4
-4.6060022E-4
-3.2472552E-4
-3.6330667E-4
-3.365836E-4
-2.704546E-4
-2.0104666E-4
-2.7275385E-4
-2.6975578E-4
-9.220306E-5
-1.1320411E-4
-1.8711755E-4
-1.5436845E-4
-1.8646542E-4
-2.6102221E-5
-1.0857845E-4
8.943996E-6
-8.427931E-5
-5.6027755E-5
-1.7981105E-4
-1.0091864E-5
-1.6519422E-6
-9.074267E-5
-6.8069116E-5
1.0198055E-5
-1.2209648E-4
-1.4794493E-5
-5.8748806E-6
7.222622E-5
-4.7563946E-5
1.3298388E-5
-7.5587566E-5
-2.430825E-5
-2.2363328E-4
-9.238079E-5
-1.399343E-4
-6.293865E-5
-6.482673E-5
-9.258571E-6
-1.4254115E-4
-1.48107465E-5
-5.9299833E-5
1.3407443E-5
-6.0375805E-5
6.3094965E-5
-1.5278278E-5
2.4287541E-5
-7.022801E-5
-7.498358E-5
1.0817629E-5
1.1128231E-4
1.3134776E-4
4.480988E-5
-6.808404E-5
1.7265345E-5
-1.2263376E-4
-4.2282685E-5
-2.3870385E-5
8.102231E-5
-4.766903E-5
5.6172757E-5
6.679106E-5
1.4394897E-5
-2.5156871E-6
3.5468016E-5
-3.8771574E-5
2.0423598E-4
1.5504663E-4
1.420394E-4
-1.1747611E-5
1.0621337E-4
-8.3103136E-5
5.199947E-5
-7.258243E-5
5.277914E-5
7.465394E-5
2.115536E-4
4.2048512E-5
7.647004E-5
2.179274E-6
2.0807484E-4
1.20111414E-4
2.208753E-4
1.8858505E-4
2.9917888E-4
2.3284167E-4
2.2560413E-4
1.993506E-4
2.4020759E-4
2.369773E-4
3.4340762E-4
2.6755218E-4
3.0182194E-4
2.891643E-4
2.6868816E-4
3.6966195E-4
4.0538766E-4
3.614948E-4
3.8837394E-4
4.1163102E-4
4.1990817E-4
2.8601807E-4
2.2964097E-4
3.4704947E-4
4.1734197E-4
3.5554802E-4
3.2463245E-4
2.1878842E-4
3.508593E-4
2.7953403E-4
2.7035965E-4
1.7850593E-4
2.8522234E-4
2.0055503E-4
1.9214537E-4
1.542955E-4
1.5388461E-4
7.023709E-5
1.9743429E-4
1.2432465E-4
1.9351377E-4
4.9064267E-5
2.2179926E-4
1.3254461E-5
1.4126641E-4
1.4612438E-4
1.1884646E-4
1.7501485E-4
2.514674E-4
1.2517518E-4
9.436935E-5
2.353466E-4
1.4841142E-4
1.8788195E-4
5.473128E-5
8.326199E-5
1.0534313E-4
1.5256488E-4
1.5961252E-4
1.713565E-4
1.5915086E-4
6.746196E-5
9.045742E-5
-3.0883228E-5
-3.1408388E-5
-3.523493E-5
1.5249129E-5
-1.9748162E-5
-9.931545E-5
-1.4616069E-4
-1.0513859E-4
-9.8588534E-5
-1.248384E-4
-2.1667803E-4
-3.487267E-4
-2.8672503E-4
-2.4674696E-4
-2.6932432E-4
-3.4326015E-4
-4.2622213E-4
-3.8736436E-4
-3.969659E-4
-1.7416563E-4
-2.4517067E-4
-3.6716805E-4
-5.2519416E-4
-3.8661854E-4
-4.4206626E-4
-3.7654958E-4
-3.266769E-4
-4.1819672E-4
-3.0880477E-4
-3.7098126E-4
-2.991837E-4
-3.0891405E-4
-3.5281497E-4
-3.6823872E-4
-4.2962917E-4
-3.4936855E-4
-4.522405E-4
-2.521128E-4
-3.3847475E-4
-4.2231957E-4
-4.2953028E-4
-3.1225572E-4
-2.799084E-4
-3.767109E-4
-3.594796E-4
-1.755762E-4
-3.519029E-4
-3.523977E-4
-3.521913E-4
-2.9730078E-4
-3.2419155E-4
-3.4815876E-4
-3.445732E-4
-3.2083553E-4
-3.189292E-4
-2.8545153E-4
-4.0474895E-4
-4.3963708E-4
-4.2244064E-4
-2.5176903E-4
-3.1798167E-4
-3.165308E-4
-3.245863E-4
-2.2988874E-4
-3.4991238E-4
-2.3402122E-4
-2.5780784E-4
-2.1239031E-4
-2.9942472E-4
-8.703631E-5
-2.3141465E-4
-1.6596295E-4
-2.21831E-4
-7.2599636E-5
-3.3388264E-5
-8.7143846E-5
-2.9270821E-5
-1.3326189E-5
-3.1376028E-6
-1.903079E-5
-2.3660017E-5
5.606141E-5
-5.689456E-5
1.6082259E-4
7.800152E-5
1.2637336E-4
1.0208287E-4
1.309326E-4
1.2664456E-4
3.7827285E-4
1.8373267E-4
2.2544718E-4
1.4004174E-4
3.0102392E-4
2.2062725E-4
3.4430303E-4
1.910697E-4
2.744801E-4
1.7748534E-4
3.6963407E-4
2.7166167E-4
4.1401517E-4
3.1043327E-4
3.4509524E-4
3.3266962E-4
3.2484153E-4
2.930884E-4
3.6014462E-4
1.7552303E-4
3.9069503E-4
2.454479E-4
3.920602E-4
3.0797624E-4
3.3945031E-4
1.6711926E-4
3.379313E-4
2.0111616E-4
2.402358E-4
2.7882474E-4
4.238815E-4
1.7031567E-4
3.5451516E-4
1.5514744E-4
2.7475064E-4
1.314417E-4
2.6619874E-4
2.8254767E-4
3.6867062E-4
1.2396359E-4
3.3894647E-4
1.4229563E-4
2.6951198E-4
1.689666E-4
3.9396295E-4
1.7521891E-4
2.6070574E-4
2.2905627E-4
2.6867364E-4
1.5070864E-4
2.787438E-4
1.8722146E-4
2.5626167E-4
1.8723289E-5
2.3302136E-4
8.510608E-5
1.3654416E-4
5.5592805E-5
1.3842034E-4
1.2692573E-4
1.8497315E-4
2.8161403E-5
1.9550581E-4
7.629589E-7
-1.4328948E-4
-1.20797835E-4
2.061459E-5
-9.047354E-5
-1.3957632E-4
-1.9485169E-4
1.320362E-5
-1.779076E-4
-1.587E-4
-2.0028072E-4
-1.1461511E-4
-2.254753E-4
-1.3778929E-4
-1.7763683E-4
-2.2759997E-4
-2.5240713E-4
-2.0526539E-4
-2.1227307E-4
-8.869694E-5
-2.0652659E-4
-1.4540265E-4
-1.8418203E-4
-1.3632816E-4
-2.8554467E-4
-4.1809824E-5
-1.6290184E-4
-6.4080086E-5
-2.5308627E-4
-6.0582523E-5
-3.1444398E-4
-3.2912492E-5
-2.4839357E-4
-1.0915435E-4
-2.636175E-4
2.6020369E-5
-1.2173943E-4
1.2440063E-5
-1.3884439E-4
-4.024625E-5
-1.5224544E-4
-1.8681665E-5
-1.0826502E-4
-4.6213878E-5
-1.8405417E-4
-1.1902086E-5
-4.7933354E-5
-7.850059E-7
-2.1090041E-4
3.4496883E-5
-2.760711E-4
-7.983179E-5
-2.7561793E-4
-8.083953E-5
-2.1870671E-4
-1.0994355E-4
-2.9179725E-4
-1.2082613E-4
-1.6091E-4
-1.912807E-4
-3.3383406E-4
-1.5567572E-4
-3.390373E-4
-9.897638E-5
-2.4766094E-4
-2.2658127E-4
-2.3521105E-4
-1.8506452E-4
-1.5833625E-4
-2.0995927E-4
-2.89441E-4
-1.3083091E-4
-2.0888305E-4
-1.2790726E-4
-1.3899154E-4
-1.4103668E-4
-3.3304084E-4
-4.628626E-5
-1.551826E-4
-6.0025493E-5
-1.9386759E-4
1.9854793E-5
-2.0614195E-4
-3.5033343E-5
-2.1733656E-5
-5.1427858E-5
9.925958E-6
3.0498828E-5
-1.7548875E-4
9.6196716E-5
-5.3083422E-5
8.4707775E-5
1.21463774E-4
1.1185825E-4
4.306385E-5
2.2573107E-4
6.528404E-5
1.6704353E-4
9.524289E-6
1.07697706E-4
1.7019834E-4
2.876973E-4
6.624344E-5
2.1742746E-4
7.938188E-5
2.2344298E-4
6.0378217E-5
2.207993E-4
7.448675E-5
2.7749015E-4
4.45303E-5
1.8529972E-4
2.919299E-5
2.1167855E-4
4.3566466E-5
1.7006304E-4
6.7626075E-5
1.9672104E-4
8.793079E-5
2.2703118E-4
5.2397638E-5
2.1060955E-4
1.4028695E-4
2.1165345E-4
5.963739E-5
1.4157016E-4
-3.9530834E-5
1.7795552E-4
5.492804E-5
1.5362169E-4
1.7413227E-5
3.0239808E-5
3.1731484E-5
1.5078309E-4
6.5606284E-5
1.722663E-4
1.2844012E-4
1.3591576E-4
1.8077986E-5
1.06604704E-4
6.626345E-5
2.6425222E-4
-3.9464485E-6
2.6373487E-4
7.414897E-5
4.0167803E-4
2.6895586E-4
3.327297E-4
1.093001E-6
2.0966222E-4
4.6799836E-5
2.124921E-4
1.21985095E-5
2.3105455E-4
7.909127E-5
2.88606E-4
-1.7931732E-5
5.7318382E-5
-7.5598855E-6
1.5341112E-4
4.1793196E-9
1.3653914E-4
1.0298078E-4
1.8594542E-4
3.7459184E-5
1.0172898E-4
6.7900095E-5
1.3479196E-4
8.520649E-5
6.2931635E-5
5.8186037E-5
1.107151E-4
9.579462E-5
2.6285325E-4
8.191688E-5
3.2451094E-4
1.4521966E-4
2.1229323E-4
8.688905E-6
1.744228E-4
1.06568485E-4
2.3197623E-4
1.699462E-4
3.1904233E-4
1.8294391E-4
3.462215E-4
1.6631003E-4
3.087977E-4
5.4850927E-5
2.67458E-4
9.5386895E-5
2.851777E-4
5.2022475E-5
2.1397718E-4
6.517994E-5
2.3957585E-4
1.1583435E-4
2.601725E-4
1.9224781E-4
2.1194035E-4
1.0138741E-4
1.8769367E-4
9.5553034E-5
5.9986043E-5
-6.270125E-5
8.9109744E-5
8.189115E-5
1.6032011E-4
-7.6792945E-5
1.2519427E-4
-1.308358E-4
3.2414406E-5
-1.3672661E-4
6.378933E-5
-4.6891317E-5
4.043729E-5
-1.7829693E-4
-2.1229756E-5
-3.366946E-5
4.6485973E-5
-1.5932797E-4
1.3727916E-4
-1.2595294E-4
1.9264688E-5
-2.0672358E-4
-1.1240229E-4
-2.022309E-4
5.0419083E-5
3.5424317E-5
-1.0801737E-5
-1.0740769E-4
6.304246E-5
-1.7337251E-4
-1.590743E-4
-2.5167537E-4
2.2181628E-5
-9.0870206E-5
5.7556124E-5
-1.5634389E-4
1.6231466E-5
-1.6619878E-4
-4.6864084E-6
-2.2649417E-4
6.9004936E-6
-6.80352E-5
1.960882E-5
-1.5962413E-4
-6.369435E-5
-6.937586E-5
1.0520007E-5
-8.220411E-6
5.7027926E-5
-1.5982184E-4
2.9089486E-5
-2.2240086E-4
-6.29509E-5
-1.11931055E-4
-1.9400605E-4
-1.6922086E-4
1.2639466E-4
-1.1493641E-4
3.73711E-5
-1.578553E-4
2.4960345E-5
-1.8426692E-4
8.9656925E-5
-1.6049396E-4
1.5217494E-5
-1.4591015E-4
-3.3264227E-5
-1.1704409E-4
4.7201058E-5
-1.5651938E-4
2.1872385E-5
-1.7935454E-5
-9.876021E-6
-2.5535465E-4
-7.615479E-5
-1.3924719E-4
3.7582475E-5
-2.7144238E-4
-1.05463514E-4
-1.3022833E-4
-3.905239E-5
-1.3556125E-4
-1.0840101E-4
-9.788283E-5
6.433701E-5
-5.824593E-5
4.1528307E-5
-1.3000304E-4
4.2443153E-5
-4.6556288E-5
-9.194617E-6
-2.2525368E-5
4.7334994E-5
-6.027734E-5
-2.2919954E-5
-3.5612436E-5
4.181143E-5
6.8304646E-5
-2.057156E-5
-6.3375286E-5
5.864595E-5
6.0025468E-5
1.374727E-4
6.3982974E-5
2.049302E-4
7.1442715E-5
1.5296716E-4
6.5593245E-5
1.15741386E-4
1.2753831E-4
4.065895E-5
1.3228923E-4
1.8389156E-4
-4.9586606E-6
1.5134057E-4
4.636634E-5
2.3318014E-4
4.999774E-5
1.18887714E-4
1.4204833E-4
2.4169665E-4
7.98953E-5
1.6453394E-4
8.24939E-5
2.5262192E-4
8.9845766E-5
2.0657858E-4
1.3059605E-4
1.6047392E-4
7.807706E-5
1.3357814E-4
1.8530336E-4
3.0676505E-4
3.695876E-5
1.8037201E-4
1.1607285E-4
2.3989294E-4
9.267152E-5
2.0326288E-4
1.7005201E-4
2.500189E-4
3.7398448E-5
1.7653282E-4
1.2669146E-4
1.9982697E-4
1.643697E-4
1.9673022E-4
6.0927447E-5
2.8474745E-4
2.3044094E-4
2.9111153E-4
1.8950268E-4
3.8494365E-4
5.837499E-5
2.5830028E-4
1.2908407E-4
2.8208076E-4
1.5912553E-4
3.4088406E-4
1.942957E-4
3.5205955E-4
1.1843047E-4
2.427789E-4
8.664684E-5
3.4189166E-4
1.6935253E-4
2.0365267E-4
1.8495497E-4
3.4976972E-4
2.1444474E-4
1.7955877E-4
1.8137351E-4
3.3305783E-4
2.945379E-4
2.14435E-4
1.7859398E-4
1.853578E-4
1.594262E-4
2.2889361E-4
9.974665E-5
2.2525732E-4
7.816028E-5
2.089216E-4
1.1931062E-4
1.8428039E-4
3.872191E-5
2.6720815E-4
5.8328314E-5
2.4191878E-4
1.5095709E-4
2.0431007E-4
-7.687664E-6
1.301006E-4
-2.434363E-5
1.1288573E-4
1.8201408E-5
-3.994023E-5
-1.21023164E-4
2.2647959E-5
-1.7113585E-4
-1.2990329E-4
-3.338223E-5
-6.258504E-5
-1.6349887E-4
-4.3165426E-5
-2.6923948E-4
-3.8490412E-5
-1.15465424E-4
-5.3003954E-5
-2.2951025E-4
-1.8893562E-4
-2.0305377E-4
-1.674483E-4
-2.5836047E-4
-2.4849776E-4
-1.9641093E-4
-2.2748539E-4
-2.0027513E-4
-2.448357E-4
-2.944095E-4
-1.0759245E-4
-2.6725547E-4
-2.5760676E-4
-3.0712297E-4
-1.6439098E-4
-2.0198451E-4
-2.0799474E-4
-3.0934674E-4
5.0081017E-6
-8.62575E-5
-9.498797E-5
-1.989934E-4
-9.085324E-5
2.6779028E-7
-7.649423E-5
-9.690465E-5
-7.997921E-5
1.4760966E-5
9.032447E-5
-3.490363E-5
-7.440184E-5
1.34677975E-5
9.618691E-5
-1.080228E-4
-4.1665135E-5
1.7487882E-5
-1.0836088E-5
-2.4396404E-5
-3.648904E-5
-6.0966263E-6
-9.1655296E-5
2.7283859E-5
4.3122956E-5
-2.1143343E-5
1.346468E-4
2.6398215E-5
2.2358507E-5
-7.6621955E-6
2.2289561E-5
4.364521E-6
6.9562106E-5
-4.0408762E-5
2.1509734E-6
-1.0524537E-4
-4.3649125E-5
-2.7215225E-5
6.880242E-5
-4.4840195E-5
-3.4590867E-5
-1.3024305E-4
-9.840455E-6
-1.4726352E-4
6.0749608E-5
-2.3825278E-5
2.7442029E-5
-1.240374E-4
-6.0624632E-5
-7.507053E-5
2.5699846E-5
-2.2955422E-4
-6.127225E-5
-1.1565313E-4
4.614177E-5
-5.1040835E-5
-8.710531E-5
-1.5691348E-4
-1.3301981E-4
-6.566308E-5
6.491321E-5
2.5115363E-5
9.9432174E-5
-8.265793E-6
1.3347271E-4
-5.179399E-5
7.467997E-5
-4.0349987E-5
1.3173383E-4
-5.3247522E-6
-6.0736624E-5
-2.4854446E-5
5.15193E-5
-7.281506E-5
1.5313135E-5
1.578356E-5
1.5004411E-4
-1.9812853E-5
3.321148E-5
1.31373035E-5
2.1341562E-4
4.6443543E-5
2.0857845E-4
9.710654E-5
1.6047274E-4
1.0901743E-4
2.2587743E-4
5.0005416E-5
2.0515829E-4
6.213257E-5
7.535424E-5
1.0844609E-4
1.5966395E-4
1.4436113E-4
1.8202698E-4
7.148445E-5
1.8867751E-4
1.16195166E-4
2.3364605E-4
4.7254E-5
6.053713E-5
8.439898E-5
1.7640585E-4
-5.035975E-5
2.0628026E-5
-4.8681297E-5
2.4055182E-5
1.1595819E-5
8.168373E-5
6.44864E-5
6.400462E-5
-1.0059425E-4
9.5727766E-5
-8.84632E-5
3.541336E-5
7.316338E-5
9.989976E-6
-3.671076E-5
1.2298401E-4
-4.35991E-5
-2.6339996E-5
-1.4503441E-4
2.8955343E-5
-6.6458975E-5
-1.1991422E-5
-7.0942566E-5
-9.21476E-6
-1.7244271E-4
-4.1465995E-5
-1.2528889E-4
-6.3978E-5
-1.2743137E-4
6.849905E-5
-9.66523E-5
6.9280795E-5
-5.9182996E-5
-1.8939278E-5
-1.6472517E-5
1.400818E-4
-1.7914169E-4
2.7077301E-6
-2.0226707E-5
1.4178765E-4
-4.998246E-5
8.317104E-5
-1.0384952E-5
9.109046E-5
3.0014455E-5
7.464262E-5
-3.391688E-5
7.1683085E-6
1.1995726E-5
8.555471E-5
1.13846996E-4
1.5118376E-4
1.27452E-4
1.0588279E-4
1.42994E-4
8.0478705E-5
6.681424E-5
7.927668E-5
1.0975008E-4
1.3628218E-4
8.812245E-5
2.2819045E-4
1.310662E-4
1.10577224E-4
4.2517997E-5
1.8288079E-4
1.52508865E-5
1.282832E-4
3.7323436E-5
1.9655378E-4
4.92968E-5
1.8857271E-4
3.8813556E-5
1.1986585E-4
9.925667E-5
1.071632E-4
1.4067476E-4
1.256862E-4
1.0302306E-4
1.942113E-4
-3.3782057E-5
4.9298178E-5
1.0383479E-4
7.812963E-5
-2.8895413E-6
1.7598872E-4
-2.4251389E-5
5.4722404E-5
-1.3519039E-5
-2.3109711E-5
-4.7850917E-5
-3.2265115E-7
-1.0200655E-4
-4.304573E-5
-9.581367E-5
2.6731492E-5
-6.4343362E-6
-6.948716E-7
-1.0593246E-4
4.2877386E-6
-9.2671304E-5
-1.3948965E-4
-6.92939E-5
4.4003275E-5
-1.1774005E-4
7.820927E-5
-2.1875411E-4
-4.8192236E-5
-2.3378311E-4
-1.382694E-4
-1.5913715E-4
1.2730375E-6
-1.8647058E-4
2.1429201E-5
-2.008617E-4
-1.1887464E-4
-1.5874548E-4
-9.315378E-5
-2.3560187E-4
-1.02669495E-4
-1.7414358E-4
-5.820168E-5
-2.5015272E-4
-1.7821573E-4
-1.7145509E-4
-6.3716005E-5
-1.9899535E-4
-1.0649663E-4
-2.0789685E-4
-6.945497E-5
-1.9464789E-4
1.4357501E-5
-1.2218368E-5
5.598482E-5
-1.4851717E-4
-1.607706E-5
-1.4592223E-4
-3.1547494E-5
-8.920696E-5
9.688624E-5
6.110937E-6
7.065122E-5
-1.1804336E-4
1.0629628E-4
-5.4580945E-5
8.648804E-5
1.3788846E-4
8.8441906E-5
-9.940463E-5
7.825443E-5
7.4023184E-5
2.3690618E-4
7.2824085E-5
1.6138816E-4
4.303621E-5
1.16922994E-4
1.08998465E-5
2.2699137E-4
-5.3216292E-5
2.9976264E-4
7.314725E-5
2.4172654E-4
8.303746E-5
1.8475592E-4
8.419402E-5
3.3327803E-4
5.3841024E-5
2.1237409E-4
1.1660731E-4
2.1572881E-4
1.5111628E-4
2.3241194E-4
1.5457443E-5
2.4307596E-4
1.6556939E-4
3.5635362E-4
2.1680299E-4
3.7898892E-4
1.4619027E-4
4.1436785E-4
1.9467348E-4
4.289078E-4
1.8752707E-4
3.2959046E-4
1.890535E-4
4.7963244E-4
2.8091806E-4
4.8185408E-4
2.1862201E-4
4.1204834E-4
2.1968214E-4
2.9170315E-4
2.3509184E-4
5.1962567E-4
2.2045232E-4
3.0708103E-4
1.06923406E-4
3.0955035E-4
2.5349134E-5
2.9505097E-4
1.6983175E-4
3.1938558E-4
1.1406218E-4
1.5764826E-4
1.3338948E-4
1.2329944E-4
1.5921558E-5
3.209118E-4
1.1922403E-4
2.2357494E-4
-4.6618236E-5
1.4773024E-4
-8.85835E-5
1.02304504E-4
-6.837303E-5
1.6417241E-4
-2.4974137E-4
7.86897E-5
-1.2059066E-4
-1.6554004E-5
-2.890619E-4
-8.4796615E-5
-2.3579468E-4
-9.9697345E-6
-3.8513742E-4
-9.802758E-5
-3.2259114E-4
4.1043917E-5
-3.6277628E-4
-1.3273216E-5
-3.0369032E-4
-2.0439657E-4
-3.338161E-4
-1.3763011E-4
-3.9255316E-4
-1.0370887E-4
-3.7939198E-4
-1.8656196E-4
-3.593403E-4
-9.164551E-5
-2.7964622E-4
-1.6411756E-4
-2.829203E-4
-1.9261532E-4
-4.3848564E-4
-1.1172119E-4
-1.8248067E-4
-8.437431E-5
-2.3068051E-4
-4.1896204E-5
-2.739962E-4
-1.2991914E-4
-4.0166153E-4
-5.449399E-5
-1.5138455E-4
7.35705E-5
-3.0243388E-4
1.4749246E-5
-1.7660134E-4
1.23032505E-5
-2.2173149E-4
5.1166535E-5
-1.4286766E-4
-3.35758E-5
-2.0267208E-4
3.5519108E-5
-5.0323135E-5
1.1367589E-4
-7.771153E-6
2.2692716E-4
-6.616711E-5
2.3676924E-4
-8.898696E-5
1.6122812E-4
2.1836144E-5
8.805448E-5
-1.337449E-4
1.3592289E-4
-1.5897458E-5
2.3715432E-4
-4.413994E-6
2.4915658E-4
4.1969703E-5
2.6499873E-4
-1.5544969E-5
2.209984E-4
-1.7802822E-5
2.3485335E-4
7.282267E-5
2.2270455E-4
1.2944758E-4
3.525369E-4
6.566881E-5
3.8041396E-4
1.6133107E-4
3.3341226E-4
9.541166E-5
2.7930492E-4
2.5847164E-4
3.5841973E-4
1.5310297E-4
2.9443318E-4
1.3823422E-4
2.3973892E-4
8.596926E-5
2.2537551E-4
-2.6093869E-5
2.9982722E-4
2.2528335E-5
1.801928E-4
2.7278746E-5
2.3402387E-4
-3.2538275E-5
2.2876356E-4
2.3704677E-6
7.0513095E-5
-1.050601E-4
3.3474917E-4
1.0306095E-4
7.600963E-5
-1.189465E-4
1.7305928E-4
-8.982239E-5
1.814001E-4
-1.4517026E-4
1.3183373E-4
-9.958549E-5
1.7169479E-4
-2.7026673E-4
-1.8870911E-5
-1.1213031E-4
-2.2061004E-6
-1.9013579E-4
9.851136E-5
-1.2702715E-4
1.2024851E-4
-2.0630744E-4
1.5136054E-4
-1.602337E-4
1.9210518E-6
-8.751989E-5
1.5561841E-4
-9.4797586E-5
-2.7860147E-5
-2.6154364E-4
1.0249184E-4
-1.0402189E-4
7.092655E-5
-1.7713121E-4
2.255984E-5
-7.680479E-5
1.3483728E-4
-9.5766336E-5
1.6288737E-4
1.7141238E-5
2.3940326E-4
-1.4913423E-4
1.8970823E-4
-1.0851301E-4
2.3175646E-4
-4.8399215E-5
2.6381176E-4
5.64778E-5
2.1581198E-4
1.5083885E-4
3.7655793E-4
8.1031256E-5
4.1890843E-4
1.9120821E-4
4.1169647E-4
1.2893752E-4
3.6423598E-4
1.9927447E-4
4.829125E-4
2.2480228E-4
4.4252328E-4
2.176207E-4
4.6304957E-4
2.6266588E-4
5.1736063E-4
3.8171286E-4
5.4509053E-4
2.1784786E-4
4.1581132E-4
2.2934376E-4
4.4125307E-4
1.401286E-4
4.5395206E-4
1.6978715E-4
4.334709E-4
3.1964688E-4
3.750332E-4
1.8547024E-4
4.326954E-4
1.6987076E-4
5.269758E-4
1.5308081E-4
3.026326E-4
1.3877449E-4
4.2274714E-4
5.1820476E-5
3.1036595E-4
-5.2570875E-5
2.3918343E-4
4.8048692E-5
2.373874E-4
-5.7549005E-5
2.1148604E-4
-6.0452607E-5
2.294989E-4
-9.5113566E-5
1.1449752E-4
-1.5586756E-4
1.2152499E-4
-2.4200272E-4
-3.0200117E-6
-1.572205E-4
6.622088E-5
-1.8525773E-4
-2.9337923E-5
-2.8150948E-4
-1.0894398E-4
-4.52103E-4
-6.296698E-5
-2.0302058E-4
-1.5823176E-4
-3.9220543E-4
-1.8783822E-4
-2.1511964E-4
-1.5707278E-4
-5.119326E-4
-7.2055395E-6
-2.9978697E-4
-1.6027759E-4
-2.6681973E-4
-1.9244665E-4
-4.2401996E-4
3.2746528E-5
-2.7558333E-4
-1.5587937E-4
-3.0968804E-4
-4.2385636E-5
-2.9294228E-4
2.8338654E-6
-4.3360877E-4
5.8956197E-5
-2.5861576E-4
-7.096755E-5
-2.8519364E-4
1.17407966E-4
-2.1311895E-4
-1.05495725E-4
-2.6946637E-4
9.8636876E-5
-1.7489535E-4
4.986573E-5
-1.5097971E-4
1.3750754E-4
-2.0129394E-4
-3.048239E-5
-2.2844166E-4
8.894769E-5
-1.5088612E-4
2.0005573E-4
-1.8299081E-4
9.477685E-5
-1.6072678E-4
1.304775E-4
-1.7181439E-4
1.0110673E-4
1.5810358E-5
1.1407622E-4
-8.3550585E-5
1.3438262E-4
-4.812908E-5
2.9468475E-4
-8.752067E-5
1.6901192E-4
-7.9210346E-5
2.1500784E-4
-7.039321E-5
2.0582347E-4
-9.2401344E-5
1.733114E-4
-1.8870836E-4
2.666111E-4
-9.105382E-5
1.2588581E-4
-4.7313737E-5
2.8028517E-4
-9.9467776E-5
2.0763167E-4
-2.0655896E-5
1.3496629E-4
-2.6379668E-4
1.2381759E-4
-1.5786673E-4
1.8912563E-4
-7.9885715E-5
1.4475659E-4
-2.4213352E-4
1.8225209E-4
-2.5394035E-4
-7.4894315E-6
-2.1911171E-4
5.0665145E-5
-3.5738855E-4
-2.0349846E-5
-2.576903E-4
7.849865E-5
-2.950292E-4
3.3951546E-5
-3.3902147E-4
-6.609986E-5
-3.1928378E-4
-1.9079746E-6
-2.3200197E-4
1.0815447E-5
-3.6158846E-4
1.1402011E-5
-2.1327344E-4
3.1467607E-5
-4.499765E-4
-1.5600548E-4
-4.3349434E-4
5.083904E-5
-3.6470694E-4
-2.5397469E-5
-3.783399E-4
6.027019E-6
-3.445191E-4
5.4778393E-5
-2.9247563E-4
5.6702367E-5
-3.4531867E-4
-5.924977E-7
-2.7234553E-4
1.4357598E-5
-4.6809058E-4
7.565655E-6
-2.4168713E-4
5.6440633E-5
-2.2920844E-4
2.0759532E-4
-1.4284352E-4
1.6917459E-4
-2.1062516E-4
3.2160475E-4
-1.14102295E-4
2.987903E-4
-5.3605895E-6
4.1735184E-4
-9.146074E-5
3.7548042E-4
3.9324175E-5
4.3039792E-4
4.5246372E-5
4.316991E-4
1.1748158E-4
5.1754876E-4
1.5402773E-4
5.4676976E-4
1.5777478E-4
5.3025666E-4
3.7258513E-5
6.544397E-4
2.166167E-4
6.785979E-4
1.8506972E-4
6.497964E-4
1.17307936E-4
5.35168E-4
3.5270158E-4
6.5475213E-4
2.1290495E-4
8.052596E-4
2.3616548E-4
6.3546706E-4
2.4968205E-4
6.986582E-4
2.3166933E-4
6.622235E-4
1.8272873E-4
6.0959253E-4
1.388084E-4
5.4863223E-4
-9.920331E-5
4.2487108E-4
2.0785606E-5
4.185657E-4
-5.5831377E-5
3.997809E-4
-1.04027094E-4
3.6054023E-4
-8.515822E-5
3.5332586E-4
-1.3162082E-4
3.4689196E-4
-2.2176625E-4
3.0819525E-4
-2.479901E-4
3.6013342E-4
-1.6444053E-4
2.8666557E-4
-2.7035733E-4
2.470172E-4
-2.807978E-4
2.5818977E-4
-2.8646263E-4
2.0006177E-4
-2.9381417E-4
1.11263056E-4
-3.6204632E-4
1.3563162E-4
-4.4627933E-4
9.303283E-5
-4.1990975E-4
1.0709701E-4
-4.5501566E-4
1.8175635E-4
-3.3563667E-4
2.3892905E-4
-4.382538E-4
1.4285118E-4
-3.2924803E-4
1.0911644E-4
-3.3413325E-4
1.6476306E-4
-4.7201576E-4
1.7860469E-4
-4.3586214E-4
7.700841E-5
-3.8511094E-4
2.4400078E-4
-3.6389235E-4
1.6392813E-4
-4.0069027E-4
1.8245357E-4
-4.3574962E-4
1.3877057E-4
-4.911746E-4
1.1280622E-4
-4.7074945E-4
1.9544411E-4
-4.0375354E-4
1.1873107E-4
-4.3325848E-4
1.6325661E-4
-5.519012E-4
1.6783804E-4
-4.3932872E-4
2.8061625E-4
-4.6772725E-4
2.9887373E-4
-3.4039968E-4
3.6717844E-4
-4.932898E-4
1.7777286E-4
-4.0237381E-4
2.641092E-4
-3.3433008E-4
2.368456E-4
-2.766738E-4
-4.337993E-5
-1.0395988E-4
-2.194129E-4
3.1341417E-4
-3.3551545E-4
1.6936804E-4
3.064911E-4
-0.0016835525
0.0015608009
4.8855163E-5
9.045151E-5
-3.5834612E-4
3.635901E-4
-2.1874144E-4
3.2033428E-4
-1.08473934E-4
3.0613516E-4
-1.7901421E-4
6.559915E-4
-0.0010360294
9.3021215E-4
-2.3821252E-4
3.6382693E-4
-4.238642E-4
4.895588E-4
-4.5091848E-4
3.9063155E-4
-4.281233E-4
3.378306E-4
-5.0488807E-4
3.2914252E-4
-4.3079013E-4
3.1667182E-4
-4.8919156E-4
3.1244598E-4
-5.1595067E-4
3.0135884E-4
-6.409282E-4
3.087739E-4
-5.4623105E-4
2.6361115E-4
-4.7636734E-4
3.340383E-4
-4.7716536E-4
3.69558E-4
-4.806231E-4
3.580411E-4
-5.3411245E-4
4.229655E-4
-3.8251103E-4
3.4157108E-4
-5.164104E-4
3.436155E-4
-7.094352E-4
4.104959E-4
-6.2939053E-4
3.6034343E-4
-5.110521E-4
4.940537E-4
-5.993657E-4
3.302953E-4
-6.942681E-4
3.6476838E-4
-5.969665E-4
3.4585837E-4
-6.582305E-4
5.110997E-4
-6.3983526E-4
4.8075704E-4
-6.2785007E-4
4.706338E-4
-6.270779E-4
5.120014E-4
-4.776375E-4
7.909023E-4
-4.5354315E-4
5.623681E-4
-5.958146E-4
5.9765094E-4
-5.836838E-4
7.605076E-4
-3.7696544E-4
8.3931576E-4
-5.0173834E-4
7.5437955E-4
-6.460669E-4
6.9134886E-4
-6.5859803E-4
6.6494086E-4
-4.925266E-4
9.3342026E-4
-4.3185297E-4
8.7942707E-4
-5.3543353E-4
7.768658E-4
-7.793018E-4
8.649635E-4
-5.517972E-4
0.0010412938
-5.74639E-4
8.793586E-4
-6.0686277E-4
0.0010330678
-6.7482365E-4
8.7505794E-4
-7.3323096E-4
0.001050434
-7.1274413E-4
0.0011175981
-7.612592E-4
0.0010935877
-9.143649E-4
0.001252517
-8.249326E-4
0.0012859082
-9.025783E-4
0.0013875301
-8.6205394E-4
0.0014151102
-8.684023E-4
0.0016626813
-0.0010350411
0.0015769904
-0.0012119822
0.0017010111
-0.0012792486
0.0017482031
-0.0011281233
0.0017696818
-0.0012621625
0.0012118355
-0.0011660552
7.2161376E-4
-3.779233E-4
-1.4347359E-4
8.36242E-4
-0.0015110674
0.0024206412
-0.0034383077
0.0045615872
-0.0060238936
0.0075452835
-0.008677151
0.0104683535
-0.011530416
0.013418849
-0.0147042535
0.015594945
-0.017033461
0.017317044
-0.01834143
0.019264959
-0.017177925
1.1830499E-4
0.051108178
-0.12369982
0.237043
-0.270961
0.36997342
-0.37923
-0.4770449
0.88048196
0.5700796
-0.59035325
-1.0
-0.56524646
-0.23952758
0.40317178
0.6211571
0.69820637
0.37925258
0.201302
-0.012682064
-0.04250675
0.01998437
0.2707598
0.25747815
0.08962616
0.23731267
-0.24787663
0.12715523
-0.60295665
-0.46553233
0.70906687
0.08674476
-0.73692596
-0.7292785
-0.46471828
-0.17823195
0.20936468
0.29818162
0.2419792
-0.0033127263
-0.06542493
-0.054522797
-0.08528519
-0.04362613
0.07258026
0.12353404
0.0577657
-0.004160865
-0.117457174
-0.21198247
-0.13068151
-0.052642144
-0.10974716
-0.1334395
-0.06656376
-0.0307522
-0.0914555
-0.13338974
-0.082559094
-0.01116173
-0.041526444
-0.08163627
-0.04829464
-0.051597472
-0.06294544
-0.051166795
-5.413302E-4
0.07065608
0.074851155
0.043020505
0.022156458
0.04258793
0.08639139
0.12016379
0.12274394
0.10494099
0.08152176
0.06578964
0.08203933
0.0969528
0.152309
0.16625378
0.13941792
0.09057057
0.07128886
0.044875015
0.024727985
0.04209831
0.071313195
0.094996125
0.10785233
0.086781465
0.03242386
0.00982
0.013521906
0.027031092
0.050019532
0.07059585
0.059396278
0.06118958
0.053483367
0.04843246
0.06060322
0.04273218
0.040116984
0.04812831
0.0535716
0.049494356
0.04316816
0.02406
0.018358506
0.023436133
0.037940033
0.031063328
0.018211057
0.015400286
0.010405421
0.0056203683
3.9202376E-5
-0.0010490735
0.0031825672
0.016786579
0.022952517
0.015772207
0.016113713
0.020278187
0.01591364
0.005533306
0.0039887046
0.009787043
0.016539676
0.02297711
0.025881147
0.018292358
0.0032302942
-0.008161266
-0.014552599
-0.022831615
-0.01718851
-0.005776356
-0.0020715173
-0.015937462
-0.02073984
-0.025625061
-0.032696016
-0.03609561
-0.040519644
-0.029440392
-0.019617751
-0.017350107
-0.027523024
-0.029922806
-0.025594743
-0.032982122
-0.035166908
-0.033234034
-0.034689393
-0.0381082
-0.03690128
-0.040827774
-0.044629492
-0.05126959
-0.05218527
-0.053199265
-0.044622637
-0.04594524
-0.047072332
-0.052934356
-0.053511035
-0.053326685
-0.048964035
-0.04434346
-0.043774243
-0.033650335
-0.031837527
-0.04069046
-0.04641199
-0.042842705
-0.030920306
-0.027809089
-0.0318182
-0.0320182
-0.03667558
-0.03726528
-0.035049457
-0.034307938
-0.030346746
-0.027279662
-0.026423832
-0.028435294
-0.02523093
-0.023271723
-0.021972617
-0.020064646
-0.01776127
-0.016287016
-0.011351372
-0.0077687204
-0.0066747433
-0.008032341
-0.008067681
-0.009086647
-0.009395218
-0.009541771
-0.009498667
-0.0088812485
-0.0077772844
-0.0074908687
-0.0071115303
-0.0067409673
-0.006433933
-0.0063693924
-0.0061991573
-0.0060321954
-0.0055053956
-0.00511377
-0.0046077566
-0.0043497677
-0.0039890134
-0.0036671648
-0.0029629255
-0.0025115488
-0.0018829119
-0.0015265213
-0.0011909422
-9.955162E-4
-6.979067E-4
-5.662842E-4
-3.7990403E-4
-2.5425496E-4
-1.6171164E-4
-9.636683E-5
-3.921278E-5
-9.683978E-6
-0.0
