* Impulse Response data saved by REW V5.20 Beta 12
* IR is normalised
* IR window has been applied
* IR is not the min phase version
* Source: Microfone (E-MU 0404 | USB), no input selected, Left channel, volume: no control
* Dated: 29/06/2017 16:21:51
* Measurement: jun 29 16:21:51
* Excitation:  128k Log Swept Sine, 1 sweep at -14,0 dBFS  Using a loopback as a timing reference
* Response measured over: 1,8 to 20.000,2 Hz
0.015641292557120323 // Peak value before normalisation
6003 // Peak index
6222 // Response length
2.0833333333333333E-5 // Sample interval (seconds)
-0.125 // Start time (seconds)
* Data start
0.0
8.214204E-11
5.6449573E-10
-8.261908E-11
9.615113E-10
7.8064594E-10
1.5464608E-9
-5.686066E-10
1.5305812E-9
1.182957E-9
1.8891682E-9
4.4448996E-9
1.679119E-9
-4.2537724E-9
2.9735606E-10
2.253295E-8
1.6554965E-8
1.7235555E-8
5.608344E-8
4.4957E-8
5.678642E-8
7.3364305E-8
9.037928E-8
8.776598E-8
1.7742211E-8
1.1176535E-7
6.358708E-9
9.120414E-8
6.9612653E-9
1.837571E-8
-3.7104815E-8
1.1109889E-7
-9.873205E-9
9.215965E-9
-8.62677E-8
-1.0672094E-7
-1.7462723E-7
-1.9841293E-7
-9.719731E-8
-1.06662135E-7
-6.417897E-8
4.2494728E-9
-1.4499855E-7
-1.9468897E-7
1.3804E-7
6.025447E-8
1.9349356E-7
-1.3172902E-9
1.7577815E-7
-1.7728263E-8
2.4697928E-7
2.3819271E-7
4.8948954E-7
3.637403E-7
6.035598E-7
1.6155037E-7
5.8337594E-7
3.0716112E-7
7.2937326E-7
3.8974653E-7
5.54124E-7
1.4082029E-7
2.8686475E-7
1.9274135E-7
3.173212E-7
1.3135288E-7
-6.446208E-8
1.4380699E-7
-4.19452E-7
2.74E-8
-3.437194E-7
2.1258496E-7
1.8036244E-8
5.765276E-7
8.0743365E-7
5.0001177E-7
3.224378E-7
9.242863E-7
9.2672366E-7
6.70836E-7
1.5174799E-6
9.861312E-7
1.2672405E-6
7.30217E-7
1.7032777E-6
4.9954457E-7
1.2005438E-6
4.3626736E-7
1.1504866E-6
2.5858975E-7
1.5245411E-6
-3.494948E-7
4.4625708E-7
-5.113881E-7
5.27117E-7
7.585065E-8
-2.590129E-7
-8.772739E-7
7.817654E-8
-9.720342E-7
4.1074248E-8
-1.9214765E-6
-6.5879834E-7
-9.4794353E-7
-1.4431847E-6
-1.9505705E-6
3.3491932E-7
3.7930423E-7
9.6654006E-8
-2.6741773E-7
6.6418764E-9
-1.078327E-7
1.1542356E-6
-3.771222E-8
4.2528875E-8
5.8506413E-7
-6.521522E-7
-1.953935E-7
-5.340111E-7
4.2652184E-7
5.974703E-7
-3.665638E-7
-8.4943497E-7
1.1548046E-6
3.4416632E-7
-3.112165E-6
8.5354895E-7
-7.2554377E-7
-3.378141E-7
-2.8183451E-6
-8.007121E-7
-3.3671063E-6
-1.5053124E-6
-4.1430244E-6
-4.5064118E-7
-3.3135063E-6
-1.8658693E-7
-2.5573927E-6
-1.4944753E-6
-1.7434297E-6
-1.0714323E-6
-3.6043436E-6
5.8906653E-7
-1.8357135E-6
9.1828935E-7
-3.1364457E-6
-6.92071E-7
-1.4864748E-6
-2.6126813E-7
-9.3467463E-7
-4.3820626E-7
3.552728E-7
-1.10711504E-7
1.1403238E-6
3.3691754E-7
-8.9049956E-7
1.5867055E-6
2.7505425E-6
2.7854999E-6
-4.0295964E-7
-3.4162626E-6
-5.186177E-8
-2.2618526E-6
2.9284328E-7
9.683213E-7
3.7500768E-6
-1.7589261E-6
-1.2259535E-6
-1.661069E-6
-5.827049E-6
-3.3186461E-6
-1.8801097E-6
-2.2310387E-6
-2.1895287E-6
1.1240952E-6
-1.5177271E-6
3.0074213E-7
1.3176676E-6
3.8099238E-6
8.9964817E-7
2.8301795E-6
4.258283E-7
2.7996587E-6
-1.2829776E-6
5.647622E-6
3.938986E-6
4.4694107E-6
6.20647E-6
2.9469227E-6
-2.339597E-6
3.4263658E-6
3.659025E-6
2.873557E-6
-1.3056709E-7
-8.088998E-7
-8.1977E-7
-4.9303794E-6
-3.0657914E-6
-2.9578996E-6
-1.9554255E-7
-2.1309716E-6
-2.5459424E-6
-1.4372097E-6
-8.247054E-7
-4.6797052E-7
1.4608178E-6
-2.8552997E-6
-1.3331618E-6
6.270482E-7
2.3446507E-6
1.8607041E-7
6.5061586E-6
-2.3098836E-7
4.120944E-6
5.623757E-6
5.383687E-6
5.969276E-6
5.837632E-6
3.719594E-6
9.600886E-7
6.8514885E-7
-1.6201999E-6
4.5042048E-6
-2.9111459E-6
3.3639917E-6
-2.841006E-6
1.0893881E-6
-4.192952E-6
9.3846177E-7
-4.2224574E-6
2.386819E-7
-1.9118274E-6
-3.577995E-6
-3.78294E-6
-2.84115E-6
4.4504145E-6
2.6579872E-7
5.9883146E-6
6.8085355E-6
3.2355626E-6
7.0081214E-6
9.451625E-6
6.256774E-6
1.4807617E-5
5.6211975E-6
1.4670901E-5
3.8981025E-6
1.3546112E-5
6.355316E-6
8.7166845E-6
1.5338028E-6
5.8397877E-6
6.6173297E-6
4.3593514E-6
1.1133379E-5
9.861765E-6
1.1842339E-5
7.084195E-6
2.587327E-6
8.354614E-6
7.914159E-6
4.9101523E-6
5.4279344E-6
4.4009475E-6
4.9987934E-6
3.9130396E-6
2.8688494E-6
-2.047885E-6
1.0584004E-5
-4.853625E-6
4.220363E-6
-3.789664E-6
6.1319142E-6
7.416156E-7
3.0502592E-6
-3.4908894E-6
6.8082096E-7
3.1011614E-6
-3.5302594E-6
3.5320045E-6
1.207284E-7
-4.9263676E-6
4.6996743E-6
1.3036382E-5
7.1945497E-6
1.6735408E-5
3.7309073E-6
6.7790124E-6
-6.610774E-6
1.0401069E-5
8.41983E-6
1.0835949E-5
6.3196317E-6
6.6442385E-6
1.6140611E-6
9.126923E-6
8.254952E-6
1.12176E-5
1.1965109E-5
5.1107013E-6
2.4404803E-6
2.1832295E-6
-3.4752882E-6
-2.429681E-6
1.9051926E-6
-3.7953464E-6
3.1797895E-6
-1.4105527E-5
-8.1186147E-7
-1.1603937E-5
-3.9768074E-6
-2.6038927E-6
-1.4564646E-6
-9.317878E-6
3.3542105E-6
-8.538905E-6
-3.8920352E-6
4.956417E-6
8.964763E-6
3.1213565E-6
-5.1925813E-6
-6.3043336E-7
1.1562442E-5
3.4080188E-6
5.26928E-6
7.1627887E-6
3.8840913E-6
3.7506152E-6
8.33961E-6
2.8644715E-6
-1.9364327E-6
2.0874163E-6
7.167486E-7
-4.321167E-6
-1.5170833E-6
2.2813913E-6
-1.0811325E-5
-1.2217158E-5
4.4403914E-6
-1.1736939E-5
-4.565036E-6
-1.2606072E-6
-7.1752584E-6
-6.0274274E-6
-2.5864708E-6
-1.7387663E-5
-2.0778866E-6
-7.814267E-6
3.0453225E-6
-2.2818615E-5
7.2014227E-6
-4.054543E-6
3.6645695E-6
-1.4589257E-5
7.3566516E-6
2.8358024E-6
1.782841E-5
-3.293706E-7
1.4043779E-5
7.673382E-6
1.0667503E-5
-4.520046E-8
1.8161998E-5
8.530856E-6
9.182285E-6
1.0354435E-5
2.2713853E-5
4.824406E-7
1.4136548E-5
4.3067616E-6
2.2732307E-5
1.0209134E-6
1.955269E-6
-1.1230126E-5
1.5578871E-6
-6.5883514E-6
-7.242711E-6
-1.5158958E-5
-6.5247546E-6
-1.5287743E-6
-1.6555858E-5
3.5196956E-6
-4.3018326E-6
-2.948588E-6
-1.1390185E-5
-1.12678235E-5
5.6920244E-6
-3.0297833E-6
2.3339133E-7
-1.1664016E-5
-5.786857E-6
-6.2458776E-6
1.6960377E-5
-1.712363E-5
1.28652E-5
-3.5563646E-6
-4.0523173E-6
-1.14637305E-5
1.0747957E-5
1.4676611E-6
1.1927057E-5
-1.0245344E-5
2.5699833E-6
1.7017028E-7
-6.0317548E-6
-8.599076E-6
1.2265848E-5
-8.763022E-6
1.3040018E-6
-1.0734111E-5
-1.8760089E-5
-1.33328485E-5
-2.6828062E-5
-1.3907706E-5
-1.5443457E-5
-8.65776E-6
-1.3630687E-5
-1.9505858E-5
-1.9046205E-5
-1.1861197E-5
-1.0041923E-5
-4.858188E-6
-6.7236437E-7
9.409845E-6
1.6971206E-5
8.939671E-6
1.7550083E-5
2.828001E-5
1.8537368E-5
2.2287948E-5
2.2290154E-5
2.3191982E-5
3.087513E-5
2.4925457E-5
3.256172E-5
1.2170474E-5
2.4150624E-5
1.0061053E-5
2.6950689E-5
1.8869609E-5
1.7546125E-5
-1.5803076E-5
1.8737411E-6
-6.192267E-6
-1.6595632E-5
-3.47462E-6
1.8581904E-5
-1.5134108E-5
-4.9693485E-6
9.907166E-7
7.5203784E-6
-4.9834116E-6
1.6299486E-5
1.1534606E-5
2.4059786E-5
2.6603244E-5
2.8477498E-5
3.0487416E-5
1.5645395E-5
4.700782E-5
3.46056E-5
3.229343E-5
3.0413523E-5
2.8374478E-5
4.82961E-5
3.123222E-5
4.142629E-5
2.1163458E-5
1.4929254E-5
2.664804E-5
1.0281547E-5
1.671636E-5
1.5472359E-6
2.0329346E-5
2.0408927E-5
-5.8245746E-6
9.567697E-6
-7.5552525E-6
9.6202875E-6
-9.461417E-6
2.3307248E-6
4.342932E-6
2.9093826E-5
2.3537402E-6
1.7173277E-5
-5.799893E-6
1.3987813E-5
8.580489E-6
1.6152953E-5
-1.4341985E-5
2.9983976E-5
2.068112E-6
6.1575543E-6
-7.856765E-6
-1.1557016E-5
1.3265114E-6
-6.6051207E-6
1.2781614E-5
-1.36733315E-5
1.2785983E-5
1.0390782E-5
2.4698353E-5
-2.0695854E-5
3.1904714E-5
-1.3350509E-5
1.49965645E-5
-1.8019297E-6
3.291146E-6
-6.5950485E-6
2.991061E-5
1.939341E-5
1.9228498E-6
-3.13394E-6
8.300979E-6
-1.12166435E-5
1.2094399E-5
-1.7257053E-6
-6.6829784E-6
-5.4896277E-6
2.7100705E-5
1.5945045E-5
-2.4814555E-5
-2.3119436E-7
-1.549307E-5
-1.06967855E-5
-2.8275794E-5
-5.6618783E-6
-3.0343163E-5
-1.9743158E-5
-3.4544802E-5
-1.0326857E-5
-3.2657776E-5
6.604231E-6
9.207537E-6
-5.3537644E-7
-2.1173943E-5
-6.3240595E-6
-1.9683675E-7
9.203903E-6
1.7685492E-5
1.4584585E-5
2.2241866E-5
1.7997572E-5
4.46531E-5
3.9168583E-5
3.8450307E-5
1.3922847E-5
6.862994E-6
-1.5000913E-5
2.7415406E-5
5.395515E-6
3.693196E-5
-8.779989E-6
-1.2544556E-5
-7.86109E-6
-8.883775E-6
1.1551465E-5
-2.0489308E-5
1.1407701E-5
1.9705141E-5
1.5180146E-5
3.9235263E-5
2.9873863E-5
1.6681184E-5
-2.2918285E-7
1.9995703E-5
2.1898082E-5
4.1602234E-5
2.0435527E-5
2.2283398E-7
2.664767E-5
1.2071953E-5
5.912323E-5
5.942218E-6
6.3042055E-5
2.4398185E-5
-2.0114376E-6
2.8283206E-5
-3.6215727E-6
3.5820554E-5
2.3938064E-5
-1.6151598E-5
-2.917306E-5
1.3422319E-5
-1.0025765E-5
-2.8371762E-5
-3.0494235E-5
2.145618E-5
-1.9031743E-6
1.3086225E-5
-1.7506949E-5
9.171643E-6
-1.376026E-5
5.2716736E-5
1.193463E-5
5.7963727E-5
2.2242586E-5
1.2660566E-5
7.0296674E-6
3.2111893E-5
3.362775E-5
3.8258095E-5
-9.869394E-6
2.4224788E-5
3.0269744E-5
1.6285752E-5
-5.908864E-6
3.5411074E-5
4.3207503E-5
-3.0729363E-5
-2.3713197E-5
-3.9205745E-5
-4.115659E-5
-3.3928467E-5
-3.363646E-5
-3.6311452E-5
-1.4887E-5
-2.311607E-5
-1.6330581E-5
-2.2463264E-5
-5.6272176E-5
-6.2758277E-6
9.136623E-6
-5.3780022E-6
-3.387599E-5
-7.314192E-6
5.245631E-6
2.7538379E-5
1.1411714E-5
2.5029634E-5
-1.1392955E-6
4.770604E-5
1.4456464E-5
4.2969303E-5
-1.4411133E-5
5.781843E-5
-1.0845772E-5
5.029032E-5
4.680675E-5
4.8647118E-5
1.3726444E-5
2.6554026E-5
-1.852923E-5
4.1972573E-5
-1.1578746E-5
3.716122E-5
-3.0165666E-6
2.5591738E-5
-1.0975811E-5
2.7985868E-6
-3.755224E-5
1.2981408E-5
-1.9706922E-5
-5.3721606E-6
1.42485505E-5
-3.5792928E-5
3.7106659E-6
-3.77643E-5
-1.0732408E-5
-9.223812E-6
1.0030242E-5
1.9810928E-5
3.8143933E-6
8.340497E-6
2.201853E-5
2.4811348E-5
3.624529E-6
2.374678E-5
2.8464468E-5
2.7813097E-5
1.4598526E-5
1.6065538E-5
1.6060614E-5
4.121018E-5
5.940215E-5
8.023839E-5
5.302851E-5
6.765192E-5
2.8497137E-5
5.0593844E-5
2.1587548E-5
3.9344195E-5
4.40547E-6
2.7906262E-5
-3.3814886E-6
7.913145E-6
1.8412367E-5
1.890419E-5
-3.6671076E-6
1.5633907E-5
3.203355E-5
1.30707185E-5
5.516726E-5
2.0089163E-5
4.4538265E-5
-1.5443557E-5
3.7018548E-5
2.0102581E-5
-9.611407E-6
-1.5245074E-6
4.245994E-5
-1.4976316E-5
3.571245E-5
-4.479944E-5
-5.4989696E-6
-4.365803E-5
3.4021035E-5
-5.1063318E-5
4.0056348E-5
-4.310673E-5
5.938466E-5
-3.9927254E-5
-1.3215161E-5
-1.0740661E-4
4.563928E-5
-8.0404636E-5
4.5728815E-5
-4.7442092E-5
7.837971E-5
-6.627402E-5
5.0071703E-5
-1.0087706E-4
1.6825106E-4
-9.4977695E-5
2.84703E-4
1.8353984E-4
-0.0026508751
0.0036210448
-3.3600532E-4
-7.738396E-4
-0.0010373067
5.768024E-4
-3.448765E-4
1.1190332E-4
8.597338E-5
9.243961E-4
9.95621E-4
-1.4217028E-4
-7.197391E-4
-0.0014303314
-0.0012336704
-8.217022E-4
2.4271483E-4
0.0012123684
0.001897854
9.7394956E-4
4.479398E-4
-2.3711176E-4
-7.6561596E-4
-0.001078474
-8.4917527E-4
-4.7177236E-4
6.472508E-5
-1.02934435E-4
2.3541328E-5
-4.6553434E-4
-7.859059E-5
-4.4237804E-6
3.7254003E-4
1.3158433E-4
4.9391406E-4
2.824678E-4
1.6984706E-4
1.8470903E-4
2.4972358E-4
3.0445636E-4
3.5804E-4
1.8031719E-4
-1.8237058E-4
3.0476774E-6
-4.136349E-4
4.6085345E-4
-0.0015496532
-5.61632E-4
0.0018645345
-0.0011094895
-3.600659E-4
-9.3855424E-4
-2.8048144E-4
-2.278637E-4
6.4238126E-4
-1.4693972E-4
3.0764783E-4
-1.2550903E-4
2.6387247E-4
-7.654906E-4
-5.274935E-4
-3.4271853E-4
7.3528936E-4
6.608363E-4
0.0011995513
8.8279357E-4
0.0010226612
-1.6612747E-4
1.9978132E-4
-6.109485E-4
-7.233361E-5
-4.1063427E-4
2.4726984E-4
-3.1789448E-4
1.2426148E-4
-4.023467E-4
2.1472087E-4
-3.75985E-4
2.0968626E-4
-2.2549872E-4
2.241991E-4
-2.154596E-4
1.8351886E-4
-2.5920168E-4
4.954813E-4
-6.115584E-5
2.5244418E-4
-4.3852467E-4
-4.2153737E-5
-7.13626E-4
-1.674073E-4
-5.108828E-4
1.7170256E-4
-2.1159003E-4
4.1084856E-4
-2.0738677E-4
2.1469391E-4
-4.2168394E-4
8.1652164E-5
-3.4304202E-4
2.5298184E-4
-1.536412E-4
5.903559E-4
-2.158485E-5
3.7182617E-4
-1.2502275E-4
3.1239155E-4
-4.257941E-5
5.6048395E-4
1.7713723E-4
6.297845E-4
1.0791984E-4
3.8128777E-4
-1.1724883E-4
2.417978E-4
-1.4396613E-4
1.9950201E-4
-8.935298E-5
3.486664E-4
9.196925E-6
2.342469E-4
-1.4760374E-4
9.173482E-5
-2.920678E-4
-8.965458E-5
-3.2238374E-4
-1.40608E-4
-3.1358155E-4
8.727579E-5
-1.3987426E-4
-2.2610593E-5
-2.5510183E-4
-1.3808432E-4
-3.4724368E-4
-5.1753024E-5
-1.3839493E-4
8.093849E-5
-1.22513475E-5
2.2418813E-4
-1.2361717E-4
2.6519243E-5
-3.909595E-5
4.916132E-5
3.871678E-6
3.0938137E-4
1.3367027E-4
3.0343144E-4
1.5235181E-4
1.087708E-4
-7.6004115E-5
2.9994524E-6
-2.309322E-5
1.5364336E-4
1.7978792E-4
1.6602177E-4
1.3379077E-4
2.0250685E-5
-8.440283E-5
-8.637499E-5
-6.9913694E-5
1.1132147E-4
1.8005447E-4
1.2281023E-4
1.17494135E-4
7.8173565E-5
-2.8835134E-6
-1.6113278E-4
-6.997969E-5
-1.17352785E-4
-4.4177028E-5
-3.7331483E-5
4.484155E-6
-1.0446472E-4
-4.6674395E-5
-1.8564591E-4
-1.1348531E-4
-1.1963381E-4
5.1059935E-5
8.085077E-6
7.491422E-5
-6.520835E-5
-4.79282E-5
-3.4868623E-5
-2.5449264E-5
-9.672949E-5
-5.4488817E-5
-2.4740799E-5
-2.66437E-5
-8.2814746E-5
-1.6095476E-4
-1.2480565E-4
-1.371268E-4
-1.2174021E-4
-1.1938382E-4
-9.956233E-5
-5.569686E-5
-4.62508E-5
-1.1648517E-4
-5.314991E-5
7.1822487E-6
3.7211253E-6
5.410152E-5
6.705214E-5
5.8707872E-5
1.11753754E-4
1.213852E-4
7.2992196E-5
4.514176E-5
1.8358365E-5
3.4765468E-5
-6.669184E-5
2.6322674E-5
4.9601742E-5
7.120902E-6
1.7082377E-5
3.145466E-5
7.225254E-5
1.307747E-4
5.3311593E-5
9.353699E-5
1.2293142E-4
1.6994512E-4
1.6344884E-4
1.2170483E-4
1.8663751E-4
2.4773105E-4
1.4196601E-4
1.0330674E-4
4.304419E-5
4.509517E-5
-2.04912E-6
1.3354281E-5
-3.207618E-5
-3.3856566E-5
-7.070714E-5
-2.2475668E-5
-9.408679E-5
-4.0330597E-5
-5.3059885E-5
6.5448185E-5
-2.0194677E-5
8.936672E-5
-6.940162E-5
1.2788555E-4
1.0670906E-5
1.8490461E-4
5.6227895E-5
1.4095125E-4
-2.6441415E-7
2.1039459E-4
-3.6308247E-5
1.0333574E-4
-7.371552E-5
1.16224124E-4
-1.3869512E-4
1.0772588E-4
-6.9547474E-5
1.6102771E-4
-4.982739E-5
4.5308792E-5
-3.4611363E-5
1.4559143E-4
2.3930448E-5
1.8128978E-4
-4.2622127E-5
1.0704129E-4
-1.3617931E-4
1.3432959E-4
-1.5977997E-4
-4.9424503E-4
3.467262E-4
1.0465102E-4
-1.592742E-4
-3.0131201E-4
-1.9066078E-4
-1.7081115E-4
-1.7460503E-5
-1.5273197E-4
-2.2883603E-5
-1.061873E-4
-1.1132031E-4
-6.926357E-5
-3.3173026E-5
-4.4646436E-5
8.22525E-5
-1.3615968E-5
-2.9491704E-5
6.6703695E-5
2.6153174E-4
1.7532046E-4
1.2540704E-4
-1.611983E-5
1.2617352E-5
-1.7871999E-4
-4.086815E-4
-1.979613E-4
1.8740621E-4
2.2848994E-4
2.4029516E-4
-7.530643E-5
-6.546936E-5
7.484817E-4
1.2348553E-4
1.7855667E-4
-4.1937153E-4
-4.995652E-5
-2.9914663E-4
9.996237E-6
-2.101764E-4
-1.8197905E-4
-3.4812704E-4
-2.4189426E-4
-2.925028E-4
-1.6784073E-4
-1.0242605E-4
1.1869313E-4
2.0871821E-5
2.4758718E-5
-6.048252E-5
1.5713998E-4
-5.4192224E-5
-2.6382366E-4
-2.4647615E-4
-2.8955163E-5
-2.5442583E-4
-3.2685982E-4
-5.642921E-4
-9.0957525E-5
1.21595804E-4
2.0640176E-4
1.0214007E-4
-7.385282E-5
-5.719038E-5
8.928844E-6
7.731686E-5
2.0756044E-5
1.8222227E-4
1.516789E-4
1.9041244E-4
9.769091E-5
1.300046E-4
6.674376E-5
9.8878525E-5
2.5486553E-4
3.1911573E-4
4.4122225E-4
5.142823E-4
5.5336213E-4
3.8708688E-4
3.3703994E-4
3.29313E-4
2.4052832E-4
1.4098246E-4
9.040026E-5
6.384436E-5
4.3058794E-6
-4.409711E-5
-2.2364025E-4
-9.523213E-5
-3.2237504E-4
-1.6094495E-4
-1.9528526E-4
-2.5727547E-4
-3.0434085E-4
-1.7773896E-4
-1.9680358E-4
-1.2220704E-4
-1.4821666E-4
6.541519E-6
1.3253567E-4
1.4099252E-4
1.5280853E-4
2.049534E-4
1.6613326E-4
1.8615207E-4
1.9395813E-4
2.3646076E-4
2.519967E-4
3.1904207E-4
2.9018434E-4
2.9862885E-4
2.721417E-4
1.8922043E-4
2.4182063E-4
1.6577396E-4
2.561666E-4
1.9576118E-4
2.9433463E-4
1.0857651E-4
1.3422547E-4
3.9510327E-5
5.776884E-5
-6.5393164E-5
-1.567524E-4
-6.540453E-5
-1.9686336E-4
-6.986611E-5
-2.7013908E-4
-2.2662242E-4
-3.1104457E-4
-2.6143636E-4
-2.9574655E-4
-2.9421243E-4
-4.660237E-4
-3.289662E-4
-3.482721E-4
-3.452336E-4
-3.3346002E-4
-2.6971934E-4
-2.3640823E-4
-1.7098404E-4
-1.7926803E-4
-5.577986E-5
-9.454909E-5
-1.843573E-5
-4.5596138E-5
-7.59301E-5
-5.0642534E-6
-1.9611352E-5
1.9868759E-4
8.0832026E-5
8.416623E-5
4.286504E-5
1.495881E-4
7.687946E-5
1.8200294E-4
1.7894077E-4
2.790082E-4
1.7534144E-4
2.7536732E-4
6.3310625E-5
2.4207123E-4
1.6154414E-4
2.2768129E-4
1.2408016E-4
1.4963812E-4
5.799221E-5
1.9672437E-4
1.2140838E-4
7.438149E-5
-1.0958786E-4
-2.9462477E-5
-9.75119E-5
-9.5109535E-5
-1.8185779E-4
-1.2329721E-4
-2.303318E-4
-2.1689996E-4
-3.8269555E-4
-3.1084768E-4
-3.6284368E-4
-2.6408155E-4
-4.4017605E-4
-3.2005942E-4
-3.2801586E-4
-3.8843157E-4
-3.9656623E-4
-3.518942E-4
-3.7441085E-4
-2.0981047E-4
-2.3414002E-4
-1.7247371E-4
-2.481629E-4
-1.433661E-4
-1.8396565E-4
-3.7062404E-5
4.266317E-5
1.9396462E-4
-4.0378607E-5
2.1704203E-4
-2.6455908E-5
2.5232436E-4
5.5281034E-5
1.8051056E-4
7.830039E-5
2.988461E-4
1.6775871E-4
2.9659388E-4
4.7015546E-5
2.3084664E-4
8.12739E-5
2.6094273E-4
1.4396473E-4
1.8842657E-4
9.464674E-5
1.1886723E-4
7.811977E-5
1.5549683E-4
-2.002683E-6
3.322046E-5
3.774366E-5
1.0354129E-5
5.5219207E-5
1.67153E-5
1.2680118E-5
6.916574E-5
1.1139842E-5
-3.732737E-5
-5.0644558E-5
-3.0687374E-5
7.591694E-5
3.0117577E-5
3.5656747E-5
5.2792457E-5
-3.727518E-5
1.678762E-4
1.12026835E-4
1.3150315E-4
3.872315E-5
8.764524E-5
5.9862843E-5
1.9052735E-4
1.09437315E-4
2.0321543E-4
1.19578035E-4
3.1280177E-4
1.500994E-4
2.6756452E-4
1.7630566E-4
1.6982423E-4
1.4575626E-4
1.7875378E-4
4.1516552E-5
1.3596582E-4
5.5988592E-5
1.0422451E-4
-2.9500004E-6
1.7749536E-4
6.293915E-5
1.8448072E-5
2.1283939E-5
2.4330464E-5
-6.7993E-5
-1.5399335E-5
-3.9143357E-5
4.787218E-5
-5.288573E-6
-6.364775E-5
-2.9678782E-5
6.93516E-5
-9.926938E-5
3.718335E-5
1.1129388E-5
1.2439367E-4
2.8199811E-5
1.7557388E-4
7.065088E-5
1.5606468E-4
1.0352731E-4
1.5148055E-4
1.6024576E-4
3.2540792E-4
3.0019134E-4
4.8134194E-4
3.49827E-4
5.430461E-4
4.215705E-4
5.3703977E-4
4.1299226E-4
4.4270608E-4
3.1182563E-4
4.0274294E-4
2.2710497E-4
3.3470205E-4
2.2647543E-4
3.3892092E-4
1.2407002E-4
2.1701836E-4
-2.8659126E-6
8.21087E-5
-1.8196239E-5
-3.4648485E-5
-1.7720324E-4
-7.001115E-5
-2.0505839E-4
-1.9798943E-4
-1.5582578E-4
-2.4661605E-4
-4.1191422E-4
-2.2483154E-4
-4.1049975E-4
-2.527387E-4
-3.7821542E-4
-3.3523145E-4
-3.1888866E-4
-2.8000507E-4
-2.7836193E-4
-2.654181E-4
-2.416501E-4
-1.6439475E-4
-1.9341968E-4
-2.5931078E-5
-1.7270213E-4
3.5678993E-5
-1.2463314E-4
-4.075664E-5
-1.9134089E-4
-8.2775205E-6
-1.3676788E-4
4.9784645E-5
-1.38048E-4
-1.8107366E-5
-1.1109787E-4
5.7412683E-5
-7.7592325E-5
1.0880356E-4
1.1950831E-5
1.2187174E-4
-7.1239905E-5
1.5487298E-4
-8.9725494E-5
8.635294E-5
-1.2516894E-4
2.878141E-5
-8.1299746E-5
1.4556671E-5
-7.221541E-6
-8.8624605E-5
-3.9554074E-5
7.456128E-6
-1.9247847E-4
-6.19183E-5
-5.4934026E-5
-1.2250643E-5
-1.036505E-4
2.9793653E-6
-1.340952E-4
-1.4591016E-4
-1.505901E-4
-1.085439E-4
-2.3793054E-4
-1.0550944E-4
-8.032622E-5
6.739267E-6
-1.4803569E-4
-1.753849E-4
-1.3772745E-4
-1.9410088E-5
-1.7976292E-4
6.914263E-5
-8.4166335E-5
-3.2167318E-5
-2.3693749E-4
-2.5227277E-5
-2.2571805E-4
-3.5688907E-5
-2.0550824E-4
-6.610119E-5
-2.505383E-4
-1.0007528E-4
-1.5879692E-4
-6.635314E-5
-2.8696522E-4
-1.8647432E-4
-2.9020407E-4
-2.8451742E-4
-3.6409372E-4
-2.3321975E-4
-3.022137E-4
-2.472976E-4
-2.6636128E-4
-2.8947956E-4
-4.1362704E-4
-2.749356E-4
-1.700299E-4
-2.356849E-4
-4.523801E-4
-1.8713702E-4
-2.2620999E-4
-1.0232455E-4
-2.7942946E-4
-3.0583824E-4
-2.9622599E-5
-4.893627E-5
-8.087151E-5
-5.064418E-6
-1.3152127E-5
9.269252E-5
3.3719873E-5
1.4668134E-4
-5.4603275E-5
6.0234877E-5
1.9404166E-4
4.8212518E-4
1.7577168E-4
1.7028392E-4
2.3834327E-4
3.6158832E-4
5.8025063E-5
4.765741E-4
2.572548E-4
4.4419707E-4
1.5341456E-4
2.552124E-4
1.8340367E-4
3.0020313E-4
2.7188964E-4
2.6824302E-4
1.0809368E-4
1.124169E-4
1.2956087E-4
2.4357952E-4
4.2572232E-5
4.287221E-5
-1.7338338E-5
-1.253837E-4
-1.736551E-4
-1.7623203E-4
-1.7485805E-4
-1.8080758E-4
-9.104941E-6
-4.994379E-5
-1.9705115E-4
-3.6674613E-4
-3.7874925E-4
-3.4270002E-4
-2.9356932E-4
-2.79239E-4
-2.855731E-4
-1.8037172E-4
-2.6425562E-4
-1.7176212E-4
-1.8244612E-4
-1.2750362E-4
-2.3253245E-4
-8.519613E-5
-1.199663E-4
3.4511675E-5
8.649946E-5
1.0482643E-4
1.2755272E-4
3.0190728E-4
2.2557164E-4
4.657983E-4
3.3643085E-4
3.8358849E-4
2.3732941E-4
2.3222291E-4
3.5811038E-4
3.7153467E-4
3.9500138E-4
3.804427E-4
4.007468E-4
3.752102E-4
3.3613353E-4
2.680016E-4
2.2897878E-4
2.3426529E-4
1.7835235E-4
3.2350348E-4
3.2779586E-4
3.190787E-4
2.6378178E-4
1.8941333E-4
2.103024E-4
1.3947266E-4
3.038802E-4
1.5673178E-4
1.240428E-4
1.8796428E-4
3.077044E-4
2.3941709E-4
2.104883E-4
1.847446E-4
1.3855111E-4
9.227606E-5
6.9251924E-5
2.5007984E-4
2.0350527E-4
1.66672E-4
1.8380924E-4
1.7711833E-4
1.0648684E-4
1.3251691E-4
1.2714768E-4
3.1893884E-4
1.3374283E-4
1.7804488E-4
3.9395152E-5
1.3142808E-4
8.0766746E-5
2.4694342E-5
1.6209301E-4
1.7895189E-4
2.6523147E-4
2.7606633E-4
2.4894293E-4
1.1912351E-4
-3.6881298E-5
9.3038456E-5
-2.2390443E-6
2.9328844E-4
3.2067767E-4
3.824698E-4
2.9965214E-4
2.0555888E-4
3.3031163E-5
1.1392668E-4
2.2463794E-4
2.484113E-4
1.7344842E-4
3.195519E-4
4.5757942E-4
2.5950206E-4
2.2030425E-4
2.3836641E-4
3.707647E-4
3.2733098E-4
2.8261833E-4
3.0552424E-4
4.9228524E-4
5.339392E-4
4.3174415E-4
3.564633E-4
2.022058E-4
2.5340618E-4
2.2279502E-4
4.3822115E-4
4.0832112E-4
4.962583E-4
3.4527108E-4
3.5805724E-4
3.0857176E-4
2.9501584E-4
2.2336087E-4
2.5228795E-4
1.6974781E-4
2.7453442E-4
1.0304526E-4
1.6338119E-4
-4.3956035E-5
3.069681E-4
9.6139214E-5
1.1976064E-4
6.0620267E-5
3.4693636E-5
-1.4982156E-4
-1.7732523E-4
-1.844543E-4
-2.562477E-4
-2.9416918E-4
-2.7525623E-4
-3.7822145E-4
-4.8733814E-4
-4.3594898E-4
-3.960836E-4
-5.2987447E-4
-4.2839593E-4
-5.9659994E-4
-4.6909004E-4
-5.527524E-4
-4.4184635E-4
-5.941483E-4
-5.595254E-4
-4.889825E-4
-3.6152112E-4
-4.4302476E-4
-3.444202E-4
-2.8703653E-4
-2.533847E-4
-1.13739734E-4
-2.8041073E-5
-5.2134095E-5
3.718092E-5
-4.4161497E-5
1.7289964E-4
1.9386849E-4
2.744812E-4
2.968895E-4
4.2873435E-4
2.2630638E-4
3.093377E-4
2.0442576E-4
1.8182056E-4
3.38532E-4
3.478211E-4
3.6622657E-4
4.2419008E-4
3.8699614E-4
1.8494653E-4
3.437452E-5
2.4885929E-5
6.285805E-5
-5.1035233E-5
-5.6800494E-5
6.009075E-5
-7.787073E-5
-5.9018832E-5
-2.2592119E-4
-3.0393034E-4
-3.2875358E-4
-3.1064806E-4
-2.5375912E-4
-1.7336858E-4
-3.1362803E-4
-3.0709952E-4
-3.3674506E-4
-4.4455638E-4
-5.3679774E-4
-5.36161E-4
-5.551743E-4
-5.264954E-4
-4.543322E-4
-3.884602E-4
-3.8755484E-4
-3.6677488E-4
-4.7026755E-4
-4.2828036E-4
-5.430564E-4
-3.89022E-4
-4.1391767E-4
-3.137437E-4
-2.7509467E-4
-1.8474805E-4
-3.0578868E-4
-1.2460192E-4
-1.6366722E-4
-8.796869E-5
-3.3369124E-5
-1.591828E-5
-5.768685E-5
-7.164079E-5
9.496556E-5
-1.1293676E-5
-4.0613042E-5
-3.2347427E-5
-1.6100533E-4
-7.449458E-5
-4.6070716E-5
-5.7732148E-5
1.9725183E-5
1.0652244E-5
-2.3246585E-5
-1.1334856E-5
-6.6960005E-5
-9.239977E-5
-1.3480593E-4
-2.790693E-5
-1.78485E-4
-1.5042112E-4
-1.4968381E-4
-2.118073E-5
-1.6936865E-4
-7.079351E-6
-1.4081277E-4
-6.555463E-5
-1.5786044E-4
-2.9149667E-5
-2.3786056E-4
-1.4582124E-4
-1.3099577E-4
-1.0104311E-4
-7.061601E-5
-8.370218E-5
-2.1989441E-4
-6.28017E-5
-2.3929769E-4
-2.2229757E-4
-3.5404172E-4
-2.7904173E-4
-3.295122E-4
-3.210024E-4
-4.9535127E-4
-4.5780788E-4
-5.7073915E-4
-5.200267E-4
-4.88119E-4
-5.515927E-4
-5.708251E-4
-5.855131E-4
-6.547482E-4
-5.922189E-4
-6.2033755E-4
-5.532007E-4
-5.2704685E-4
-5.5767887E-4
-5.8297545E-4
-4.903293E-4
-5.9146015E-4
-4.928813E-4
-5.0377514E-4
-3.290225E-4
-4.3249337E-4
-2.1461195E-4
-3.365363E-4
-2.2497468E-4
-2.5495095E-4
-5.5354194E-5
-1.2786011E-4
3.6886277E-6
-4.9698803E-5
1.8689292E-4
8.180578E-5
3.28661E-4
2.0192334E-4
3.5131408E-4
3.1564166E-4
4.6115686E-4
3.1750332E-4
4.2884727E-4
3.825788E-4
5.81598E-4
4.9066904E-4
5.721228E-4
4.4220532E-4
6.2915555E-4
4.571877E-4
5.608126E-4
4.2098117E-4
4.0398375E-4
3.908171E-4
4.3399073E-4
2.1333316E-4
3.0423148E-4
1.9159034E-4
2.0749337E-4
1.0696424E-4
1.3060722E-4
1.3766004E-5
-6.85181E-5
-1.0616348E-4
-8.916681E-5
-2.739208E-4
-1.5217162E-4
-2.1565828E-4
-1.6777903E-4
-3.038046E-4
-1.9630996E-4
-2.8469862E-4
-2.2678942E-4
-3.480109E-4
-1.7848771E-4
-2.868983E-4
-1.3472086E-4
-2.8398243E-4
-1.539635E-4
-2.2177717E-4
-5.8959202E-5
-2.5948734E-4
8.925171E-5
-8.552198E-5
1.12645874E-4
1.7646653E-5
8.87061E-5
2.7359578E-5
1.6174754E-4
1.3600745E-4
2.6143756E-4
2.8601935E-4
3.3216234E-4
3.0889144E-4
3.3648472E-4
3.2653674E-4
4.2664853E-4
3.791194E-4
5.3069857E-4
4.0755016E-4
5.339643E-4
3.9953212E-4
4.0380284E-4
4.50724E-4
4.919396E-4
4.6811925E-4
4.518643E-4
5.3468486E-4
5.072276E-4
4.329537E-4
5.312231E-4
4.6089853E-4
5.3042726E-4
4.0901525E-4
5.051331E-4
3.7244454E-4
4.3638764E-4
3.6961533E-4
4.0274247E-4
2.813059E-4
3.6418962E-4
3.585429E-4
3.48409E-4
1.7735244E-4
3.4217632E-4
7.131834E-5
6.5766E-5
-3.16024E-5
2.3569886E-4
1.623121E-4
1.3036486E-4
-3.1889675E-5
9.367938E-5
8.672626E-5
1.0240495E-4
-5.3290805E-5
-2.2954252E-4
-9.328732E-5
-4.8434715E-5
-1.1424871E-4
-2.2512912E-4
-1.9016769E-4
-1.124337E-4
-2.5847866E-4
-9.736043E-5
-9.94126E-5
-3.0098805E-5
-2.4960898E-5
-7.126069E-5
2.8746364E-5
-1.18399876E-4
-1.4160872E-6
-1.4319521E-5
6.1208E-5
8.314384E-5
1.338458E-4
6.243416E-5
7.908689E-5
1.7352098E-4
1.0230158E-4
1.768121E-4
2.1325969E-4
2.1929585E-4
1.4597324E-4
1.9983503E-4
1.7590687E-4
2.483471E-4
2.2694893E-4
3.3750333E-4
2.270432E-4
3.3511163E-4
2.8791762E-4
3.5483346E-4
2.574472E-4
2.5116748E-4
1.6878644E-4
2.0787821E-4
1.1534307E-4
2.9632877E-4
1.8376856E-4
1.2091401E-4
1.6834056E-4
2.2090711E-5
-1.9512278E-5
3.8236776E-5
-1.7545883E-5
-6.3857144E-5
-9.107694E-5
-1.7524022E-4
-1.7994491E-4
-1.9705342E-4
-2.3233723E-4
-2.763545E-4
-2.8431363E-4
-2.3007374E-4
-2.5060508E-4
-3.1008333E-4
-3.6742364E-4
-4.498596E-4
-2.9575996E-4
-4.0679963E-4
-3.579128E-4
-3.6471421E-4
-4.685569E-4
-3.6219542E-4
-4.228986E-4
-3.0175023E-4
-3.7955944E-4
-3.568147E-4
-3.708814E-4
-2.4579372E-4
-3.1783147E-4
-3.7184148E-4
-3.3016532E-4
-1.9417958E-4
-3.6783848E-4
-2.944688E-4
-2.740698E-4
-2.0212965E-4
-2.0603725E-4
-1.6816799E-4
-1.5603132E-4
-9.914503E-5
-2.414106E-5
-4.7055382E-6
-4.6347515E-5
-6.6178873E-6
4.1550822E-5
9.765988E-5
1.258567E-4
1.6899234E-4
9.552514E-5
1.4889709E-4
1.837323E-4
2.0604578E-4
1.9384865E-4
2.572954E-4
1.8497565E-4
2.0169518E-4
1.7237265E-4
3.0475334E-4
2.0024211E-4
1.9746665E-4
2.0668014E-4
2.2533625E-4
1.3356676E-4
1.4318891E-4
9.893816E-5
4.6316596E-5
2.3739462E-5
-7.7669996E-5
-5.373359E-5
-2.4695511E-5
-1.0662297E-4
8.247873E-8
-1.7068887E-4
-2.0702636E-4
-1.815324E-4
-1.9398404E-4
-2.7646977E-4
-1.9940721E-4
-3.3875584E-4
-2.930009E-4
-3.8912415E-4
-3.617429E-4
-3.9413286E-4
-3.8702675E-4
-4.6511638E-4
-4.3832263E-4
-4.3800022E-4
-4.180731E-4
-4.903669E-4
-4.081056E-4
-3.8863014E-4
-3.319813E-4
-3.0742676E-4
-2.8773415E-4
-2.4714423E-4
-3.0229118E-4
-2.6598456E-4
-1.7019817E-4
-1.9726687E-4
-1.6903937E-4
-1.3782768E-4
-5.8158916E-5
-1.0642221E-4
-3.778456E-5
-7.596244E-5
3.3420176E-5
4.2512078E-5
6.1042025E-5
4.881356E-5
6.935408E-5
8.84373E-5
1.8448463E-4
1.529761E-4
1.3941598E-4
3.6365534E-5
3.8435057E-5
-5.6168934E-5
1.04643106E-4
2.5062489E-5
1.3702578E-4
-1.1424192E-5
1.1195804E-4
5.809656E-5
-9.980063E-7
-1.5988331E-5
9.072848E-5
-4.4658012E-5
-1.2808514E-5
-1.6281084E-4
-1.5221814E-4
-1.6851623E-4
-6.6009365E-5
-2.5892846E-4
-1.2209115E-4
-2.3192905E-4
-3.238345E-4
-3.6029436E-4
-3.4770736E-4
-2.6250535E-4
-2.7921455E-4
-3.8452496E-4
-3.5167043E-4
-3.7771388E-4
-3.6926605E-4
-3.6990352E-4
-2.8450726E-4
-2.8593894E-4
-1.8065068E-4
-2.9513004E-4
-2.6588075E-4
-3.1709688E-4
-5.6971225E-5
-2.2927047E-4
-1.4950513E-4
-1.5752506E-4
-1.5294483E-4
-2.566672E-4
-6.388674E-6
-1.5663437E-4
-3.915285E-5
-1.8763803E-4
-1.9617803E-5
-1.1820989E-4
-7.7790367E-7
-7.401559E-5
-1.51853055E-5
-1.233331E-4
-2.205231E-5
-1.2591243E-4
2.3518167E-5
-7.1367085E-6
2.4896493E-5
-7.139188E-5
5.6186967E-5
-3.046708E-5
-4.54369E-5
2.500898E-5
-6.64203E-6
-1.08581815E-4
-2.1897539E-4
-1.13457274E-4
-1.1791214E-4
-1.4516852E-4
-5.6694284E-6
-8.551996E-5
3.37011E-5
-1.0343268E-4
1.8317945E-5
-9.1436625E-5
-1.6073996E-5
-4.6461657E-5
2.4848028E-5
-6.3549705E-5
2.7245862E-5
-2.956304E-5
3.533808E-9
-7.7329234E-5
1.9216144E-5
-4.3675078E-5
3.347319E-5
-1.4576229E-4
1.8214854E-5
-2.3059121E-5
-6.873669E-5
-1.5809835E-4
-1.0343496E-4
-2.276439E-4
-1.170228E-4
-2.0050525E-4
-1.9727391E-4
-2.3649918E-4
-2.2197828E-4
-2.9184265E-4
-2.5711127E-4
-3.2926095E-4
-2.657474E-4
-2.3944909E-4
-2.0909066E-4
-2.5949205E-4
-2.6921948E-4
-3.6069987E-4
-2.2028228E-4
-2.938943E-4
-2.2471232E-4
-3.2353136E-4
-1.6737756E-4
-2.1936554E-4
-1.986835E-4
-2.2134815E-4
-1.5214224E-4
-1.2857247E-4
-6.3554406E-5
-6.388354E-5
-6.538191E-5
1.6714766E-5
6.275223E-5
3.3408785E-5
9.9968056E-5
1.600827E-4
1.14811475E-4
1.6803258E-4
3.2510678E-4
1.7816486E-4
3.3730836E-4
1.8001698E-4
2.4275383E-4
3.5152887E-4
3.2435133E-4
3.564294E-4
2.992655E-4
3.1222854E-4
3.8070598E-4
4.0184456E-4
3.5288525E-4
2.8466296E-4
3.417258E-4
2.0623756E-4
2.6374045E-4
1.7305947E-4
7.274023E-5
7.273763E-5
1.1975923E-4
7.703412E-6
5.303615E-7
9.3165045E-6
2.5027257E-6
6.9906846E-6
-1.12861424E-4
-1.6855127E-4
-1.5216526E-4
-1.337335E-4
-8.947013E-5
3.4495206E-5
-1.7652521E-5
-6.849083E-5
9.840845E-6
-4.6321245E-5
-6.419506E-5
-6.943899E-6
-5.8220277E-5
-5.8643844E-5
-8.17395E-5
-1.09684E-4
4.9326016E-5
3.8803155E-5
3.5203524E-5
7.205678E-5
1.3357429E-4
1.8073247E-4
2.123768E-4
1.0153934E-4
2.233929E-4
2.804459E-4
2.6784337E-4
2.3506508E-4
3.3086303E-4
4.2397322E-4
2.7966697E-4
2.5488858E-4
3.7100687E-4
3.3511405E-4
2.9599536E-4
2.6307596E-4
3.0185372E-4
3.3166286E-4
2.7651186E-4
2.6942455E-4
2.3338918E-4
2.6996143E-4
2.7692196E-4
2.0532295E-4
1.33024E-4
2.6168916E-4
2.0621448E-4
2.0661751E-4
1.7246748E-4
9.170952E-5
1.5136495E-4
1.5521437E-4
1.8328617E-4
9.786525E-5
5.3536663E-5
1.5106022E-4
1.0466384E-4
5.8157555E-5
3.5187233E-5
-2.604334E-5
7.7420285E-5
-6.0829192E-5
-2.9899551E-5
1.9225865E-5
1.7155736E-4
-1.491591E-5
-3.6338257E-5
-7.111935E-5
-3.4827114E-8
-4.449373E-5
-2.9197672E-5
-1.6505843E-4
-8.03379E-5
-2.0664292E-4
-4.1801172E-6
4.5372315E-5
-1.435472E-4
-1.5830551E-4
-1.289098E-4
-2.0824715E-4
-1.2317985E-4
-7.756242E-5
-8.600095E-5
-1.3228515E-4
-1.3089951E-4
-7.9441525E-5
1.9796946E-5
-4.2732358E-5
6.3039697E-6
-4.462557E-5
-7.572363E-5
-1.17494994E-4
-1.0320728E-4
-5.3814034E-5
-1.7443992E-5
-2.2559627E-5
-2.2403356E-5
-9.142732E-5
-2.2658587E-6
1.4969433E-5
3.4785255E-5
-7.954277E-5
-1.6240377E-4
7.473061E-6
-2.3718409E-5
-4.3396394E-5
-5.2975876E-5
-8.567948E-5
-1.4987249E-6
-1.0907585E-4
-3.1975153E-5
-2.1720429E-4
-7.4719406E-5
-6.541584E-5
1.5578602E-5
-1.1806256E-4
-1.2829287E-4
-1.18554795E-4
-1.7321443E-4
-2.3788084E-4
-1.5901226E-4
-2.9363603E-4
-1.3183478E-4
-1.6484002E-4
-2.1425744E-4
-1.8996368E-4
-1.2375748E-4
-3.0644538E-4
-2.4437404E-4
-1.4201844E-4
-1.950782E-4
-2.704108E-4
-2.3399758E-4
-1.581968E-4
-1.8167926E-4
-1.2596928E-4
-2.4736044E-4
-1.6607075E-4
-2.6821715E-4
-1.4416718E-4
-8.694874E-5
-1.7950548E-4
-1.4616175E-4
-1.8486819E-4
-7.075616E-5
-1.01811485E-4
-6.7930676E-5
-1.1051216E-4
-9.428928E-5
-2.1170532E-4
-6.542008E-5
-1.7195758E-4
-1.3738916E-4
-1.5078613E-4
-1.4713939E-4
-2.473279E-4
-1.1183275E-4
-2.384767E-4
-8.3840576E-5
-2.89314E-4
-2.1938758E-4
-2.5177916E-4
-2.8792524E-4
-3.094053E-4
-2.166471E-4
-2.9094992E-4
-3.5859316E-4
-2.7523984E-4
-1.8943436E-4
-2.1610643E-4
-1.398996E-4
-1.4482287E-4
-5.855883E-5
-1.17801756E-4
1.8351926E-5
-5.5250133E-5
-5.1710776E-5
-4.784891E-5
2.6226628E-5
1.0640915E-4
1.6851553E-4
-3.195631E-5
1.2747881E-4
1.08809705E-4
1.659789E-4
1.5613385E-5
1.3743111E-4
1.1118949E-4
1.6761951E-4
3.375878E-5
1.3895967E-4
1.1577713E-4
6.24108E-5
-1.9309759E-7
5.506912E-5
4.5871522E-5
5.4540997E-5
-1.5438127E-5
9.7536526E-5
-4.5376204E-5
5.0629915E-5
-7.167379E-5
-1.6590831E-5
-1.9308779E-4
-8.2877195E-5
-9.4871226E-5
9.458057E-6
-1.3888838E-5
-2.1322865E-5
-2.7431175E-5
-7.383031E-5
-1.6175643E-4
-1.09297805E-4
-1.087769E-4
-6.1029274E-5
-7.693351E-5
-8.467134E-5
7.417666E-5
7.116695E-5
6.0580232E-6
1.348737E-4
1.783201E-4
8.569924E-5
7.906583E-5
2.3783748E-4
1.6363275E-4
1.8841763E-4
1.9152113E-4
2.5975358E-4
2.7925847E-4
3.777577E-4
3.2242102E-4
3.150415E-4
3.311467E-4
2.6943E-4
3.100963E-4
3.5615326E-4
2.6706365E-4
3.0936458E-4
2.2819336E-4
2.4744484E-4
2.7332624E-4
2.8706627E-4
3.6506678E-4
3.860161E-4
2.3748723E-4
1.9071808E-4
1.8550942E-4
2.3599644E-4
1.5399656E-4
2.7421242E-4
1.304102E-4
8.737582E-5
-1.547647E-5
7.217877E-5
8.285354E-5
1.0118242E-4
-1.20284414E-4
-7.9513804E-5
5.784468E-6
-2.1494434E-5
1.3961568E-5
-9.1135254E-5
-4.5821533E-5
6.540171E-5
-1.1789832E-4
-1.0485343E-5
-1.5280564E-5
6.800701E-5
-4.3995282E-5
-2.2657432E-5
3.2348664E-5
5.496438E-5
2.8010996E-5
1.2136753E-4
1.7740496E-5
8.5133295E-5
8.030626E-6
8.064388E-5
-4.0397135E-5
2.0501066E-5
-1.3519136E-5
-4.6973953E-5
-2.888611E-5
-4.3470303E-5
1.1008216E-6
-3.001056E-5
-1.08996835E-4
2.4008377E-5
-1.4500132E-4
1.14258095E-4
-5.6517012E-5
9.120679E-5
-1.3536129E-6
-3.3065713E-5
-6.308185E-5
1.8935809E-5
-1.788866E-4
-9.371785E-5
-1.7146046E-4
-3.6543424E-5
-9.560509E-5
-1.4675157E-4
-3.761105E-5
-2.7994105E-5
-6.1288134E-5
-2.9149358E-5
-1.4094195E-4
-4.4594515E-5
-8.362051E-5
-5.684671E-5
3.5285404E-5
4.6430243E-5
-3.0446577E-6
9.172207E-5
1.6909622E-4
1.5740521E-4
1.0256208E-4
1.879739E-4
9.7377524E-5
1.9836782E-4
1.0672501E-4
1.6196098E-4
6.207497E-5
9.188352E-5
3.0214378E-5
1.889196E-4
8.6785476E-5
2.464179E-4
-6.221739E-5
8.788993E-5
-7.374367E-5
7.575501E-5
-8.470451E-5
1.2038062E-5
-1.542324E-4
-3.1880834E-5
-2.954148E-4
-1.5176326E-4
-3.5435313E-4
-2.2861394E-4
-2.6209655E-4
-3.3450118E-4
-3.862133E-4
-2.9086423E-4
-3.9015294E-4
-4.2967664E-4
-4.6979854E-4
-3.5720473E-4
-4.0379952E-4
-4.542456E-4
-4.8280985E-4
-3.5856484E-4
-4.533459E-4
-2.5885765E-4
-2.8191955E-4
-2.4275869E-4
-2.3711596E-4
-1.5935396E-4
-1.3565057E-4
-2.0345136E-4
-1.9261021E-4
-4.6807567E-5
-1.7743745E-5
1.528439E-4
7.4382624E-5
5.8461002E-5
3.5199184E-5
1.5564838E-4
1.3246232E-4
2.4554064E-4
1.726958E-4
2.5969106E-4
1.372136E-4
3.2762904E-4
2.0863455E-4
3.3668499E-4
2.260511E-4
2.3831647E-4
2.0549312E-4
2.836959E-4
2.0527183E-4
2.154127E-4
2.1251121E-4
1.4506163E-4
1.6339992E-4
1.3669151E-4
8.837634E-5
8.817318E-5
1.2303429E-4
2.2358252E-5
1.7068627E-5
-1.4832686E-5
-2.362283E-5
8.066273E-6
-1.0320966E-4
9.456745E-6
-1.3333265E-4
-1.07016676E-4
-8.4136496E-5
-1.9911399E-4
-3.0218635E-4
-2.614317E-4
-2.2019156E-4
-2.6697663E-4
-2.0437672E-4
-1.5958957E-4
-2.0188533E-4
-9.8765864E-5
-2.7303837E-4
-2.2867374E-4
-1.9270316E-4
-1.14578696E-4
-1.6232961E-4
-6.0934854E-5
-1.4980527E-4
7.227135E-6
-4.36748E-5
-3.988776E-5
-7.252684E-5
5.839483E-6
8.532205E-7
6.3380554E-5
9.20133E-5
1.3417123E-4
1.3069863E-6
9.725309E-5
2.5165293E-4
1.8497293E-4
1.1060302E-4
2.4046595E-4
2.1372594E-4
2.7189712E-4
2.4543089E-4
2.9402756E-4
2.0658961E-4
2.1341469E-4
3.1321816E-4
2.2520362E-4
1.9018726E-4
2.7173027E-4
2.358688E-4
2.9885868E-4
1.484844E-4
2.5033372E-4
1.7334783E-4
2.0411372E-4
9.950983E-5
2.2279512E-4
1.2697547E-4
1.07533815E-4
1.086639E-4
1.296389E-4
-4.4849185E-5
3.5025812E-5
-1.4041128E-4
-1.89707E-5
-3.9199505E-5
8.24899E-5
3.5200806E-6
-8.1451675E-5
-2.1200764E-4
-1.614132E-4
-2.8074157E-4
-1.0115356E-4
-1.7439567E-4
-1.5609554E-4
-3.1995468E-4
-2.6115015E-4
-2.2869448E-4
-1.8973547E-4
-2.6338483E-4
-2.0023134E-4
-2.2825827E-4
-2.469071E-4
-3.507489E-4
-2.3679662E-4
-1.531503E-4
-1.4709035E-4
-1.6743012E-4
-1.3843241E-4
-1.712631E-4
-1.04808256E-4
-1.9766335E-4
-1.5323458E-4
-2.043763E-4
-2.1367418E-4
-1.5169948E-4
-2.1367896E-5
-2.149191E-4
-2.5559923E-5
-1.6687434E-4
-3.2363583E-5
-1.7910126E-4
-7.95814E-5
-8.115398E-5
3.8804235E-5
-7.683739E-5
-1.2447433E-5
-2.403164E-5
1.20030265E-4
-1.2987028E-4
-9.6706935E-6
-7.1257164E-5
-4.1656058E-5
-6.563888E-5
3.8267357E-5
-1.15948096E-4
-5.4266373E-5
-1.0595156E-4
-3.117396E-6
-1.3063928E-4
-1.2397661E-5
-1.0258582E-4
-9.388918E-5
-1.072288E-4
-1.1474613E-4
-2.0972508E-4
-1.3500614E-4
-1.4181309E-4
-2.2754887E-4
-2.641747E-4
-1.3073577E-4
-1.2531546E-4
-1.8970639E-4
-1.9406085E-4
-3.236059E-4
-3.058647E-4
-4.3609066E-4
-2.5858617E-4
-4.4050772E-4
-3.7984387E-4
-5.026218E-4
-2.5203952E-4
-4.4822213E-4
-2.4035704E-4
-7.0431683E-4
-2.3957157E-4
-0.0010430514
7.016188E-6
8.1646204E-4
-0.004320776
0.0012531545
0.0018783158
0.0011151896
-0.004277206
9.824669E-4
-4.6239197E-4
-0.0015851662
-4.007958E-4
7.339368E-4
-0.0011108938
-0.0011174907
-2.5114385E-4
7.4762973E-4
4.525391E-4
2.9894663E-4
5.948455E-4
-8.7190296E-5
-4.972042E-4
-1.08275344E-4
3.4762663E-4
5.919657E-4
0.0012916413
-2.4528042E-4
-1.743535E-4
-1.4403815E-4
-0.0014749125
-9.103754E-4
-1.9883915E-4
-5.221755E-5
-0.0011179368
-2.5278988E-4
5.3391024E-4
6.5042917E-4
3.7194678E-4
3.5766265E-4
1.8968666E-4
3.802623E-4
1.5775522E-5
-1.0348344E-5
-1.7389687E-4
8.956995E-4
6.951465E-4
8.045987E-4
3.042337E-4
0.0014038676
6.637423E-4
5.3245027E-4
0.0010083467
0.001048344
6.0954085E-4
2.7823827E-4
-4.4863237E-4
-0.0011406956
-9.663602E-4
-4.253921E-4
-8.133911E-4
-7.7389594E-4
-1.8613058E-4
1.2546768E-4
-5.0021496E-5
-9.693829E-5
-1.0632629E-4
-1.5140025E-4
-5.050107E-4
-6.919257E-4
-3.9783856E-4
-2.3316276E-4
-3.054508E-4
-5.001373E-4
-5.2117655E-4
-4.171464E-4
-1.2405885E-4
-1.9066749E-4
-2.7751905E-4
-2.762632E-4
-1.0491875E-4
1.1298482E-4
3.3661062E-4
1.21471494E-4
2.961079E-4
6.01639E-4
6.6638784E-4
5.0740136E-4
6.6073966E-4
0.001092743
0.0011190989
9.147931E-4
9.561387E-4
0.0011146271
9.235204E-4
6.9143495E-4
6.782469E-4
8.5440447E-4
6.434524E-4
8.427449E-4
8.9074636E-4
0.0010501434
7.7952846E-4
7.019426E-4
3.9766898E-4
4.063169E-4
1.641486E-4
1.2059964E-4
7.7860626E-5
1.3806325E-4
-1.6882944E-4
-2.9602353E-4
-3.5591668E-4
-7.87337E-5
-2.1121078E-4
-3.113081E-4
-4.2525027E-4
-3.8154444E-4
-5.5060786E-4
-6.445922E-4
-8.072495E-4
-5.1922107E-4
-5.936055E-4
-3.5819557E-4
-6.170461E-4
-2.4011507E-4
-1.9626747E-4
-1.5167907E-4
-4.3012982E-4
-1.6492972E-4
-2.605179E-4
-5.2078296E-5
-2.849072E-4
-5.6316694E-6
-2.7537934E-4
1.5486307E-4
-5.8741865E-5
-1.9925673E-4
-2.0763173E-5
-7.981705E-6
-2.0597162E-4
-5.4254768E-5
-4.653287E-5
1.6836186E-4
-9.017094E-5
-2.5182145E-4
-3.1949798E-4
-3.5621648E-5
1.5114159E-4
-3.7242962E-6
9.399207E-6
2.9747322E-4
-3.5832133E-4
7.665886E-5
-2.0012495E-4
1.152033E-4
-3.5481175E-4
5.6037254E-5
-8.7015454E-5
2.4044234E-4
-1.9058933E-4
8.564872E-5
2.1154457E-4
4.5017907E-4
6.953262E-5
4.0654555E-5
3.3653484E-4
4.328783E-4
1.8060442E-5
-2.657824E-4
-2.0422316E-4
-1.235134E-4
-1.7105062E-4
-3.394404E-4
-2.47072E-4
8.937361E-5
-4.9119076E-4
-2.1453797E-4
-2.2469186E-4
-1.9317318E-4
-2.409628E-4
-5.7651854E-5
6.183111E-6
-1.9239025E-5
-2.2399421E-4
-8.85908E-5
-1.688689E-4
7.235324E-5
3.4209617E-5
-5.0170078E-5
1.142416E-4
1.5909021E-4
-6.705036E-5
-4.7742196E-5
7.71342E-5
-3.2320877E-5
7.8128556E-5
1.564714E-4
7.158022E-5
1.200341E-5
3.3215485E-5
6.0662605E-5
6.161258E-5
5.926717E-5
1.0552257E-4
1.497751E-4
2.665592E-4
8.461447E-5
8.269353E-5
1.3026618E-4
1.8580016E-4
8.865123E-5
2.0252237E-4
1.8994244E-4
1.412055E-4
3.657592E-5
1.6923886E-4
9.939807E-5
2.308654E-4
1.19587436E-4
2.3857433E-4
2.770148E-4
3.5552858E-4
3.0559456E-4
2.8695515E-4
1.7977208E-4
1.9769194E-4
8.802015E-5
2.2095566E-4
1.9440084E-4
1.837587E-4
1.6602696E-4
9.644708E-5
2.0688456E-4
1.7815108E-4
8.267148E-5
6.681485E-5
7.0292714E-5
-7.284591E-6
-2.7908201E-5
1.4844527E-5
-6.349392E-5
-5.260323E-5
-4.9069815E-5
-3.9837403E-5
-9.9352175E-5
-2.0021213E-4
-1.9128085E-4
-1.1635204E-4
-1.8622007E-4
-2.614806E-4
-1.6916131E-4
-1.3963475E-4
-2.1200484E-4
-2.9060917E-4
-2.0323608E-4
-3.2486813E-4
-2.5073084E-4
-2.143827E-4
-9.445434E-5
-1.3620997E-4
-1.8215967E-4
-5.724255E-5
-4.17482E-5
-8.72445E-5
-2.5052026E-5
-1.3656262E-4
-8.7003944E-5
-1.1566847E-4
-1.5944934E-4
-1.6853471E-4
-2.6446386E-4
2.9772808E-4
-4.1755397E-4
-6.832794E-4
9.4766077E-4
4.3763206E-4
-2.636677E-4
-5.3243747E-4
-3.59025E-4
2.6343818E-4
2.8042975E-4
3.2063772E-4
5.941379E-5
1.530222E-4
-2.4839456E-4
-6.346893E-5
-4.40422E-5
1.6837964E-4
1.5540018E-4
5.6613146E-5
-1.3376746E-4
2.0194032E-4
-2.1680382E-5
-1.03453E-4
-1.5516831E-4
1.6550397E-5
1.01213474E-4
3.950773E-4
3.3897994E-4
7.554719E-4
6.522313E-4
2.4352992E-4
-7.746672E-5
-1.5849154E-4
1.1326502E-4
4.4439244E-4
4.1387478E-4
2.5717306E-4
-2.7559052E-4
-2.9341475E-4
-2.0050387E-4
-1.630883E-4
-7.079297E-5
-1.2137872E-5
-1.0325169E-4
-1.2154736E-4
-1.348319E-4
-5.0046707E-5
2.875284E-4
4.4632403E-4
3.4517865E-4
4.3645917E-4
4.8483422E-4
2.8107004E-4
2.861736E-4
2.5597983E-4
2.1883624E-4
1.4377771E-4
2.7793302E-4
2.852407E-4
2.2959735E-4
5.485763E-4
3.6128314E-4
5.631727E-4
4.824372E-4
3.3136405E-4
1.0166495E-4
2.2132229E-4
-1.7622562E-5
-1.04309765E-4
-4.1550625E-4
-1.6096907E-4
-1.3390614E-4
-1.1380455E-5
-1.8469186E-4
-1.5326346E-4
-1.0138602E-5
-1.8066616E-4
-4.594682E-4
-2.9164724E-4
-1.9910942E-4
-1.5866349E-4
-2.2343145E-4
-2.22743E-5
2.7620128E-5
1.05564126E-4
1.700447E-4
2.0812122E-4
2.6196474E-4
3.051659E-4
1.4585275E-4
8.611236E-5
-6.375714E-5
-1.1235465E-5
-9.384791E-5
3.6340203E-5
1.1369211E-4
1.13258866E-4
2.0896694E-4
2.9027977E-4
1.8355271E-4
2.0892931E-4
-4.7523743E-5
1.8688943E-5
-2.4274045E-4
-1.9932011E-4
-9.943067E-5
-2.7482001E-5
-1.9955766E-4
-1.5316163E-4
7.05412E-5
2.2630898E-4
2.3637144E-4
2.3752236E-4
1.16302224E-4
1.8142168E-4
-3.8324448E-5
-1.4694674E-4
2.9165874E-5
-1.2418731E-4
-1.3529205E-4
-4.2811334E-6
8.507621E-5
5.1056606E-5
5.816469E-5
1.19243596E-4
5.8214235E-5
8.74848E-5
-5.145081E-5
-1.55356E-4
-2.2913469E-4
-1.2028815E-4
-3.0078922E-4
-2.8201105E-4
-2.448279E-4
5.0873437E-5
6.2275495E-7
8.9143705E-6
1.0351343E-5
1.3333521E-4
-2.113167E-5
-2.0417256E-5
-2.7858032E-5
-4.4819044E-5
-1.6592267E-5
-2.0396721E-4
-2.8182732E-4
-8.2775456E-5
5.024217E-5
-6.017253E-5
-9.42735E-5
1.1181802E-5
1.4835119E-5
-1.2736175E-4
-1.8219854E-4
-2.5215966E-4
-2.9420128E-4
-3.183365E-4
-5.096582E-4
-5.1854725E-4
-2.92377E-4
-1.4797946E-4
-2.3245308E-4
-1.9502797E-4
4.2537755E-5
-1.09813855E-5
-1.8720012E-4
-2.1672275E-4
-2.2551371E-4
-3.171942E-4
-2.372198E-4
-2.0099459E-4
-1.7967589E-4
-1.6457083E-4
-1.8154318E-4
-2.7166118E-4
-2.4232492E-4
-1.9422905E-4
-1.7323115E-4
-3.144361E-4
-3.3078348E-4
-4.611528E-4
-3.131193E-4
-4.7404895E-4
-4.187871E-4
-3.2601625E-4
-2.4544037E-4
-3.5069147E-4
-3.3279322E-4
-2.2425565E-4
-2.0851074E-4
-2.5014768E-4
-2.466029E-4
-1.9943278E-4
-1.8623155E-4
-2.7811635E-4
-2.2032515E-4
-2.3741367E-4
-1.834886E-4
-1.932587E-4
-7.576319E-6
1.18555145E-5
1.6651698E-5
5.6526886E-5
2.9501773E-5
1.4098947E-5
1.7722065E-5
-5.15683E-5
1.1659992E-5
9.191035E-5
4.1220665E-5
8.79123E-5
1.3246904E-4
1.489552E-4
2.835548E-4
1.1446312E-4
1.5449173E-4
-3.6746478E-5
2.7281054E-5
1.568964E-4
1.9790548E-4
4.20035E-5
1.6674801E-4
1.3035019E-4
1.854817E-4
1.5699107E-4
2.390463E-4
2.3786309E-4
2.5316348E-4
1.27512E-4
2.7612824E-4
2.2331397E-4
2.0161808E-4
1.8063189E-4
2.2184795E-4
1.6504417E-4
3.1171985E-5
1.4223205E-4
2.0468228E-4
2.2860379E-4
1.5123622E-4
8.1383834E-5
1.6261463E-4
7.501569E-5
1.8159839E-4
1.7942101E-4
2.208857E-4
5.871331E-5
4.1025505E-5
-3.288027E-7
1.3733981E-4
1.338825E-5
2.5021742E-5
6.111517E-5
1.6512559E-4
1.6744659E-4
1.2898401E-4
2.0134168E-4
1.8750917E-4
1.3566867E-4
2.9390905E-4
1.8250365E-4
1.435855E-4
1.2851665E-4
1.16078605E-4
4.0530802E-5
1.0816115E-4
1.565677E-4
6.661008E-5
4.151235E-5
1.0359058E-4
-3.3287217E-6
4.137392E-5
-7.239063E-7
1.9492442E-4
1.4667783E-4
9.011928E-5
5.854073E-5
5.22201E-5
-4.4040182E-5
-4.249103E-6
9.266995E-5
3.0320887E-5
2.8713233E-5
2.2075494E-4
6.0726263E-5
5.9890357E-5
6.899891E-5
-9.912266E-6
4.1108116E-5
1.03007085E-4
1.4235405E-4
2.369786E-4
2.4204342E-4
2.1377117E-4
3.4558096E-5
7.7509234E-5
5.96787E-5
1.1756605E-4
9.142048E-5
1.17308664E-4
9.4652976E-5
2.6577132E-4
2.219451E-4
2.4304843E-4
1.18603035E-4
2.397429E-4
9.852475E-5
-1.691667E-5
4.1572424E-5
1.4076549E-4
5.0163184E-5
-5.9104463E-5
-1.4755294E-4
5.2073385E-5
-8.873618E-5
-4.4677337E-5
-3.3461874E-5
-7.582534E-5
-4.0219816E-6
9.9013356E-5
9.3003924E-5
2.745184E-5
1.3268492E-4
1.491606E-4
1.5808015E-4
1.4966127E-4
2.173937E-4
2.649011E-4
2.4113496E-4
2.6051814E-4
3.0716343E-4
3.1251815E-4
3.3328112E-4
2.7802325E-4
1.4044256E-4
2.571097E-4
2.705538E-4
2.2151889E-4
3.005241E-4
3.5344056E-4
1.799753E-4
2.4288059E-4
1.926093E-4
1.6949637E-4
5.305598E-5
1.06170126E-4
-9.567944E-6
1.525409E-4
4.9555852E-5
9.111091E-5
3.9310147E-5
3.0890177E-4
9.179714E-5
9.7294826E-5
5.5099367E-6
3.193169E-5
1.6537593E-5
1.0814876E-4
9.441418E-5
1.344741E-4
4.959927E-5
1.3693323E-4
5.3898195E-5
-3.237543E-5
4.2324486E-5
1.5476953E-4
5.9903137E-5
-1.760772E-5
-1.1088187E-4
1.2271713E-5
-9.386888E-5
-1.1448251E-4
-1.4850494E-4
-1.5492551E-4
-2.2219776E-4
-2.0960465E-4
-1.6551091E-4
-4.3684082E-5
-1.7955257E-4
-2.2619619E-4
-2.5058293E-4
-1.9989355E-4
-2.0488788E-4
-1.5194701E-4
-4.478274E-5
-1.559315E-5
-7.980126E-5
-8.783372E-5
-1.972258E-4
-9.4800074E-5
-1.2882876E-4
-5.355905E-5
-2.4299133E-4
-7.964916E-5
-2.0041585E-4
-2.6070751E-4
-7.554687E-5
1.8583926E-4
-2.9824884E-4
-3.5288528E-4
-2.2678426E-4
-3.2238517E-5
-5.0764902E-5
-1.4776418E-4
-2.2175185E-4
-1.55001E-4
-1.4145202E-4
-1.5441542E-4
-2.8356226E-4
-2.2492433E-4
-2.0347213E-4
-2.59022E-4
-1.09045235E-4
-1.3315295E-4
-1.0375958E-4
-8.035429E-5
-8.273757E-5
-4.2503644E-4
-4.4159035E-4
-3.4215907E-4
-3.601534E-4
-2.069317E-4
-2.394713E-4
-3.1989778E-4
-4.535961E-4
-4.202446E-4
-4.6962276E-4
-4.2090518E-4
-5.3399923E-4
-4.6398077E-4
-6.2371115E-4
-4.8422793E-4
-5.761988E-4
-5.5311E-4
-5.477424E-4
-4.5030093E-4
-5.0570286E-4
-4.0693692E-4
-3.836662E-4
-3.2011128E-4
-3.8053555E-4
-2.8351214E-4
-4.0258915E-4
-3.9147065E-4
-4.1995323E-4
-4.389728E-4
-3.2439738E-4
-2.766832E-4
-3.6928288E-4
-9.955614E-5
-1.5034256E-4
-1.0825966E-4
-2.5583408E-4
-1.7181602E-4
-2.611084E-4
-2.4454357E-4
-3.2479584E-4
-2.3370425E-4
-1.8814178E-4
-2.4007511E-4
-8.612048E-5
-7.016743E-5
2.2642542E-5
1.3891142E-6
-5.880536E-5
4.4219352E-5
-1.9710018E-5
-5.6350807E-5
-8.63489E-5
-2.1620572E-4
-1.5415615E-4
-1.8204835E-5
-1.8135066E-5
1.8584698E-4
2.3806057E-4
2.9428338E-4
2.5705658E-4
2.56686E-4
2.1539621E-4
7.8731966E-5
-3.978351E-5
2.3095283E-5
-1.09303066E-4
-6.1996296E-5
-1.1026636E-4
-4.5360826E-5
-3.9446622E-6
7.0895534E-5
1.0436951E-4
1.7419399E-4
9.850238E-5
4.9923477E-5
2.7055572E-5
-3.415092E-5
-4.9191065E-5
-6.9832936E-6
-1.9443492E-5
5.0400133E-5
-1.5792033E-6
1.4137728E-4
2.210311E-4
1.4460506E-4
1.9660835E-4
6.881853E-5
1.184667E-4
9.224684E-5
7.956396E-5
8.17785E-5
1.4346917E-4
1.3731173E-4
9.736854E-5
1.9510946E-4
3.1914556E-4
3.4089954E-4
3.2489694E-4
3.5701855E-4
3.0851157E-4
4.182178E-4
2.1259703E-4
2.8874446E-4
2.7000654E-4
2.5840732E-4
1.3538377E-4
2.4819828E-4
2.8005158E-4
4.630815E-4
3.5294043E-4
3.830069E-4
3.2987914E-4
2.631048E-4
3.573132E-4
2.9330933E-4
1.0287374E-4
2.0626768E-4
9.8954966E-5
7.997322E-5
1.3565409E-4
1.4542013E-4
1.1150932E-4
2.1796244E-4
3.2177087E-4
1.7934458E-4
1.21997065E-4
1.4509914E-4
2.2083726E-4
2.336244E-4
2.381354E-4
1.2430569E-4
2.596228E-4
3.695342E-4
2.7442907E-4
2.3253706E-4
3.8685123E-4
3.9837096E-4
3.4498106E-4
4.6010187E-4
2.3681328E-4
2.726407E-4
2.9392133E-4
3.5598932E-4
1.7133616E-4
2.4679812E-4
2.7380875E-4
1.3421982E-4
3.0390476E-4
2.7658467E-4
3.7847663E-4
4.0170556E-4
3.0610207E-4
2.7592827E-4
2.2640567E-4
4.8022892E-4
4.2277476E-4
3.7928877E-4
3.3380865E-4
4.6795825E-4
3.961732E-4
5.0294894E-4
4.966243E-4
4.814412E-4
3.8645897E-4
3.9150167E-4
3.5598918E-4
4.4665474E-4
4.3844443E-4
3.265232E-4
3.3886803E-4
3.5521507E-4
3.223022E-4
1.1122412E-4
1.00816E-4
7.6968914E-5
2.078311E-4
1.5338082E-4
3.5582107E-4
2.6251312E-4
9.95848E-5
9.1306545E-5
4.217185E-5
8.894274E-5
-6.3811654E-5
-1.2705664E-4
-4.244606E-5
2.1706976E-5
-9.444221E-6
-4.618263E-5
-7.263784E-5
-1.609253E-4
-3.1408187E-4
-1.3423996E-4
-1.995442E-4
-8.288343E-5
-1.6949956E-4
-1.8716167E-4
-3.019014E-4
-2.234401E-4
-2.628755E-4
-2.5344946E-4
-3.6205896E-4
-2.9749714E-4
-2.65392E-4
-1.7968363E-4
-1.5411715E-4
-2.183635E-4
-1.4089863E-4
-1.07188665E-4
-2.0387393E-4
-1.8606473E-4
-1.2232884E-4
-1.9998894E-4
-1.5045308E-4
-1.8284362E-4
-1.0330795E-4
-1.3527872E-4
-1.0164135E-4
-1.4512343E-4
-2.3007054E-4
-2.2574447E-4
-3.0886751E-4
-1.8083885E-4
-2.4977827E-4
-1.9222428E-4
-3.2886484E-4
-2.437697E-4
-3.8796486E-4
-3.1780102E-4
-4.357268E-4
-3.1726368E-4
-2.3378975E-4
-2.3257722E-4
-2.4785395E-4
-1.7433666E-4
-2.4852325E-4
-1.4601833E-4
-1.9390207E-4
-2.5213292E-4
-1.3096051E-4
-6.208029E-5
-2.3783014E-4
-1.1484158E-4
-1.8090717E-4
-8.055993E-5
-1.17776595E-4
-7.688043E-5
-1.3329905E-4
7.694145E-6
-3.39338E-5
7.752406E-5
-6.652964E-5
3.4212924E-5
-8.652659E-5
-1.2238389E-5
-1.0520866E-4
-6.5548804E-5
1.841388E-5
9.8922785E-5
1.984469E-5
2.270497E-5
2.0818357E-5
1.2091488E-4
7.305543E-5
9.93307E-5
1.816319E-4
9.946385E-5
1.0707939E-4
2.4581145E-4
6.140385E-5
1.3709106E-4
1.0876557E-4
3.1287016E-4
1.6605739E-4
3.037635E-4
1.7433247E-4
9.5655734E-5
8.426845E-5
8.4558626E-5
7.947579E-5
7.673953E-5
-2.0107145E-5
4.7634956E-5
5.3221385E-5
6.1745945E-5
8.0382E-5
1.13143404E-4
8.907689E-5
1.2509074E-4
5.3101896E-5
1.0073405E-4
-1.6812488E-5
8.075611E-5
1.00790334E-4
1.4541969E-4
1.3517353E-4
1.5202121E-4
1.1831191E-4
1.2051094E-4
5.2959844E-5
1.3244935E-4
1.02994854E-4
1.1452563E-4
1.2457726E-4
1.9180369E-4
3.9080875E-5
4.8719787E-5
9.817122E-6
-2.6245552E-5
-1.1460879E-4
-9.964395E-6
-1.1657934E-4
-2.760093E-5
-2.801055E-4
-9.915488E-5
-2.1866568E-4
-1.36245E-4
-1.3370505E-4
-9.492784E-5
-1.11044894E-4
-1.4348625E-4
-1.06221276E-4
-1.5663087E-5
-1.8409369E-4
-8.758442E-6
-1.01378544E-4
2.5319232E-6
-1.3019622E-5
3.7068094E-5
-7.135067E-5
3.762446E-5
-2.0192178E-5
1.7051019E-4
1.2669229E-4
1.3801153E-4
1.1147355E-4
1.5099997E-4
1.9361703E-4
2.0720118E-4
1.8226997E-4
3.0427994E-4
2.1479158E-4
1.5451969E-4
2.7073306E-4
2.8181856E-4
2.0966184E-4
2.2547565E-4
2.3766629E-4
2.614497E-4
2.0549206E-4
3.2075043E-4
3.2766524E-4
2.8543116E-4
1.5814728E-4
2.5303688E-4
1.3142492E-4
2.059844E-4
1.01059544E-4
1.875356E-4
2.958488E-5
1.4990057E-4
5.959622E-5
1.249246E-4
-5.1805555E-6
2.5749527E-4
6.8586305E-5
1.0369174E-4
3.4757668E-5
6.9455855E-5
-3.1362535E-5
4.2731346E-5
-3.249502E-5
4.563324E-5
-1.04044275E-5
2.6974032E-5
-1.915095E-5
-1.0507116E-5
-2.4311313E-4
-7.9319216E-5
-1.3183021E-4
-8.773152E-5
-2.0882415E-4
-1.7627815E-4
-3.0769053E-4
-2.288761E-4
-3.2789516E-4
-2.55491E-4
-2.1304423E-4
-2.3182246E-4
-2.1008706E-4
-2.3094249E-4
-2.3900786E-4
-2.2683009E-4
-3.6492434E-4
-3.5279364E-4
-4.183839E-4
-2.480892E-4
-3.322118E-4
-2.168874E-4
-3.29142E-4
-3.3305126E-4
-3.049182E-4
-5.673555E-5
-3.457631E-4
-2.0508611E-4
-2.9600144E-4
-1.5485016E-4
-2.846393E-4
-8.684412E-5
-3.7040008E-4
-2.0856912E-4
-3.2702976E-4
-2.2801303E-4
-3.3891408E-4
-2.3569682E-4
-3.0954613E-4
-1.62779E-4
-3.4129736E-4
-2.7430675E-4
-3.328967E-4
-1.5538806E-4
-2.7953662E-4
-1.5479793E-4
-2.5354518E-4
-1.829558E-4
-2.7773852E-4
-1.5293271E-4
-2.3006306E-4
-1.3333584E-4
-2.0950065E-4
-7.135998E-5
-1.3975622E-4
-9.681809E-5
-1.393246E-4
-1.3783397E-4
-1.4644979E-4
-1.4804213E-4
-1.477202E-4
-1.5615103E-4
-1.2560829E-4
-1.1386506E-4
-1.4681177E-4
-7.635347E-6
-3.0183312E-5
1.5102947E-4
2.6110012E-5
1.108785E-4
-8.697845E-5
1.2696515E-4
-2.588197E-5
1.074185E-4
7.235946E-5
1.4019354E-4
1.9984493E-5
1.7690595E-4
9.351315E-5
1.7605175E-4
1.6199004E-4
2.9468597E-4
2.3054282E-4
3.156335E-4
2.5310865E-4
3.6042323E-4
2.6144309E-4
2.3899184E-4
2.3321316E-4
3.3127723E-4
2.7662748E-4
3.9707418E-4
3.667046E-4
2.727713E-4
2.483208E-4
4.3322405E-4
3.685301E-4
3.3917255E-4
2.6712957E-4
2.8089763E-4
3.6395065E-4
3.224239E-4
3.0035505E-4
4.067867E-4
3.0271945E-4
3.582489E-4
3.2144735E-4
3.3679872E-4
2.8810967E-4
2.3376678E-4
1.714729E-4
1.8197813E-4
6.3901294E-5
1.9589833E-4
1.3426291E-4
2.3365037E-4
9.5948475E-5
1.7739567E-5
-5.235227E-6
8.998164E-5
1.451075E-4
1.3116338E-4
1.4278317E-4
1.6941075E-4
5.183175E-5
3.7934915E-5
3.4236746E-5
-2.2276567E-5
-2.9544759E-5
1.8740189E-4
7.675082E-5
7.14032E-5
5.5888428E-5
9.2023496E-5
5.8259055E-5
1.3533837E-4
1.4855212E-4
1.3672595E-4
2.2166914E-4
1.3692597E-4
1.5109168E-4
1.885839E-4
2.1143688E-4
1.1053921E-4
1.2500839E-4
1.3875574E-4
1.6868878E-4
1.7372739E-4
2.2527848E-4
1.2097601E-4
2.3050871E-4
1.8336863E-4
2.3179696E-4
1.8846775E-4
3.3153294E-4
3.0430107E-4
1.703107E-4
1.9094894E-4
9.074183E-5
1.9252334E-4
1.8120282E-4
2.1891911E-4
2.205945E-4
1.8113735E-4
2.3630718E-4
1.5282803E-4
1.3683064E-4
2.8018391E-4
1.6200304E-4
1.5096374E-4
3.5012134E-5
2.2134231E-4
1.9526483E-4
2.7279207E-4
1.9430187E-4
1.3099783E-4
1.1502104E-4
1.6411349E-4
5.2471853E-5
2.9884117E-5
1.4061133E-4
1.6592642E-4
1.8700806E-4
5.0561142E-5
1.08506596E-4
4.795401E-5
1.662021E-5
2.3051507E-5
1.5478077E-5
-9.370524E-6
9.567912E-6
-1.1137661E-4
-6.4739615E-5
-6.9430724E-5
-1.8649582E-4
-1.3141906E-4
-2.22173E-4
-1.8330719E-4
-1.6843814E-4
-1.7017672E-4
-1.4547176E-4
-1.2447833E-4
-3.4431685E-4
-2.0760793E-4
-2.1442311E-4
-2.1687633E-4
-2.971449E-4
-1.466424E-4
-1.9605311E-4
-2.0284991E-4
-3.0767798E-4
-3.3520185E-4
-3.9185886E-4
-2.7427188E-4
-4.2595368E-4
-3.9234513E-4
-4.6551437E-4
-4.0865268E-4
-4.8715874E-4
-4.410049E-4
-5.2591384E-4
-3.4110312E-4
-4.6690958E-4
-4.9112237E-4
-4.3777688E-4
-5.0173106E-4
-4.8913824E-4
-4.5557067E-4
-4.2003018E-4
-4.5465707E-4
-4.3533728E-4
-4.5242507E-4
-4.0420372E-4
-3.735489E-4
-4.0135387E-4
-4.5456362E-4
-4.2589306E-4
-3.6357058E-4
-3.832708E-4
-3.7083947E-4
-4.2049127E-4
-3.0747242E-4
-5.2175514E-4
-3.2446042E-4
-4.3981767E-4
-3.7434587E-4
-4.1811983E-4
-2.2246398E-4
-4.600112E-4
-2.7053576E-4
-3.7450527E-4
-2.7732807E-4
-3.9177883E-4
-1.3370917E-4
-2.5309296E-4
-2.4885693E-4
-2.710165E-4
-1.9973864E-4
-1.721279E-4
-1.3853681E-4
-1.9917222E-4
-7.853709E-5
-1.4716128E-4
-8.3321014E-5
-1.3226879E-4
-9.3784816E-5
1.7183773E-5
-2.5243433E-5
-1.10245586E-4
3.0339921E-5
4.5409274E-6
1.5114124E-4
1.2309506E-4
1.779432E-4
1.5085752E-4
1.351675E-4
1.12390604E-4
1.6239128E-4
1.7908281E-4
2.3099696E-4
2.3869875E-4
2.770865E-4
1.872964E-4
3.3883494E-4
1.3861748E-4
2.7105882E-4
1.3212477E-4
2.857468E-4
2.0615113E-4
3.6157705E-4
1.448264E-4
2.0186E-4
1.871738E-4
3.5665155E-4
1.5357712E-4
2.877886E-4
1.9069972E-4
2.1198271E-4
1.688494E-4
2.8827513E-4
2.6383932E-4
3.2919855E-4
1.9442996E-4
1.997445E-4
1.7948831E-4
2.6750792E-4
2.468194E-4
2.1187363E-4
1.3808227E-4
2.888366E-4
1.3636284E-4
1.8362074E-4
1.3581784E-4
1.923431E-4
1.1838572E-4
9.292852E-5
9.9704455E-5
1.2048622E-4
1.6522461E-4
1.5204643E-4
9.9063065E-5
1.855862E-4
4.025303E-5
1.6677796E-4
8.387368E-5
1.6782465E-4
6.274225E-5
2.1036783E-4
3.1420914E-5
1.316637E-4
1.8388547E-4
2.025561E-4
2.1592679E-4
2.8538666E-4
1.4447227E-4
1.2504178E-4
1.12785354E-4
2.4232175E-4
1.0921873E-5
2.3016911E-4
2.8823715E-5
1.5304759E-4
3.132288E-5
1.953032E-4
2.4815474E-4
3.7585018E-4
2.4992152E-4
3.7892E-4
3.9482728E-4
4.203422E-4
4.1218157E-4
5.3951354E-4
4.113068E-4
5.4862956E-4
5.602812E-4
5.0740765E-4
5.192152E-4
5.1276444E-4
4.9158913E-4
5.694704E-4
5.9355254E-4
5.5681914E-4
5.152211E-4
5.2777474E-4
5.1739404E-4
5.043655E-4
3.2258322E-4
4.4031092E-4
4.187846E-4
3.900138E-4
3.7731664E-4
4.0065704E-4
2.3809727E-4
2.7655796E-4
2.5840796E-4
2.4912244E-4
8.7392036E-5
3.119012E-4
1.1524965E-4
1.6367625E-4
5.9323906E-6
1.7056485E-4
-4.071495E-5
6.862043E-5
-3.2253574E-5
-2.3257708E-5
1.6135524E-5
2.4349643E-5
-4.352026E-5
-2.5508038E-5
-9.7473225E-5
-9.1891685E-5
-7.6779506E-5
-1.8511966E-5
-4.252468E-5
3.3393706E-5
-3.399471E-5
-1.2563795E-4
7.6111013E-7
-1.5574908E-4
-1.1190894E-4
-4.5325978E-5
-1.0578376E-4
-2.7781492E-5
-1.061007E-4
-1.4549121E-4
-2.0539235E-4
-1.9573417E-4
-1.7471559E-4
-9.8709206E-5
-1.7558501E-4
-1.8489327E-4
-2.4822017E-4
-1.3743916E-4
-1.396868E-4
-1.8905207E-4
-3.3981068E-4
-2.5646138E-4
-3.3943562E-4
-1.6637739E-4
-3.3104268E-4
-3.0589098E-4
-4.3015857E-4
-4.0812406E-4
-2.5324925E-4
-2.657523E-4
-2.8768403E-4
-2.8448727E-4
-3.600052E-4
-2.4832232E-4
-3.091037E-4
-2.5874475E-4
-3.320543E-4
-2.6788135E-4
-2.906375E-4
-2.537392E-4
-2.3688421E-4
-3.1152117E-4
-2.1387459E-4
-2.3853677E-4
-2.3873623E-4
-3.5453885E-4
-2.7581517E-4
-3.558167E-4
-2.781633E-4
-2.6553316E-4
-4.007749E-4
-3.3727253E-4
-2.642059E-4
-3.651782E-4
-3.129355E-4
-2.1542342E-4
-2.278924E-4
-1.5886454E-4
-2.1864739E-4
-1.04449E-4
-2.2917433E-4
-1.6386855E-4
-2.5683612E-4
-2.4820177E-4
-2.4135101E-4
-1.3602652E-4
-1.7167936E-4
-8.660373E-5
-1.3658218E-4
-1.3307487E-5
-1.3511932E-4
-7.914976E-5
-2.3720178E-5
6.432606E-5
-3.308041E-5
-2.5326279E-5
-3.9995724E-5
-3.1451746E-5
-5.9047416E-5
5.358021E-5
1.3602842E-4
6.689755E-5
3.955411E-5
1.5543462E-4
1.2801948E-4
1.67736E-4
1.2593887E-4
1.62649E-4
2.2464163E-4
1.5695077E-4
1.4888599E-4
2.6531462E-4
2.6726836E-4
2.671564E-4
2.6731772E-4
2.6688614E-4
3.4838592E-4
3.709084E-4
3.1587342E-4
2.963225E-4
3.7506587E-4
3.9185045E-4
3.8803424E-4
4.4605846E-4
3.2967504E-4
3.7826656E-4
3.495743E-4
3.807354E-4
3.7576625E-4
3.2157288E-4
2.6748038E-4
4.6264098E-4
2.8512138E-4
3.7327554E-4
3.4352945E-4
3.5539764E-4
2.4616026E-4
3.3170648E-4
2.0069744E-4
3.0887028E-4
2.8442827E-4
4.3965958E-4
3.1331056E-4
3.6195628E-4
2.9555484E-4
3.603626E-4
2.428365E-4
3.6214708E-4
2.608047E-4
3.754336E-4
2.3515134E-4
2.3504693E-4
2.411196E-4
3.9538462E-4
3.034872E-4
2.6435812E-4
2.8525485E-4
2.696569E-4
3.5384356E-4
2.6384147E-4
2.8082184E-4
2.837132E-4
2.832474E-4
3.708161E-4
3.1223422E-4
3.449036E-4
2.921735E-4
3.2605624E-4
1.9848695E-4
3.699248E-4
2.0268203E-4
3.0411396E-4
2.255687E-4
2.8776663E-4
1.8044068E-4
2.390791E-4
2.1210736E-4
2.9210222E-4
2.3576063E-4
2.614994E-4
8.175172E-5
2.7875893E-4
1.8336478E-4
1.6602008E-4
9.990463E-5
1.7016417E-4
9.199054E-5
8.072059E-5
-2.4950097E-5
1.1670717E-4
9.117944E-5
1.1572941E-4
2.0694744E-5
2.1379444E-4
9.387379E-5
1.3714033E-4
-4.6578214E-5
-3.560517E-5
-8.170075E-5
6.4119806E-5
9.132052E-5
-7.091576E-5
2.83831E-5
8.663402E-5
8.5491534E-5
5.0745384E-5
-7.578188E-6
1.2500753E-5
-8.595977E-5
-3.0227273E-5
-2.3789538E-4
-1.2425284E-4
-2.5314107E-4
-1.113519E-4
-2.640709E-4
-9.394717E-5
-3.6839017E-4
-2.2281094E-4
-3.5317766E-4
-2.9129384E-4
-3.5448815E-4
-2.3470442E-4
-5.1773223E-4
-3.767907E-4
-5.538837E-4
-3.715319E-4
-5.1866693E-4
-4.4037207E-4
-5.0345575E-4
-4.5164156E-4
-6.1892247E-4
-5.2997714E-4
-5.729548E-4
-5.1501545E-4
-6.317138E-4
-5.423757E-4
-6.2033976E-4
-5.069458E-4
-6.4097706E-4
-4.98654E-4
-5.6819705E-4
-5.298044E-4
-4.87178E-4
-4.5836024E-4
-4.5865812E-4
-4.231143E-4
-6.27907E-4
-4.5380383E-4
-4.8412714E-4
-3.2310173E-4
-4.7846793E-4
-3.7957312E-4
-5.113207E-4
-2.1914855E-4
-4.4649598E-4
-4.014319E-4
-5.2473415E-4
-3.1332046E-4
-4.564907E-4
-3.1897903E-4
-3.5014522E-4
-2.4698724E-4
-3.1736688E-4
-1.8765818E-4
-3.6659872E-4
-1.1315056E-4
-3.0909272E-4
-2.3784985E-4
-2.59455E-4
-1.3400875E-4
-2.9923173E-4
-3.2930377E-5
-2.3362355E-4
-2.942891E-5
-2.1149774E-4
-9.336185E-6
-9.9687924E-5
-6.32119E-5
-1.2772328E-4
-1.6164926E-5
-1.19172855E-5
-3.9569797E-5
-8.3583116E-5
5.9308262E-5
-2.487119E-5
7.431622E-5
-5.094739E-5
-3.7289108E-5
-2.2053488E-5
6.403421E-5
-3.2199092E-5
1.431726E-4
5.281023E-7
-6.6969765E-6
8.027166E-5
1.1957426E-4
-8.4327285E-6
1.4883926E-4
1.9042658E-5
1.4130266E-4
-3.266934E-5
1.7773347E-4
-3.0752388E-5
1.2613578E-4
-9.702538E-5
1.0430946E-4
-8.080684E-5
6.830432E-5
-1.3854296E-4
-1.9730933E-6
2.6524625E-5
1.8321129E-4
-8.330953E-5
3.253279E-5
-1.458107E-4
3.612938E-5
-2.4481858E-6
6.6488814E-5
-7.152027E-5
2.738713E-5
-3.8118902E-5
8.147513E-5
4.1230255E-6
1.5760807E-4
2.8089544E-5
7.141364E-5
7.2387294E-5
1.7688106E-4
8.179815E-5
1.752244E-4
1.5505313E-4
1.992275E-4
1.598411E-4
1.6360065E-4
1.9366489E-4
3.4619123E-4
2.520386E-4
3.4792995E-4
3.0185896E-4
4.0749993E-4
2.9420713E-4
3.815561E-4
3.2361352E-4
4.5199774E-4
2.3849825E-4
4.7319685E-4
2.6287022E-4
4.7226975E-4
1.8665534E-4
4.8188196E-4
3.7536892E-4
5.0607056E-4
3.086307E-4
4.46886E-4
2.2004824E-4
4.0300554E-4
3.1106046E-4
3.5184034E-4
2.8245526E-4
4.0323046E-4
2.2059694E-4
3.8673411E-4
2.9459805E-4
2.5459123E-4
2.550177E-4
3.7463784E-4
2.716304E-4
3.8924388E-4
2.969976E-4
4.332292E-4
2.3523568E-4
3.2791076E-4
3.3454006E-4
4.1741793E-4
2.6238742E-4
2.942063E-4
1.9818552E-4
3.3766663E-4
1.630035E-4
2.9622446E-4
1.1838538E-4
2.6740736E-4
6.9270885E-5
3.1825498E-4
1.3806256E-4
3.3382155E-4
1.1873821E-4
1.8464716E-4
1.06450985E-4
3.0300178E-4
1.431338E-4
2.673131E-4
5.0474737E-5
1.6463806E-4
1.0060147E-4
1.9104402E-4
-1.69009E-5
2.4299658E-4
7.0555257E-6
2.1041631E-4
3.949763E-6
1.7825999E-4
8.3805804E-5
1.2832861E-4
-5.27739E-5
1.2484533E-4
-1.8984972E-5
9.421048E-5
-4.8949554E-5
2.1202775E-5
-1.01854894E-4
-8.826526E-6
-7.8022735E-5
-2.4073914E-5
-9.237123E-5
-1.1738874E-4
-1.4978857E-4
-1.920151E-5
-2.4500166E-4
-1.7397493E-4
-2.2005511E-4
-1.4282955E-4
-1.1237837E-4
-9.8755234E-5
-2.7851734E-4
-1.9002122E-4
-1.9968375E-4
-1.3414936E-4
-3.059802E-4
-1.4917355E-4
-3.2550044E-4
-1.3521561E-4
-2.9986404E-4
-2.7361087E-4
-3.456174E-4
-1.8948344E-4
-4.355997E-4
-1.7110014E-4
-4.4847268E-4
-2.3965936E-4
-3.8310004E-4
-2.89327E-4
-4.3317908E-4
-2.651545E-4
-4.88537E-4
-2.1091496E-4
-4.2128543E-4
-3.3839996E-4
-4.4154687E-4
-2.4766717E-4
-4.0168813E-4
-3.0084062E-4
-3.0981435E-4
-2.847442E-4
-3.1844323E-4
-1.9823511E-4
-2.1912347E-4
-3.0812155E-4
-3.439992E-4
-3.901469E-4
-3.1164655E-4
-1.6044591E-4
-2.2297513E-4
-2.0809066E-4
-2.4489363E-4
-3.348667E-5
-1.5983742E-4
-1.5018531E-4
-3.0191048E-4
-7.53732E-5
-1.2713092E-4
-4.0811512E-5
-8.4963496E-5
5.193783E-5
-1.2455322E-4
-7.578732E-5
-2.0414454E-4
1.2381231E-4
-1.267591E-4
1.0911161E-4
-1.0365873E-4
8.901114E-5
-1.944405E-5
9.4393654E-5
-7.77387E-5
9.315041E-5
-1.5132763E-5
5.374078E-5
-1.7112761E-5
1.3286367E-4
6.53814E-5
1.0481734E-4
4.653136E-5
1.5027856E-4
1.5791472E-4
2.2916855E-4
6.013972E-5
6.345773E-5
7.729527E-5
1.8142468E-4
1.149069E-4
1.5033685E-4
9.916122E-5
1.2963204E-4
2.0061545E-4
1.8311833E-4
1.0455711E-4
3.113928E-4
2.785626E-4
3.3088293E-4
2.4587117E-4
3.910824E-4
2.2832456E-4
3.8938582E-4
2.9854238E-4
4.4009657E-4
2.7274012E-4
4.3417924E-4
4.2189998E-4
4.9961626E-4
2.9865565E-4
3.8988056E-4
2.6160292E-4
4.3524193E-4
2.3876304E-4
4.3287125E-4
2.761055E-4
4.387677E-4
2.250826E-4
3.526201E-4
1.656243E-4
3.3964854E-4
2.491016E-4
3.7119904E-4
2.4553563E-4
2.3974237E-4
1.448214E-4
2.3626442E-4
1.2242157E-4
1.6739215E-4
1.5371757E-4
2.0350763E-4
1.003374E-4
1.9549433E-4
6.60488E-5
1.3537293E-4
-3.332718E-7
7.10117E-5
-2.5320578E-5
5.623309E-5
-5.86773E-6
1.606041E-4
2.2672397E-5
-3.4081724E-5
-6.16113E-5
1.0985743E-4
9.233746E-6
1.3232484E-5
-4.570045E-5
2.0580674E-5
-1.5446304E-4
-2.8542589E-5
-9.41224E-5
1.2779279E-5
-1.6612216E-4
1.4100512E-4
-1.039979E-5
1.0405228E-4
-2.805955E-5
1.7296481E-5
-1.1340193E-4
4.900117E-5
-1.2588821E-4
4.9813916E-5
-1.274639E-4
1.2535735E-5
-1.2322931E-4
-2.417803E-5
-1.8334916E-4
-5.7188794E-5
-1.651966E-4
-1.5624384E-4
-2.625664E-4
-1.2284794E-4
-2.3524121E-4
-2.0475715E-4
-2.835918E-4
-8.275159E-5
-2.9893676E-4
-1.8491542E-4
-3.076565E-4
-2.6840926E-4
-3.7668087E-4
-2.2202736E-4
-2.3416136E-4
-1.5856179E-4
-2.7334114E-4
-2.3434298E-4
-4.655485E-4
-2.027215E-4
-4.1390912E-4
-1.3207286E-4
-2.8633873E-4
-1.4999953E-4
-3.398085E-4
-2.2620434E-4
-3.674896E-4
-2.3545287E-4
-2.8885834E-4
-1.8161662E-4
-3.5379358E-4
-1.8395353E-4
-4.2408996E-4
-2.1374274E-4
-3.0165963E-4
-1.18808304E-4
-2.3900294E-4
-1.1693594E-4
-2.05421E-4
-1.3253109E-4
-1.9296742E-4
-1.1490598E-4
-2.720444E-4
9.72561E-6
-2.3932187E-4
-1.3593446E-4
-1.2544412E-4
-8.6653135E-6
-1.0173988E-4
-3.641325E-5
-8.253482E-5
-4.9198105E-5
-7.380964E-5
2.3050382E-6
-3.1595166E-5
5.286704E-6
-3.5136192E-5
6.3444735E-5
-2.875131E-6
9.390648E-5
5.5586646E-5
1.9751958E-5
1.0529304E-5
3.047629E-5
4.501044E-5
1.6572763E-4
1.3765064E-4
1.537702E-4
-1.1803327E-5
1.5109901E-4
7.9226375E-5
2.2074002E-4
6.030018E-5
1.4674207E-4
4.6688918E-5
1.750504E-4
2.2521033E-5
1.663471E-4
8.714465E-5
1.0330214E-4
-1.5776385E-6
1.1699419E-4
2.3015547E-5
9.9316894E-5
7.874109E-5
1.4409992E-4
2.949828E-5
6.343905E-5
1.1876894E-5
7.977027E-5
-3.0608964E-5
4.397146E-5
2.7894905E-5
1.3491814E-4
2.6697151E-5
9.054649E-6
-4.520343E-5
1.0807741E-4
-5.585938E-5
-1.0539724E-4
-7.2356874E-5
2.02836E-5
2.3418445E-6
4.344013E-5
-1.20605975E-4
4.4973458E-5
-1.0827204E-4
3.7011363E-5
-4.5826517E-5
1.4680771E-4
-1.3692463E-4
5.8208865E-5
-6.445548E-5
-2.5918116E-5
-1.9643866E-4
1.4241299E-4
-3.775651E-5
4.1008507E-6
-3.4163666E-5
7.0159374E-5
-3.6553844E-5
1.2873898E-4
-6.250879E-5
1.7672281E-4
1.9675068E-5
1.7919183E-4
-2.9759476E-5
1.3634171E-4
2.9588236E-5
2.1870273E-4
1.3152999E-4
2.0738239E-4
7.287622E-5
1.8564127E-4
2.2167567E-5
1.9029214E-4
5.0844163E-5
1.6985855E-4
1.3350393E-4
2.724021E-4
1.2745743E-4
2.3490658E-4
5.050396E-5
2.2002924E-4
1.1289155E-4
2.636828E-4
1.2912278E-4
2.7338127E-4
1.1175841E-4
3.1601076E-4
2.586241E-4
2.7522488E-4
1.0565155E-4
3.0333834E-4
1.6611359E-4
2.6900694E-4
9.010146E-5
3.5609805E-4
8.353143E-5
2.5931813E-4
1.5170789E-4
3.7190877E-4
1.5997184E-4
3.0590183E-4
1.0307324E-4
3.1946594E-4
9.447914E-5
2.5639185E-4
1.0047091E-4
2.7328302E-4
8.737872E-5
2.174012E-4
5.6745706E-5
2.2856567E-4
4.7016852E-5
1.8773197E-4
3.7178175E-5
2.0777418E-4
2.6944903E-5
1.4950655E-4
6.552505E-5
1.2646157E-4
7.242905E-6
7.785049E-5
-1.8489633E-5
4.3021926E-5
-4.8051577E-5
1.03161925E-4
-1.2094611E-4
7.521197E-5
-5.3241347E-5
5.447721E-5
-1.0678788E-4
9.400253E-5
-5.2421165E-5
1.2909355E-4
-1.2041177E-4
9.2936905E-5
-1.0104656E-4
1.7031065E-4
-1.05204184E-4
1.9896119E-4
-1.4277673E-4
8.892569E-5
-1.9608182E-4
4.9983762E-5
-1.5730779E-4
1.0885962E-4
-1.5328343E-4
3.2409054E-5
-1.7623171E-4
6.6856504E-5
-1.3115686E-4
1.06385676E-4
-1.7859811E-4
-1.162468E-6
-2.1040702E-4
-6.141275E-5
-2.0841774E-4
-8.409212E-5
-2.2679497E-4
1.38049545E-5
-2.22958E-4
-1.1377437E-5
-2.3870807E-4
-3.7164806E-5
-1.8301571E-4
-4.104151E-5
-2.2035209E-4
-7.1872164E-5
-1.4354255E-4
1.8946013E-5
-2.3448982E-4
-1.02394704E-4
-1.6904809E-4
2.7045498E-5
-2.831314E-4
3.4958261E-6
-2.1744013E-4
-9.1870745E-5
-2.4622027E-4
4.7887574E-5
-2.3011208E-4
2.4557392E-5
-2.7178737E-4
1.0266496E-4
-1.4358206E-4
7.2314647E-6
-2.2244344E-4
6.270053E-5
-1.540263E-4
1.21218996E-4
-2.574721E-4
6.0218576E-5
-9.274395E-5
7.157373E-5
-2.5132837E-4
-1.0252169E-4
-1.885671E-4
-3.963971E-5
-6.7898174E-5
-5.4924562E-6
-7.581047E-5
2.7016398E-5
-9.261173E-5
3.638373E-5
-1.311356E-4
-2.4524356E-6
-3.418707E-5
2.2683582E-5
-5.0371847E-5
4.9690945E-5
1.362788E-5
1.3551975E-4
-1.02211336E-4
9.67375E-5
-1.3981873E-4
9.1765934E-5
-1.79916E-5
1.8271279E-4
-5.6848E-5
9.6495416E-5
4.0735144E-6
1.9469768E-4
9.063625E-5
1.9812805E-4
-1.1117453E-5
2.2523358E-4
5.1955187E-5
2.1445169E-4
9.455798E-5
3.1107457E-4
5.3718235E-5
2.6762718E-4
-9.929675E-6
1.7797755E-4
4.772624E-5
3.0477022E-4
7.8666395E-5
2.9592987E-4
5.80818E-5
2.3043664E-4
6.0872953E-5
2.0646193E-4
1.21490906E-4
1.1545866E-4
1.19301614E-4
2.0215081E-4
1.10192814E-4
1.2821321E-4
4.2804786E-6
1.4813368E-4
1.7001394E-4
1.3605815E-4
4.0644307E-5
1.6890567E-4
1.11079964E-4
8.721941E-5
3.3393855E-5
1.3022925E-4
5.0010017E-6
1.755065E-4
4.8126865E-5
1.7171874E-4
3.0714993E-5
1.249379E-4
-1.7400229E-5
2.096177E-4
4.835593E-6
1.7068103E-4
-5.569513E-5
1.2865961E-4
4.98115E-5
1.2935528E-4
2.9725563E-5
2.3099386E-4
4.22568E-6
2.0309155E-4
-6.66459E-5
2.1772212E-4
7.688993E-6
1.4028283E-4
2.7928065E-5
2.1708614E-4
5.469549E-5
5.5357646E-5
5.3313957E-5
2.1869312E-4
1.7998698E-4
1.9559043E-4
1.4606572E-4
2.2763277E-4
7.565503E-5
2.0454713E-4
8.024318E-5
1.5396313E-4
4.55959E-5
1.306587E-4
1.4025225E-4
1.636689E-4
4.72037E-5
8.899151E-5
6.630268E-5
7.055622E-5
7.060524E-5
1.2374895E-4
-5.8411606E-5
1.280038E-4
-4.8910188E-5
2.7733433E-5
2.0158528E-5
1.226018E-4
-9.591089E-5
1.373485E-4
-4.898246E-6
1.9407235E-5
-1.5860103E-4
-1.1534587E-5
-1.5521057E-4
-2.8636303E-5
-1.3095365E-4
-4.0925966E-5
-1.8824273E-4
-3.6915455E-5
-2.3604695E-4
-9.061348E-5
-1.4141701E-4
-8.980469E-5
-1.297033E-4
-1.4189482E-4
-1.9983701E-4
-1.2365414E-4
-1.9370012E-4
-8.992684E-5
-1.8401175E-4
-1.2536322E-4
-1.9999259E-4
-1.6769208E-4
-6.953759E-5
-1.2918471E-4
-1.20963996E-4
-1.4085358E-4
-1.4389504E-4
-2.5378368E-4
-1.964981E-4
-2.131229E-4
-1.4183388E-4
-2.0349683E-4
-3.0270993E-4
-1.00760924E-4
-2.7349006E-4
-2.0611545E-4
-2.7413745E-4
-1.252476E-4
-3.0579255E-4
-1.3605006E-4
-3.0628458E-4
-1.0408851E-4
-2.492137E-4
-1.3370234E-4
-2.4467817E-4
-1.0563398E-4
-1.5927483E-4
-7.760866E-5
-1.5885844E-4
-2.3440442E-5
-1.6451963E-4
-7.0499955E-5
-1.4081424E-4
-8.491652E-5
-1.2400471E-4
-7.9402256E-5
-1.9374934E-4
-3.0979423E-5
-3.8516133E-5
-3.737239E-5
-9.063555E-5
-6.917488E-5
-6.009793E-5
7.5775915E-6
4.646514E-6
-3.939096E-5
-1.6636226E-5
-7.956924E-5
-7.4304895E-5
8.124741E-5
-1.5272309E-6
7.444194E-5
3.6999245E-5
2.5189105E-5
-5.836933E-5
3.8673636E-5
-6.648155E-5
3.8618978E-6
-7.082785E-5
2.5604797E-5
-9.4603085E-5
-1.2473046E-5
-8.0883925E-5
-4.5837038E-5
-1.2730311E-4
1.1676699E-4
-1.14701455E-4
9.595914E-6
-3.9907696E-5
8.325091E-7
-6.818871E-5
3.2499524E-5
-8.192481E-5
9.794596E-5
-6.420037E-5
1.3874486E-4
-5.817517E-5
-2.0931575E-5
-5.8140573E-5
3.2201478E-7
-1.6977976E-4
1.0098982E-4
3.6339147E-6
-2.5442583E-5
7.033531E-5
3.4491914E-5
-3.9006194E-5
-4.2857027E-5
-6.846085E-5
-8.4303165E-6
1.2730752E-5
-3.5950532E-5
-1.5387741E-4
-3.932759E-5
-7.130474E-5
-2.9439341E-5
2.3190718E-5
8.198981E-6
-9.7435266E-5
4.296928E-5
-1.0361929E-4
-3.7074053E-5
-1.341979E-4
2.5607122E-5
-1.524202E-4
-3.5217126E-6
-1.8334437E-4
-3.6842935E-6
-1.8543481E-4
-8.7732415E-6
-1.8156938E-4
-1.1830753E-5
-1.9171734E-4
5.1273546E-5
-1.7145603E-4
6.5544186E-6
-7.709501E-5
5.0504397E-5
-1.5487625E-4
2.8387536E-5
-1.4235242E-4
5.047854E-5
-4.2333628E-5
8.5842286E-5
-9.799907E-5
1.7175564E-4
-7.170503E-5
1.3203877E-4
-6.486803E-5
-4.3834777E-7
-8.3438485E-5
8.813604E-5
-9.228611E-6
9.085072E-5
1.8633262E-5
1.3052433E-4
3.8729497E-5
1.12569986E-4
7.540208E-5
2.0969084E-4
4.841125E-5
2.3177662E-4
1.0643204E-4
2.4464197E-4
9.4356416E-5
1.8519915E-4
1.178583E-4
2.6793184E-4
8.286116E-5
2.6419316E-4
8.394033E-6
2.9365963E-4
9.082432E-5
2.7928976E-4
1.1933662E-4
2.5490427E-4
4.6528974E-5
2.0275547E-4
3.5034718E-6
2.0045433E-4
-2.6588817E-5
1.9368487E-4
6.6587825E-5
8.309787E-5
6.650327E-5
2.0476762E-4
8.029083E-5
2.0899207E-4
-1.633973E-5
1.6543774E-4
7.7794684E-5
8.554724E-5
2.1686952E-5
1.09415945E-4
9.2989416E-5
1.5544909E-4
-4.2492466E-6
7.354877E-5
-2.5918016E-5
1.3341222E-4
6.012527E-5
1.2032073E-4
-9.5456075E-5
7.465986E-6
-6.412872E-5
6.718289E-5
-1.1621067E-4
1.6870004E-5
-1.10275054E-4
-4.057912E-5
-2.4018972E-4
6.151886E-5
-2.1677044E-4
4.041881E-5
-2.1333326E-4
-7.296723E-5
-2.2632221E-4
-7.2602124E-5
-2.0517148E-4
-2.9511251E-5
-2.4856246E-4
-3.583573E-6
-3.6425237E-4
-8.2853745E-5
-3.0252314E-4
-7.415636E-5
-2.9844107E-4
-1.7959285E-4
-2.9162923E-4
-7.018463E-5
-1.8030111E-4
-5.052459E-5
-2.7797578E-4
-1.3616058E-4
-3.1563998E-4
-1.7559221E-4
-2.9936753E-4
-1.2424549E-4
-2.6020588E-4
-9.03574E-5
-2.78623E-4
-3.313821E-5
-1.8453487E-4
-1.1264303E-4
-2.0522872E-4
-1.0937535E-4
-2.1823305E-4
-4.0329913E-5
-2.0208259E-4
2.8936498E-5
-2.539108E-4
3.831057E-6
-1.6236433E-4
-1.0781233E-5
-2.7347228E-4
1.4251605E-5
-1.5213534E-4
3.72585E-5
-1.8179856E-4
6.692438E-5
-1.7504959E-4
1.2047356E-4
-5.5333003E-5
1.3021742E-4
-1.7545748E-4
1.9137186E-4
-8.23707E-5
1.9220466E-4
-9.5537085E-5
1.2923332E-4
-8.650759E-5
1.8973404E-4
-3.2811753E-5
1.5762371E-4
-1.017679E-4
1.1312331E-4
-4.5239663E-6
1.7568008E-4
8.608006E-5
1.9255391E-4
8.054957E-5
1.09422006E-4
5.4272758E-5
2.003444E-4
2.0571428E-5
1.2435157E-4
4.4252258E-5
2.2687475E-4
8.7104454E-5
1.3620392E-4
1.15200215E-4
2.9254795E-4
9.177963E-5
3.630825E-4
1.4370959E-4
3.7284303E-4
3.501383E-5
2.7299294E-4
-5.3569624E-7
2.6527824E-4
3.084826E-5
3.0795415E-4
1.6507516E-5
2.6217062E-4
9.142306E-5
3.219132E-4
-1.8741897E-5
2.9816208E-4
1.2011336E-4
3.5916976E-4
8.210425E-6
3.4881823E-4
7.286502E-5
2.7503E-4
-2.8449937E-5
1.8657178E-4
3.9834886E-5
2.8620675E-4
1.2779376E-4
1.9915885E-4
2.728889E-5
1.4984416E-4
4.063636E-5
1.6583683E-4
6.210686E-5
1.316936E-4
7.0369155E-5
1.3699831E-4
-7.5135717E-6
1.8849444E-4
2.2567596E-5
7.88648E-5
-1.393992E-4
1.3396922E-4
-6.747782E-6
1.5059212E-4
-7.04106E-5
1.15091985E-4
-4.201952E-5
1.4962693E-4
-1.2758315E-4
1.1401964E-5
-1.9815924E-4
3.390135E-5
-1.4769465E-4
1.6689273E-4
-2.216768E-4
2.774E-5
-1.489697E-4
1.410892E-5
-2.4318774E-4
1.024576E-4
-2.6405646E-4
3.2946784E-5
-2.6479136E-4
-4.4012722E-5
-1.8902634E-4
7.817484E-5
-9.8125405E-5
4.2957065E-5
-3.0804722E-4
-4.0953582E-5
-2.424269E-4
3.0065972E-5
-2.665772E-4
-1.2836998E-4
-1.5123651E-4
-1.2234051E-4
-2.3937914E-4
-5.6139095E-5
-1.3270102E-4
-8.994168E-7
-2.4026127E-4
-3.5896017E-5
-3.3875025E-4
-2.017955E-5
-1.9326272E-4
-1.17551404E-4
-2.0964442E-4
-1.2847942E-5
-2.1501372E-4
6.014709E-5
-2.758462E-4
8.3293606E-5
-2.0510725E-4
1.2643577E-4
-2.7970076E-4
1.0147264E-4
-1.3938529E-4
1.5001396E-5
-1.4653527E-4
6.846164E-5
-2.3754514E-4
1.311769E-4
-1.411945E-4
1.11514884E-4
-9.727129E-5
8.7828805E-5
-2.0443361E-4
4.5677072E-5
-2.6495615E-4
3.0256748E-5
-1.6361418E-4
1.262266E-4
-1.2565902E-4
5.844197E-5
-1.1246872E-4
1.5759854E-4
-9.492924E-5
1.0179995E-4
-6.8764435E-5
6.553199E-5
-1.1539458E-4
6.8934656E-5
-9.105742E-5
1.17161726E-4
-1.625215E-4
2.0570526E-5
-1.7620095E-4
1.4164932E-4
-1.2325519E-4
1.085677E-4
-1.8148623E-4
1.3429903E-4
-6.0866885E-5
1.4227621E-4
-1.9978441E-4
1.992597E-4
-9.3713345E-5
1.4580919E-4
-1.0126195E-4
1.8261475E-4
-1.1925283E-4
2.1553347E-4
-7.06519E-5
1.8008769E-4
-1.4654873E-4
1.6227413E-4
-1.4067824E-4
1.8933688E-4
-1.8482405E-4
1.5186616E-4
-1.2417459E-4
2.4044982E-4
-1.20529745E-4
1.5906233E-4
-1.6078571E-4
1.13904076E-4
-2.3757701E-4
2.267517E-5
-2.1890973E-4
4.8728783E-5
-1.7803519E-4
7.375062E-5
-2.2830097E-4
9.663857E-5
-2.8213157E-4
3.534961E-5
-2.0790812E-4
1.00821366E-4
-1.6502867E-4
-4.3744647E-5
-3.255191E-4
6.378278E-5
-2.8856812E-4
4.3925647E-5
-1.937557E-4
8.166901E-6
-2.476931E-4
7.5212956E-5
-3.0141298E-4
4.189726E-5
-2.719991E-4
3.196664E-5
-3.4720305E-4
5.171953E-5
-1.9726317E-4
1.5265799E-4
-2.6834675E-4
1.2275072E-4
-1.7497066E-4
1.8684124E-4
-1.3198165E-4
1.5673497E-4
-1.4949385E-4
1.8740975E-4
-1.1819643E-4
2.3091676E-4
-1.2545766E-4
2.666587E-4
-1.0626224E-4
2.737452E-4
-3.6648875E-5
2.7617087E-4
1.2176401E-6
2.8112033E-4
2.6300782E-5
3.439536E-4
9.325257E-6
3.2605024E-4
3.2383497E-5
3.32942E-4
4.2739317E-5
3.047552E-4
2.0664496E-5
3.123221E-4
3.6234953E-5
2.6563817E-4
-2.5166903E-5
3.2448507E-4
-6.626578E-5
2.625271E-4
-6.9367714E-5
2.1628987E-4
-6.244366E-5
2.597315E-4
-1.1975692E-4
2.9001955E-4
-7.377557E-5
2.181829E-4
-1.4831981E-4
2.8903122E-4
-6.4259744E-5
2.693192E-4
-1.451783E-4
3.0573734E-4
-1.8977464E-4
2.5711264E-4
-1.7664042E-4
3.008398E-4
-6.0054103E-5
2.4281492E-4
-1.2307898E-4
3.107849E-4
-5.571646E-5
1.4423316E-4
-8.170696E-5
1.8868229E-4
-8.353245E-5
2.048776E-4
-1.1675252E-4
1.295586E-4
-7.775131E-5
1.8949514E-4
-7.852278E-5
1.17133146E-4
-2.2129566E-4
8.162054E-5
-1.6548249E-4
7.4559386E-5
-2.6522006E-4
9.514669E-5
-2.7840378E-4
5.2311123E-5
-1.5545926E-4
1.1762478E-4
-2.072059E-4
5.9604787E-5
-2.7722094E-4
8.817922E-5
-2.7470753E-4
1.3546605E-4
-3.1182996E-4
1.9744024E-4
-2.0567722E-4
6.0191844E-5
-2.7093975E-4
9.953288E-5
-2.9910577E-4
3.457827E-5
-2.8450834E-4
5.076982E-6
-3.4670255E-4
7.3534834E-6
-2.9957356E-4
5.7139132E-5
-3.0437275E-4
2.965484E-5
-2.3208561E-4
-3.9940784E-5
-3.7708774E-4
-1.3496103E-5
-2.6651061E-4
-6.281304E-5
-3.0804536E-4
-3.47225E-5
-2.5406806E-4
-7.774697E-5
-4.0246343E-4
3.663224E-5
-3.0867572E-4
-6.633484E-5
-3.50862E-4
-8.204466E-5
-4.0112247E-4
-7.87525E-5
-3.8253728E-4
-1.2590918E-4
-3.969916E-4
1.7982422E-5
-3.809518E-4
-8.955521E-6
-4.1406133E-4
-2.1996551E-5
-3.5134534E-4
3.2844335E-5
-3.9572836E-4
2.9176383E-5
-3.8572526E-4
3.94381E-5
-3.0192808E-4
1.455944E-5
-3.418939E-4
-5.451466E-6
-3.2875309E-4
8.025506E-5
-4.0135608E-4
6.184816E-5
-2.6914544E-4
8.0566075E-5
-3.4031502E-4
2.1702852E-5
-3.020982E-4
7.24808E-5
-2.8643964E-4
5.7994177E-5
-2.3173064E-4
-9.6344964E-5
-2.6301626E-4
1.5832897E-5
-2.1228901E-4
5.1348037E-5
-2.4077026E-4
3.922848E-5
-2.5110447E-4
5.8546906E-5
-1.7093548E-4
1.1740945E-4
-3.0528303E-4
1.1313068E-4
-2.3467818E-4
1.6571839E-4
-2.632065E-4
2.038766E-4
-3.3058546E-4
1.2546353E-4
-1.9345415E-4
1.9559386E-4
-2.3808525E-4
1.9805627E-4
-3.0536178E-4
2.882857E-4
-2.6250674E-4
1.7450728E-4
-2.522262E-4
2.7069234E-4
-3.1371793E-4
2.2353194E-4
-2.7738113E-4
9.833823E-5
-3.0776113E-4
1.8634212E-4
-1.6402383E-4
1.4354699E-4
-1.5815679E-4
1.728092E-4
-1.4157975E-4
1.5597635E-4
-2.567034E-4
1.3273465E-4
-8.525747E-5
1.8423633E-4
-1.2307917E-4
2.3778746E-4
-1.1852357E-4
2.2259443E-4
-8.030499E-5
2.7976578E-4
-4.7959984E-5
3.8364716E-4
2.056846E-5
3.8550154E-4
5.5157412E-5
5.0799514E-4
-8.276746E-6
4.8482956E-4
6.143824E-5
6.1359676E-4
-7.15415E-7
5.7313516E-4
3.880218E-5
5.7066133E-4
2.2413607E-5
5.868421E-4
1.4441857E-5
5.206341E-4
3.2699823E-5
5.8967125E-4
-8.1928454E-5
5.172867E-4
-3.335189E-5
4.7226777E-4
-8.511618E-5
4.9742666E-4
-6.536888E-5
3.7920306E-4
-7.985425E-5
4.258067E-4
-6.155022E-5
4.285563E-4
-5.958593E-5
4.3756078E-4
-9.816554E-5
3.7446234E-4
-4.608326E-5
4.1277378E-4
-1.0402363E-4
3.0045834E-4
-1.8763926E-4
3.387781E-4
-1.2779617E-4
3.1594042E-4
-1.7265366E-4
3.5478838E-4
-2.8517665E-4
2.692786E-4
-2.1528694E-4
3.1624813E-4
-3.3565713E-4
2.567973E-4
-3.8191566E-4
3.859233E-4
-3.71745E-4
2.2287696E-4
-4.8593103E-4
2.3159476E-4
-4.6367382E-4
2.8355853E-4
-4.9754826E-4
2.5362326E-4
-5.043504E-4
2.3449682E-4
-4.8398177E-4
2.5652317E-4
-5.1123026E-4
1.8120918E-4
-6.0929486E-4
1.9729564E-4
-5.161006E-4
9.680877E-5
-5.221166E-4
8.5425025E-5
-6.0088956E-4
1.6790994E-4
-4.699938E-4
1.4224702E-4
-4.5522713E-4
2.4220774E-4
-4.7852748E-4
3.3687107E-4
-3.6788807E-4
3.5044094E-4
-3.9543383E-4
3.152531E-4
-3.7738145E-4
3.8403974E-4
-3.5098198E-4
3.4151884E-4
-3.795905E-4
4.422527E-4
-3.6116588E-4
3.3755405E-4
-4.391463E-4
4.3738348E-4
-4.7818274E-4
3.8597756E-4
-3.615226E-4
3.7549646E-4
-4.3122965E-4
3.2515154E-4
-3.7833693E-4
4.8151205E-4
-5.389071E-4
5.1768264E-4
-6.6538143E-4
4.0214226E-4
-4.9150566E-4
4.6742978E-4
-5.86113E-4
4.6905084E-4
-5.1851786E-4
4.048751E-4
-5.865904E-4
4.6561848E-4
-4.6452865E-4
3.8271846E-4
-5.4744777E-4
4.98827E-4
-5.450568E-4
4.039388E-4
-7.4881397E-4
5.8683835E-4
-8.345732E-4
7.3334016E-4
-6.1878207E-4
4.915478E-4
-2.7043582E-4
-4.3789396E-4
5.8466372E-5
7.8827573E-4
-6.9455145E-4
3.797199E-4
-4.0715505E-4
5.498402E-4
-4.3455433E-4
5.7576183E-4
-5.28155E-4
5.764129E-4
-5.592408E-4
5.622799E-4
-5.996241E-4
5.6143815E-4
-6.734264E-4
5.9304707E-4
-7.366821E-4
4.1898288E-4
-7.534419E-4
4.143584E-4
-6.640461E-4
4.4025073E-4
-7.660402E-4
5.285917E-4
-8.840355E-4
3.694239E-4
-8.230505E-4
5.487649E-4
-6.883285E-4
5.2514E-4
-6.993706E-4
5.609998E-4
-7.5424934E-4
4.0303665E-4
-6.983672E-4
5.942223E-4
-7.047808E-4
5.9989514E-4
-6.845958E-4
6.678369E-4
-6.610082E-4
6.1769155E-4
-7.570964E-4
6.896223E-4
-6.643585E-4
7.6477625E-4
-7.190058E-4
7.37766E-4
-8.4268645E-4
7.0934446E-4
-9.3470904E-4
7.472552E-4
-9.953756E-4
7.294316E-4
-9.530875E-4
7.391403E-4
-0.0010233234
6.692544E-4
-0.001103814
9.073218E-4
-9.2229154E-4
9.39236E-4
-9.5369125E-4
9.4555994E-4
-0.0010242277
9.858713E-4
-0.0011324645
9.553223E-4
-0.0010418353
0.0010583138
-0.0010059149
0.0011303877
-0.0010367808
0.0011470878
-0.0010624339
0.0012238983
-0.0010576714
0.0014507249
-8.954177E-4
0.0016220934
-9.933595E-4
0.0016873404
-0.001115577
0.0016560198
-0.0011726836
0.0016291416
-0.0013205458
0.0016979724
-0.0014570673
0.0018747634
-0.001438893
0.0015463744
-0.0016064692
0.0010937476
-0.0013738575
5.9425423E-4
-5.627842E-4
-4.510686E-4
5.391643E-4
-0.0018108641
0.0021983637
-0.0039145895
0.0041842777
-0.006314967
0.007071665
-0.008671168
0.010240644
-0.011505599
0.012743536
-0.014181827
0.0147513915
-0.016020473
0.01601333
-0.016091917
0.01669258
-0.012963252
-0.0043058842
0.055485036
-0.12687172
0.23497128
-0.27150396
0.35635298
-0.35902488
-0.43694517
0.867941
0.5458484
-0.5860574
-1.0
-0.5539949
-0.1472581
0.40859246
0.6029447
0.67494804
0.39079547
0.08908293
-0.13318366
-0.086597085
0.06446489
0.267945
0.25111312
0.13958862
0.06923188
-0.063276716
-0.14110565
-0.12723257
-0.11519276
-0.106612094
-0.1381166
-0.13589963
-0.16169672
-0.15048538
-0.14608672
-0.1704001
-0.16940483
-0.12301701
-0.13076323
-0.19691743
-0.1181162
-0.09352927
-0.056084167
-0.10568617
-0.029656569
-0.072860606
0.08954433
-0.033091135
0.05003838
0.023520952
-0.005036298
0.24617344
-0.44750112
-0.014632632
0.62402165
0.10246859
-0.39987537
-0.30754018
-0.12899083
0.100213766
0.34256968
0.33553502
0.264063
0.17618056
0.15701175
0.11008018
0.08793258
0.12322925
0.1792454
0.16289353
0.069331706
0.020036004
-0.033453718
-0.061628237
-0.040182907
-0.05535475
-0.094075516
-0.07973083
-0.017749583
7.4448675E-4
-0.0354911
-0.058464233
-0.05174588
-0.082175195
-0.101503536
-0.08986593
-0.078267924
-0.067318
-0.051824655
-0.021384303
0.02563759
0.028916482
-0.032875247
-0.06277301
-0.04880002
-0.011321057
0.02775356
0.063204594
0.07592991
0.05967103
0.02029891
0.0065812813
0.011909574
0.031867344
0.06233312
0.09584909
0.08813173
0.07518384
0.061032046
0.023574961
0.009613789
0.02608628
0.04459347
0.058174733
0.06481506
0.06208941
0.041699283
0.01675855
0.006309048
0.021177197
0.034400966
0.043709032
0.049146403
0.04764074
0.055512242
0.044484437
0.020432882
0.02305221
0.022459852
0.021884216
0.019729447
0.019719167
0.017415216
0.01365952
0.016762432
0.015951984
-0.009171289
-0.021774
-0.02013856
-0.015283781
-0.00797135
-0.0032466138
-0.0071254787
-0.01785675
-0.021375168
-0.028939592
-0.03321123
-0.0232527
-0.01668839
-0.006319842
-0.0060681347
-0.00772828
-0.017597837
-0.025556676
-0.01856036
-0.010550658
-0.009061273
-0.0014408169
-0.003978677
-0.005800234
-0.009859609
-0.005601228
-0.00451551
-0.008132015
-0.005234215
-0.002289586
-0.0063217944
-0.011806896
-0.012242333
-0.008921979
-0.009664533
-0.01173305
-0.012035831
-0.013776846
-0.014376729
-0.014875478
-0.008700831
-0.01051978
-0.014538537
-0.01755689
-0.021777023
-0.024823198
-0.028169097
-0.023594392
-0.021797739
-0.02258936
-0.02416086
-0.024672806
-0.024237342
-0.02289509
-0.026520986
-0.0252817
-0.027210673
-0.028260188
-0.027128411
-0.023793964
-0.020505132
-0.01883473
-0.018193096
-0.018166058
-0.018786114
-0.01739364
-0.013436775
-0.008464632
-0.00739718
-0.0071027786
-0.0069758957
-0.006635752
-0.0065589244
-0.0059891646
-0.005125265
-0.00426478
-0.0036021394
-0.0030254957
-0.0027505031
-0.002460347
-0.0023425967
-0.001960469
-0.0016200221
-0.001151061
-7.556594E-4
-4.1089868E-4
-2.667695E-4
-1.87865E-4
-1.2756222E-4
-6.033306E-5
-3.0936848E-5
-7.993003E-6
-0.0
