* Impulse Response data saved by REW V5.20 Beta 12
* IR is normalised
* IR window has been applied
* IR is not the min phase version
* Source: Microfone (E-MU 0404 | USB), no input selected, Left channel, volume: no control
* Dated: 29/06/2017 16:12:23
* Measurement: jun 29 16:12:23
* Excitation:  128k Log Swept Sine, 1 sweep at -14,0 dBFS  Using a loopback as a timing reference
* Response measured over: 1,8 to 20.000,2 Hz
0.016127722337841988 // Peak value before normalisation
6003 // Peak index
6227 // Response length
2.0833333333333333E-5 // Sample interval (seconds)
-0.125 // Start time (seconds)
* Data start
-0.0
-6.5419024E-11
-3.3847167E-10
-5.3735977E-10
-1.7293578E-9
4.4808645E-12
-4.5754334E-9
2.8482836E-9
-9.191911E-9
2.2400264E-9
-6.0691235E-10
1.9537095E-8
1.3006477E-9
2.0068782E-8
-1.2904017E-8
4.471381E-8
2.7964683E-8
6.370434E-8
-2.1791555E-8
2.8916219E-8
3.0273595E-10
5.2082076E-8
-9.256745E-8
-1.27729685E-8
-1.4390847E-7
6.801751E-9
-9.921064E-8
-6.138114E-8
-1.7545594E-7
-3.7010953E-8
-1.6543926E-7
2.279827E-8
-2.3664445E-7
-1.0011374E-7
-1.9725556E-7
-4.697178E-9
-1.3689161E-7
1.6546647E-7
-4.758785E-8
1.2609071E-7
1.0585931E-7
2.4528342E-7
2.7127564E-7
5.0545333E-7
1.7208696E-7
3.3633643E-7
2.942644E-7
4.317702E-7
8.459683E-8
4.0380286E-7
9.697989E-8
3.2579516E-7
1.143886E-7
1.7021601E-7
-5.146565E-7
-7.133968E-8
-2.2513147E-8
2.591082E-7
-2.2344246E-7
1.3090973E-7
-1.8056353E-7
5.3907905E-7
-3.5593646E-7
3.6000552E-7
-1.10281526E-7
7.1366657E-7
-1.1383704E-7
6.7323924E-7
9.617962E-8
1.2968741E-6
1.512831E-7
8.168604E-7
2.218471E-7
7.5206106E-7
2.387806E-7
1.0076988E-6
3.5667784E-7
4.903331E-7
3.7800942E-7
1.000118E-6
-6.045532E-7
2.4689155E-7
-3.4948374E-7
6.7476293E-7
-4.6254848E-7
1.9482773E-7
4.3472365E-8
2.474491E-8
-1.12211566E-7
8.9462326E-8
-8.290064E-7
3.0184333E-7
-4.6052648E-7
-2.0246999E-7
-9.985778E-7
-1.940518E-7
-8.428205E-7
8.3923186E-7
-1.0121886E-6
-1.3130831E-6
-1.7032792E-6
-1.0338183E-6
-1.4913945E-6
1.115292E-7
-1.1197997E-6
1.364986E-6
-1.1661789E-6
6.892096E-7
-1.4522892E-6
-1.576888E-7
-1.2988786E-6
1.1369725E-6
-1.2868879E-6
1.6749796E-7
-1.990375E-6
-1.396736E-7
-4.5478657E-7
-7.346463E-7
-1.2315041E-6
4.3704867E-7
-1.1094863E-6
4.16957E-7
-1.7517831E-6
-8.5182836E-7
-2.4071269E-6
-1.6203534E-6
-2.0843248E-7
-5.868488E-7
-3.212467E-6
-1.2619097E-6
-3.0779095E-6
-1.175207E-6
-7.55391E-7
-1.8261048E-6
-3.3942613E-6
-2.3040689E-6
-2.6690789E-6
3.8387558E-8
-2.5185172E-6
3.5604688E-7
-3.293268E-6
1.4354196E-6
-8.8808486E-7
1.4765902E-6
-2.3059E-6
3.2794858E-6
-1.6217466E-6
3.1763473E-6
1.5334263E-7
2.8663846E-6
-6.493142E-7
4.5341285E-6
-1.1124251E-6
6.1298044E-7
-2.4662033E-6
1.1542451E-6
-2.7372532E-6
2.4696194E-6
-2.1289134E-6
3.8722408E-7
-4.1725316E-6
-5.399299E-7
-4.9306127E-6
6.129181E-7
-2.141347E-6
-3.3257717E-7
3.5849357E-7
3.3970255E-6
7.2360365E-7
2.1315263E-6
1.9731276E-6
1.70264E-6
9.610199E-7
3.1497252E-6
3.360235E-6
5.9796307E-6
4.469165E-6
4.277154E-6
1.1818453E-6
3.2975577E-6
-8.103443E-7
7.942397E-7
2.3084333E-6
1.6514689E-6
-2.015225E-6
-1.026476E-6
-3.020305E-6
-1.1166006E-6
-6.940461E-6
-3.6708798E-6
-6.0429265E-6
-6.194359E-7
-5.5405535E-6
-3.7977952E-6
-5.677347E-6
-7.9119644E-7
-2.7701747E-6
1.2246628E-6
-1.5113764E-6
3.8697144E-6
2.2662896E-6
4.364238E-6
3.4229404E-6
6.752213E-6
3.263385E-6
3.10041E-6
3.9517713E-6
6.67572E-6
4.4242233E-6
1.5786287E-6
2.2461534E-6
-3.3626268E-6
-2.2553022E-6
2.2341972E-6
-4.5253187E-6
-3.1534087E-6
-5.04552E-6
-6.670868E-6
-3.2628532E-6
-6.2253484E-6
-4.7445346E-6
-3.2451396E-6
-1.1103466E-6
-9.786439E-7
-5.246345E-6
-2.6240677E-6
-1.4108324E-6
1.5475854E-6
-2.1790638E-6
2.2824377E-6
8.1753655E-7
4.222736E-6
3.6431131E-6
5.5847086E-6
5.7853745E-6
6.48553E-6
5.632339E-7
7.7724835E-6
9.645238E-7
9.913612E-6
-2.2494073E-6
5.2685073E-6
4.1003436E-6
4.244577E-6
5.0294652E-6
5.945841E-6
2.9212512E-7
7.4474483E-6
5.4434922E-6
6.697053E-6
2.9399303E-7
5.2243163E-6
3.698857E-6
1.0270011E-5
5.2774624E-7
4.687845E-6
5.344516E-6
3.851289E-6
6.7546457E-6
9.380383E-7
2.3579183E-7
-2.6572284E-6
-2.4864426E-6
-6.5304957E-6
-3.0921974E-6
9.302625E-9
-3.1227466E-6
-8.727451E-6
-4.3607947E-6
-7.671936E-6
-7.95495E-6
-5.183818E-6
-7.985419E-6
-3.5518901E-6
-4.172297E-7
2.4092537E-6
-2.3136892E-7
7.0604683E-6
-1.576623E-6
1.6782808E-5
3.5761843E-6
-1.0863994E-6
-5.123539E-6
1.5110558E-5
1.1904457E-5
7.1722047E-6
1.6893954E-6
9.362441E-6
-4.377461E-6
1.8822254E-6
-4.2178243E-7
8.458949E-6
-1.123091E-5
-4.976805E-6
-1.38786045E-5
-6.473176E-6
-1.1782563E-5
-4.042194E-6
-1.4281503E-5
-1.0930757E-5
-1.6775046E-5
-1.887566E-5
-1.4625269E-5
-6.565404E-6
-4.63316E-6
-9.493029E-6
-1.6368115E-6
2.2514762E-6
3.653994E-6
1.8946531E-6
-3.425124E-6
1.5232795E-6
-8.909146E-6
2.4752767E-6
1.0422702E-6
8.282593E-6
-1.7533151E-6
1.063659E-5
-2.7376816E-6
1.0883963E-5
-1.4517492E-5
-2.9374803E-6
-1.7676344E-7
5.870334E-6
-1.0568369E-5
1.7890954E-6
-1.36187555E-5
-6.506645E-6
-2.52185E-5
9.3864867E-7
-5.362862E-6
-3.2551895E-6
-1.2566679E-5
1.0322624E-5
-6.0000075E-6
1.14815975E-5
-1.206036E-5
5.1571055E-7
-1.6435762E-7
-5.990281E-6
-5.7386565E-6
1.5643417E-6
-3.0582544E-6
6.008451E-6
-6.1748838E-6
5.088155E-6
-1.0312865E-5
-2.3496295E-7
1.9655229E-6
-3.5759722E-6
-1.435354E-6
-4.0954117E-7
1.5503257E-6
8.938708E-6
-1.527165E-5
3.138048E-6
-4.452248E-6
3.345502E-6
2.3800537E-6
1.2203259E-5
-3.9948463E-6
1.6852411E-5
-1.0935078E-5
6.47255E-6
-1.47823885E-5
7.266061E-6
-5.14133E-6
1.5388472E-5
-1.784896E-5
-8.503019E-7
-2.3728591E-5
7.81138E-6
-2.0315547E-5
-3.2048587E-7
-1.7748893E-5
-1.0636168E-5
-4.0734256E-5
-4.585094E-6
-2.390188E-5
-5.0224508E-6
-1.8298371E-5
-5.4220313E-6
-6.451582E-6
-7.710521E-6
-1.0371951E-5
6.3835216E-8
-8.557836E-6
1.0497231E-5
4.9289324E-6
7.5110734E-6
-5.993487E-6
5.6721187E-6
-3.138305E-6
1.8908331E-5
-1.3117947E-5
7.068389E-6
-8.587032E-6
-1.10753435E-5
-1.0772809E-5
-9.713456E-6
-1.7517825E-5
-7.408892E-6
-2.375734E-5
6.852318E-7
-3.9458795E-5
1.6165317E-6
-1.4822055E-5
-1.1039341E-5
-4.2699594E-5
-3.6674658E-6
-3.5683384E-5
1.1148559E-5
-4.2960743E-5
2.3871675E-7
-1.0407148E-5
1.28995725E-5
-6.478561E-6
2.7373888E-5
6.75506E-6
4.239835E-5
1.8563573E-5
3.1116106E-5
-8.244805E-6
1.5787224E-5
1.9191866E-6
5.49469E-6
2.599749E-5
2.5157162E-5
1.735956E-5
3.4414155E-5
-5.2046094E-6
6.4395235E-6
-1.564227E-5
-9.351934E-7
-1.6428914E-5
7.525919E-6
-2.8459757E-5
-9.8714745E-6
-8.853579E-6
1.1651416E-5
-2.0934318E-5
-4.1425434E-8
-3.555765E-5
1.596443E-5
-1.6931106E-5
3.1807183E-5
-4.492518E-6
1.44573605E-5
-1.4195193E-5
1.89559E-5
1.0478375E-7
3.196508E-5
-9.773678E-6
3.2748554E-5
-1.1092607E-5
1.6583508E-5
-4.371138E-6
1.4658223E-5
1.0220875E-6
6.4359992E-6
-3.0604457E-5
4.3344233E-5
-1.1807582E-5
2.1006656E-5
1.9945435E-6
7.1582535E-6
-1.3660132E-5
2.8359225E-5
1.3347788E-5
7.705364E-6
-1.1850613E-5
9.537163E-6
-1.1585641E-5
1.1837635E-5
-1.8883371E-5
8.685352E-6
-1.0669706E-5
-1.0347683E-5
-2.3004246E-5
1.0509807E-5
-1.8099201E-5
-7.707161E-6
-2.1218362E-5
-1.1947803E-5
-3.6000984E-5
-6.6523944E-7
-4.753383E-5
7.913949E-6
-5.138368E-5
-1.722607E-5
-3.8219474E-5
-9.999635E-6
-3.5142293E-6
1.6416145E-5
-3.0662046E-5
2.5200246E-5
-2.0555153E-5
2.3432773E-5
-4.739512E-7
3.386849E-5
9.9578365E-6
2.0226218E-5
-1.914029E-5
2.1821339E-5
-7.982061E-6
3.6201673E-5
3.6667057E-6
2.0349777E-5
-1.8494522E-5
1.2416755E-5
4.3805326E-6
2.3863537E-5
-3.234531E-5
-2.1411435E-5
-3.2305023E-5
-2.2082711E-5
-2.9668407E-5
-1.1363023E-5
-4.3395514E-5
-7.4538775E-6
-1.7364571E-5
-2.4275703E-5
-3.3816046E-5
1.4100272E-5
-5.71367E-6
2.0442943E-5
-2.0408655E-5
2.7653685E-5
-2.5377125E-5
1.6791157E-5
7.032236E-6
1.8858274E-5
3.82359E-7
3.2015487E-5
-1.2446602E-5
4.859559E-5
-9.519432E-6
2.3241395E-5
-9.173856E-6
3.5969842E-5
-1.100226E-5
3.5709196E-5
-7.1130703E-6
2.323076E-5
-2.8398948E-5
3.6956106E-5
-2.9727138E-5
1.070833E-5
-1.7291975E-5
2.2029748E-5
1.5334566E-5
4.926792E-5
-1.3497219E-5
1.0694469E-5
-6.36259E-6
1.3062893E-6
1.3236392E-5
5.0765168E-5
1.3689824E-5
1.5405105E-5
-3.3731023E-5
1.9736255E-5
-3.8303588E-6
1.7029141E-7
-1.9354307E-7
2.4870127E-5
3.8834833E-6
2.943931E-6
-2.2039343E-5
-1.1445674E-5
-4.8134552E-5
1.8306722E-5
-1.626316E-5
2.7509811E-6
-8.856879E-6
1.1687988E-5
-5.2855838E-5
4.7134232E-5
9.421034E-6
3.8478614E-5
-4.862154E-7
2.1075513E-5
-3.9608563E-5
3.403484E-5
-4.203214E-5
6.341706E-5
3.982342E-6
3.226204E-5
-3.8049246E-5
4.976626E-5
-1.8996745E-5
5.825661E-5
1.5346961E-5
3.114445E-5
-3.3550892E-5
2.0202433E-5
-1.03106995E-5
4.667064E-5
2.9489365E-5
1.8355226E-5
-3.7662253E-6
-5.9816534E-6
-3.4253884E-5
4.100288E-5
-4.200018E-6
1.3073811E-5
-2.4911918E-5
7.981079E-6
-4.4732064E-5
3.5966543E-5
-2.7419968E-5
-1.8108171E-6
-2.8096498E-5
-1.6180484E-5
-6.0175807E-5
2.402321E-5
-3.8556842E-5
3.2055188E-5
-8.129243E-6
2.3492164E-5
-4.126884E-5
2.1604983E-5
-3.1969448E-5
3.6981204E-5
-1.3166132E-5
5.2139047E-5
-2.2341552E-5
4.785435E-5
-1.4639243E-5
5.0002785E-5
-2.6499747E-5
5.918483E-5
-1.1104266E-6
6.468067E-5
3.1416545E-5
4.0721767E-5
-5.381493E-5
4.8521697E-6
-6.120067E-6
5.4117263E-5
2.329319E-5
3.3900527E-5
-1.4685506E-5
-2.862817E-6
-2.4116587E-5
4.398076E-5
-2.710093E-5
1.3781813E-5
-1.9268366E-5
-1.3637474E-6
-9.611408E-6
1.4500064E-5
9.806644E-6
1.9242096E-5
-1.4088885E-5
4.4907785E-5
-6.3833295E-7
7.759176E-5
-1.3014694E-6
8.596873E-5
1.4869052E-7
7.356083E-5
-7.489272E-7
9.456349E-5
-2.9119727E-5
1.0364273E-4
-8.957616E-6
1.05009225E-4
-2.5247622E-5
3.7203758E-5
-6.1679435E-5
3.9716393E-5
-2.5304682E-5
1.0214783E-4
-6.450081E-5
1.06312255E-4
-3.2307034E-5
6.49622E-5
-5.9359336E-5
6.695539E-5
-6.766609E-5
8.002083E-5
-4.915967E-5
2.2672837E-5
2.001798E-6
7.361324E-5
-3.553261E-5
5.0964245E-5
-5.4324482E-5
6.964444E-5
1.8119848E-5
1.11937974E-4
-5.219083E-5
3.3959306E-5
-3.3091495E-5
4.8130827E-5
-5.922163E-5
-2.7792294E-6
-1.4432093E-5
4.8109072E-5
-6.951167E-5
2.717644E-5
-7.653006E-5
2.6188074E-5
-6.482586E-5
7.833397E-5
-8.922009E-5
5.9470007E-5
-8.159373E-5
3.3024357E-5
-4.133564E-5
3.1748736E-5
-3.524177E-5
2.6736028E-5
-1.85476E-5
3.701946E-5
-1.7404736E-5
-2.8390536E-5
-4.1006447E-6
-1.7761566E-5
7.26901E-5
-9.2216374E-5
1.6361273E-4
-1.3864272E-4
3.7138394E-4
-4.292378E-4
-0.0013967833
0.0036136934
-0.001817579
-7.69916E-4
-7.1814464E-4
0.0010596359
-4.568907E-4
5.026141E-4
-1.4890213E-5
0.0010578913
-4.581218E-5
-7.489857E-4
-0.0013968751
-0.0010383113
-6.084242E-4
4.970136E-4
0.0010715357
0.0019078202
0.00110542
2.0726613E-4
-7.792213E-4
-8.4921124E-4
-0.0013397959
-6.7808316E-4
-5.5696804E-4
3.757775E-4
1.1340967E-4
3.5993528E-4
-1.8754421E-4
1.2635064E-4
-8.440422E-5
6.894203E-4
9.937357E-5
9.818086E-4
-2.9515973E-4
-7.806045E-4
0.0018669993
-8.6964355E-5
-5.109495E-4
-1.9465695E-4
-2.865311E-4
-1.2324197E-4
6.1325416E-5
-6.644925E-5
-3.4030192E-4
-1.4499089E-4
-3.456369E-4
-4.1589615E-4
-0.0010583674
-6.2317675E-4
-7.5105745E-5
2.551572E-4
4.7753684E-4
8.225798E-4
6.900655E-4
2.5280227E-4
-1.0324208E-4
-2.0848958E-4
-2.6748676E-4
-2.1120792E-4
1.1798159E-4
2.7460066E-4
8.5446154E-5
1.356392E-4
8.678719E-5
8.541119E-5
9.449915E-5
2.4199938E-4
3.2159672E-4
2.1261582E-4
1.41877E-4
3.177196E-5
1.3338143E-4
1.8334771E-4
9.8826185E-6
-1.2314468E-4
-2.6389162E-4
-5.325806E-4
-5.423921E-4
-6.1383867E-4
-4.1689316E-4
-1.6725677E-4
-6.066702E-5
-1.973829E-5
-5.393822E-5
-3.6816273E-4
-3.6215034E-4
-3.2931997E-4
-1.581333E-4
-3.700965E-5
2.8898328E-4
2.722146E-4
2.8077626E-4
2.2506143E-4
1.7350205E-4
1.252234E-4
3.0169246E-4
2.860983E-4
2.656858E-4
3.5909217E-4
3.4171858E-4
2.7724964E-4
2.7723852E-4
1.0237966E-4
6.447666E-5
8.725234E-5
8.957964E-5
1.8666024E-4
1.3743888E-4
1.30628E-4
5.3875734E-5
-5.061661E-5
-2.4175283E-4
-3.0713752E-4
-2.6924265E-4
-1.863299E-4
-7.2152405E-5
1.342523E-4
5.8767237E-5
-9.897864E-6
-1.6294475E-4
-2.2827243E-4
-3.485692E-4
-1.8571835E-4
-7.064133E-5
6.195348E-5
1.4209772E-4
9.656315E-5
-1.0471591E-5
-1.3820521E-4
-1.3315315E-4
2.8192853E-5
6.37822E-5
1.5933617E-4
2.0840828E-4
1.743734E-4
1.3302943E-4
-2.6097505E-6
6.3101675E-6
-3.2315555E-5
5.3994616E-5
2.0185694E-4
2.452731E-4
1.7841371E-4
1.3865384E-4
3.8188922E-5
-6.9015674E-5
-7.31349E-5
-1.17073805E-5
-1.8659926E-5
1.185507E-4
1.0864282E-4
4.5775472E-5
-1.110841E-5
9.932256E-6
-2.984894E-5
6.9358925E-5
6.364737E-6
7.790627E-5
2.7949922E-5
8.923253E-6
-8.496554E-5
3.883716E-5
-6.183426E-5
-2.5341599E-6
-8.271993E-5
1.116645E-5
-1.2283467E-4
3.0010377E-5
-1.7567837E-4
-2.1865264E-5
-9.486659E-5
4.2564963E-5
-9.510197E-5
7.9769125E-5
-2.6152376E-4
-4.2012454E-7
-1.7412895E-4
1.0013593E-4
-9.7975644E-5
1.18624994E-4
-9.404777E-5
8.821681E-5
-1.5083762E-4
5.0017363E-5
-2.1960822E-4
4.2271586E-5
-1.5950635E-4
1.3456862E-4
-1.0629842E-4
1.3385924E-4
-1.6497234E-4
9.352466E-5
-1.9925111E-4
7.8233876E-5
-7.8563244E-5
2.0109353E-4
1.2581353E-5
1.9913014E-4
-2.1325952E-5
1.2882442E-4
-2.4060406E-5
1.8390852E-4
4.816903E-5
2.1018907E-4
9.271362E-5
1.21679215E-4
-3.0597577E-5
5.9283084E-5
-9.7370896E-5
8.703219E-5
-3.2514876E-5
1.8618965E-4
1.1300611E-5
2.0541901E-4
1.1221956E-5
9.321624E-5
-2.47896E-5
6.923704E-5
-1.9538315E-5
1.533296E-4
7.181817E-7
1.4559021E-4
-6.624316E-6
1.1552351E-4
1.0735965E-5
4.8959155E-5
-7.6211705E-5
4.919241E-7
-8.031506E-5
6.614039E-5
-1.3271511E-4
5.2577543E-5
-9.544998E-5
5.9183265E-5
1.2995764E-5
7.82267E-6
-7.511546E-5
1.1508587E-4
3.3441982E-5
8.189839E-5
3.3731707E-5
1.308001E-4
5.135956E-5
1.1070507E-4
3.939715E-5
3.130016E-5
-1.2243287E-4
2.1343938E-5
-1.2156515E-4
1.2831801E-5
-1.8070076E-4
4.9430688E-5
-1.0816669E-4
3.1984484E-5
-1.3890555E-4
1.6211428E-5
-1.20305456E-4
1.8680467E-4
-8.220671E-5
8.659271E-5
-1.2904349E-4
6.7716755E-5
-1.4256245E-4
-1.2938778E-5
-1.6036825E-4
-4.4772057E-7
-1.5171341E-4
-1.0274972E-4
-4.8820543E-4
5.331202E-4
-2.9338244E-4
-1.7960391E-4
-4.2890685E-4
2.1305754E-5
-1.0152507E-4
2.0853929E-4
-1.1377481E-4
1.1957955E-4
-1.7659953E-4
5.4155786E-5
-1.027352E-4
7.929053E-5
-9.6151554E-5
2.1949343E-4
-3.086341E-5
5.4194803E-5
1.579516E-4
-2.1901945E-4
3.0624185E-4
9.369873E-5
-4.4715984E-5
-3.0755537E-4
-3.7303555E-4
-1.8208454E-4
8.810128E-5
4.374029E-4
1.2535315E-4
1.4611197E-4
-1.14918206E-4
3.2201404E-4
-1.0760502E-4
-9.4490315E-5
-3.0555783E-4
-2.4015896E-4
-5.1280507E-4
-2.9634632E-4
-1.7426796E-4
1.0255034E-4
-3.7580263E-4
-1.8172043E-4
-1.9468049E-5
-3.1533342E-5
-2.4629704E-4
-4.0647938E-5
-1.7660385E-4
4.3377883E-4
2.0283811E-4
2.9942836E-4
-2.3976936E-4
1.2371648E-4
-1.5895076E-4
7.484265E-5
-2.5312023E-4
3.3820357E-5
-1.9601813E-4
7.094663E-7
-2.2657948E-4
9.51124E-6
-2.2140451E-4
-2.93966E-5
-5.7014666E-5
3.9276882E-4
3.5167416E-4
6.207091E-4
3.887508E-4
7.3745736E-4
3.8035924E-4
5.443246E-4
2.5700472E-4
4.469555E-4
1.5802108E-4
3.1211996E-4
6.9417746E-7
1.2272561E-4
-1.9428565E-4
1.2172439E-4
-1.6258883E-4
6.2415143E-6
-2.4677507E-4
7.6575285E-5
-3.218739E-4
-2.0013818E-5
-3.0467982E-4
-7.047077E-5
-2.962901E-4
1.0375645E-4
-1.26254E-4
1.3159881E-5
-1.9018071E-4
7.913885E-6
-2.0010785E-4
4.6137895E-5
-2.1656719E-4
2.0832225E-5
-5.956734E-5
1.9273795E-4
1.0629987E-4
2.7747574E-4
8.299755E-5
2.3732868E-4
7.187762E-5
2.550769E-4
1.5589077E-4
2.9929678E-4
1.514192E-4
3.129809E-4
9.5628115E-5
1.811904E-4
-3.9391165E-5
4.3375403E-5
-7.722348E-5
1.2015356E-4
-8.148741E-5
6.3848434E-5
-1.4951531E-4
-4.5152377E-5
-2.6595112E-4
-3.531343E-5
-2.9690767E-4
3.4971097E-5
-3.3670652E-4
-8.7029075E-5
-4.1722163E-4
-1.80431E-4
-4.3741427E-4
-2.013381E-4
-3.918759E-4
-1.4281659E-4
-3.4700774E-4
-7.024568E-5
-2.7480166E-4
-1.3321365E-4
-4.1768324E-4
-1.2711751E-4
-3.0141507E-4
-5.7965237E-5
-1.0702324E-4
8.556827E-5
-3.1252774E-5
3.4618093E-5
3.1414784E-5
5.9666418E-5
1.2273668E-5
1.5164734E-4
1.9024078E-4
1.5696562E-4
2.1402807E-4
2.551448E-4
2.1171903E-4
1.5618623E-4
2.074558E-4
1.5878526E-4
1.9222792E-4
1.9667714E-4
1.7119001E-4
1.7560348E-4
1.0255795E-4
1.15555755E-4
-8.9495225E-5
9.399713E-5
7.61386E-5
1.6555964E-4
-8.244677E-5
-9.035005E-5
-1.9867539E-4
-1.07044114E-4
-2.807899E-4
-1.3864302E-4
-3.3569042E-4
-2.516709E-4
-3.1074812E-4
-2.1265681E-4
-3.8730016E-4
-2.9644003E-4
-3.670197E-4
-2.799094E-4
-4.1876553E-4
-1.9960041E-4
-3.3551877E-4
-1.6798214E-4
-2.8112574E-4
-1.7599104E-4
-1.5184886E-4
-1.3681408E-4
-8.6208805E-5
2.7198505E-5
2.3519462E-5
4.900976E-5
8.0006364E-5
6.35313E-5
1.7195259E-4
1.8357122E-4
3.273284E-4
2.4770404E-4
2.4959372E-4
2.142839E-4
2.3293863E-4
3.4226984E-4
2.6816365E-4
3.1805257E-4
2.870733E-4
3.6040536E-4
2.8969056E-4
3.298464E-4
2.627786E-4
2.890728E-4
1.3460041E-4
2.8669398E-4
1.1789205E-4
2.613881E-4
4.7067108E-5
9.3232666E-5
-1.0431779E-4
5.382494E-5
-1.0371488E-4
9.031072E-5
-3.706283E-5
4.72272E-5
-3.174073E-5
3.271264E-5
-2.9014076E-5
9.4852614E-5
7.3191486E-6
1.198843E-5
-1.9248439E-5
1.4126096E-5
-2.135015E-5
8.202305E-5
-7.107907E-5
5.7799723E-5
8.18659E-5
6.200737E-5
1.04074774E-4
4.22878E-5
5.3196774E-5
1.441713E-4
5.4857926E-5
6.703168E-5
1.2303083E-4
2.3081766E-4
7.53937E-5
9.7572774E-5
5.951273E-5
1.6364905E-4
4.8590075E-5
1.346907E-4
4.6071684E-5
7.662081E-5
-4.7224483E-5
1.7049583E-6
-6.3960574E-6
1.1174378E-4
-4.826867E-5
5.2172927E-5
-3.5802794E-5
-3.5971232E-5
-9.617131E-5
1.7901357E-5
-4.629731E-5
7.0237E-5
-4.394882E-5
5.822864E-5
-2.8222792E-5
7.833272E-5
9.864452E-6
1.1329718E-4
3.333124E-5
1.07881664E-4
2.0682048E-4
2.0830592E-4
2.109116E-4
2.3025859E-4
2.6773638E-4
3.0937756E-4
2.8655378E-4
3.4132018E-4
3.219977E-4
3.3009026E-4
2.7675962E-4
2.869449E-4
2.6625057E-4
2.6760815E-4
1.9926761E-4
2.6515583E-4
9.191368E-5
1.6605726E-4
1.1583722E-4
1.388878E-4
3.7550617E-5
2.5048594E-5
-9.2678245E-5
-3.5888854E-5
-1.9414835E-4
-8.843451E-5
-1.4140247E-4
-2.2821882E-4
-3.255268E-4
-3.1929565E-4
-3.0747513E-4
-3.19626E-4
-5.12895E-4
-2.0945907E-4
-3.5062927E-4
-2.3950673E-4
-3.6101087E-4
-3.062102E-4
-3.5776617E-4
-2.457631E-4
-2.7558563E-4
-2.0311424E-4
-2.4963505E-4
-1.5096847E-4
-1.1050013E-4
-1.5118173E-5
4.4558397E-5
-5.954461E-5
4.83432E-5
2.5829619E-5
1.5178566E-4
1.6466225E-4
1.11166155E-4
1.5740881E-4
1.9650527E-4
1.5578546E-4
7.929302E-5
7.45643E-5
1.0418208E-4
1.06267005E-4
1.2427219E-4
5.691344E-5
6.4560977E-6
6.970606E-5
1.3788568E-5
1.634651E-4
2.7814229E-5
6.833224E-5
2.6854674E-5
5.2439896E-6
-5.1544226E-5
1.8018343E-5
-2.0600932E-4
-1.2456111E-5
-4.3151515E-5
-7.828868E-6
-1.0474557E-4
-4.8706654E-5
-1.8573107E-4
-1.0401045E-4
-1.9008569E-4
-9.878047E-5
-2.300058E-4
-1.3747743E-4
-2.1056017E-4
-1.1823794E-4
-1.6535346E-4
-4.146993E-5
-8.176093E-5
-1.1319245E-4
-1.2754313E-4
-1.19440214E-4
-7.1481125E-5
-9.094286E-6
-7.934955E-5
-3.208403E-5
-8.4868676E-5
-1.5602815E-4
2.3421051E-5
-3.928995E-5
-5.82651E-5
-1.0355059E-4
-1.0291704E-4
-1.4358465E-4
-1.4005892E-4
-1.2840358E-4
-1.4841295E-4
-1.4665231E-4
-1.7330468E-4
-4.838983E-5
-2.0012802E-4
-1.8884057E-4
-1.3751868E-4
-1.7524889E-4
-2.4676922E-4
-1.6137247E-4
-2.9437436E-4
-1.8864004E-4
-2.3446025E-4
-1.6040495E-4
-1.5946732E-4
-6.8600915E-5
-1.3182896E-4
-8.0822836E-5
5.2200743E-5
1.124354E-4
3.9177346E-5
-6.0732164E-6
2.162605E-4
1.8440474E-4
2.7723762E-4
1.4487366E-4
2.5372664E-4
3.1541506E-4
3.2924084E-4
2.0229927E-4
2.3958605E-4
-5.3453045E-5
3.0295172E-4
3.316687E-4
3.7863269E-4
2.3439164E-4
5.765012E-5
3.2885929E-4
4.62737E-4
3.644325E-4
1.8585577E-4
2.0647494E-4
2.594235E-4
1.1947322E-4
1.7376477E-4
1.4043725E-4
1.057632E-4
7.91678E-5
2.4318282E-5
-2.5110972E-5
-9.263143E-5
2.5640193E-5
-2.2113124E-4
1.364056E-4
1.810141E-5
-1.1490296E-5
-1.03494036E-4
-1.1769415E-4
-2.2435156E-4
-2.624105E-4
-1.1592837E-4
-1.9360178E-4
-1.4844812E-4
-1.2019568E-4
-1.15181414E-4
-2.281684E-4
-1.3064283E-4
-2.3660752E-4
-8.403788E-5
-2.522303E-4
-2.6544238E-5
-4.076667E-5
6.006568E-5
-2.3028842E-6
1.7027577E-4
8.569692E-5
1.8253259E-4
1.1584441E-4
2.321847E-4
2.8431314E-4
3.1837507E-4
1.0953631E-4
2.0513055E-4
2.3536629E-4
2.852482E-4
3.4703957E-4
5.1164377E-4
4.9486256E-4
4.179518E-4
4.115126E-4
3.3535354E-4
3.1433036E-4
3.3838023E-4
3.8459626E-4
3.3266135E-4
2.9149873E-4
3.6298178E-4
2.7058978E-4
2.0628129E-4
2.6209603E-4
2.6712538E-4
2.880477E-4
1.2400611E-4
3.1590628E-4
2.7784662E-4
1.8925853E-4
7.744156E-5
5.1386312E-5
1.11982525E-4
-2.2649836E-5
4.708145E-5
-4.324994E-6
-4.0268576E-5
1.2453028E-4
-6.6408866E-6
1.3564682E-5
4.949702E-5
4.6130717E-5
5.518537E-5
2.8545232E-5
6.95027E-5
-3.157922E-5
2.2551867E-4
1.0839663E-5
6.6037566E-5
8.203448E-5
1.46408E-4
-1.5476297E-5
3.057217E-5
1.1703802E-4
2.566342E-4
1.6830748E-4
3.608469E-5
1.0047636E-4
1.7755924E-4
2.847891E-4
5.713871E-5
3.1087257E-4
3.1796354E-4
2.5560855E-4
1.0772483E-4
1.608141E-4
1.1251386E-4
1.0662792E-4
9.7852906E-5
3.3890785E-4
3.3649514E-4
2.4790337E-4
1.8622079E-4
2.1713697E-4
-3.1471027E-5
-9.38822E-5
1.2658136E-4
2.3020792E-4
3.1015507E-4
2.4009828E-4
2.4754446E-4
7.851962E-5
2.9425984E-5
6.930454E-6
2.8398275E-4
3.040549E-4
3.064801E-4
2.7897212E-4
2.2188497E-4
6.36182E-5
1.4356142E-4
1.2294899E-4
1.12599766E-4
6.126206E-5
6.494608E-5
1.0599098E-4
-1.4906476E-5
-1.1843045E-4
-1.6254387E-5
4.4188437E-6
-1.4536856E-6
-9.522006E-5
-9.595781E-5
-1.1884539E-4
-2.7922384E-4
-2.719531E-4
-2.4413306E-4
-2.496739E-4
-3.4700838E-4
-3.1570427E-4
-4.5527506E-4
-4.9063424E-4
-4.3400776E-4
-4.8937945E-4
-5.116552E-4
-5.0301704E-4
-4.6316945E-4
-4.533177E-4
-5.655724E-4
-5.802394E-4
-5.1456166E-4
-5.3689117E-4
-5.025817E-4
-4.1052626E-4
-4.1094108E-4
-5.2578066E-4
-3.2064848E-4
-3.1710925E-4
-2.4129506E-4
-2.4592044E-4
-8.966686E-5
-1.3342951E-4
-1.3863112E-4
7.993818E-5
1.930049E-5
2.477524E-6
1.11954825E-4
2.0794809E-4
1.5764046E-4
1.9627922E-4
1.9833971E-4
2.0786101E-4
2.087162E-4
3.7404962E-4
2.7025343E-4
3.636087E-4
2.1205019E-4
2.0576926E-4
2.2230497E-4
1.8958167E-4
-8.2528786E-5
-9.7917364E-5
-5.504087E-6
1.0496455E-4
7.1738934E-5
1.4660053E-4
-8.805706E-5
-1.3671747E-4
-3.1012637E-4
-2.3890541E-4
-3.6773665E-4
-2.146115E-4
-2.9982507E-4
-3.4804735E-4
-3.1217482E-4
-4.906936E-4
-4.8326468E-4
-4.9834134E-4
-4.4703786E-4
-4.2619044E-4
-3.9154317E-4
-4.2580641E-4
-2.1877799E-4
-4.5895463E-4
-4.526906E-4
-4.606212E-4
-4.4749898E-4
-3.954452E-4
-4.006964E-4
-4.135605E-4
-4.262692E-4
-3.2524735E-4
-3.4320547E-4
-1.9781798E-4
-1.45615E-4
-1.2431983E-4
-3.0642448E-5
4.3636905E-5
-7.2277086E-5
-4.574721E-5
4.601125E-5
1.1782414E-4
2.2666648E-4
2.1070892E-4
7.5910284E-5
1.1607139E-4
1.00572346E-4
2.8364171E-5
-1.6671536E-5
8.475866E-5
2.1799044E-5
1.2543944E-4
1.080726E-4
8.941043E-6
6.299841E-5
1.3222036E-4
5.852888E-5
9.798352E-5
7.156423E-5
-5.0726532E-5
1.0696892E-4
8.753159E-5
1.2873742E-5
-9.392648E-5
-4.7355476E-5
-4.4532284E-5
-1.2436313E-4
-6.658306E-5
-3.4501765E-5
-3.3277993E-5
-4.024978E-5
-1.1236212E-5
-4.1321135E-5
-9.712935E-5
-1.4815504E-4
-1.2567607E-4
-1.712844E-4
-1.2716299E-4
-2.2367935E-4
-2.0008838E-4
-3.323098E-4
-3.8219529E-4
-3.7085882E-4
-3.3965014E-4
-3.3722477E-4
-3.2724024E-4
-4.9904943E-4
-4.0085491E-4
-5.5257534E-4
-4.230938E-4
-4.617397E-4
-3.5404987E-4
-4.3428334E-4
-4.032929E-4
-4.1870528E-4
-3.5526388E-4
-4.0048605E-4
-3.3447804E-4
-3.4543363E-4
-1.7971742E-4
-2.1872685E-4
-1.3858794E-4
-7.7663026E-5
-8.0656304E-5
-2.923922E-5
4.6907426E-5
1.8528624E-5
7.107368E-5
1.2249024E-4
2.0233619E-4
3.0842208E-4
2.6916803E-4
3.7103187E-4
3.9756825E-4
5.1283184E-4
4.9424224E-4
4.594679E-4
5.012451E-4
4.9540494E-4
6.012163E-4
6.474092E-4
6.9250853E-4
6.416933E-4
5.9212255E-4
5.473645E-4
5.9018726E-4
5.4434437E-4
4.432042E-4
3.790606E-4
5.617709E-4
4.1079143E-4
3.6799553E-4
3.0328403E-4
3.4597423E-4
3.2280287E-4
1.8742862E-4
9.725771E-5
4.8902024E-5
4.0780138E-5
-6.2742265E-6
1.4706756E-6
-9.231546E-5
-1.0052896E-4
-1.4468325E-4
-2.445636E-4
-3.3282125E-4
-1.6631145E-4
-3.326166E-4
-3.225611E-4
-3.0130363E-4
-2.3784876E-4
-2.5249508E-4
-2.032464E-4
-3.0804318E-4
-1.2615167E-4
-1.9137713E-4
-1.012383E-4
-1.14971044E-4
-1.8886478E-5
-3.7393685E-5
1.1926271E-4
6.737345E-5
1.09966124E-4
1.2337655E-4
1.9833609E-4
2.3337289E-4
3.1864503E-4
3.8963245E-4
3.7700954E-4
4.2993037E-4
5.0605653E-4
4.6628676E-4
4.939851E-4
5.8787066E-4
5.0400716E-4
5.806131E-4
6.0708803E-4
6.1565597E-4
5.788504E-4
6.692318E-4
6.49597E-4
5.825999E-4
6.375704E-4
6.3172006E-4
5.351054E-4
5.473421E-4
5.4975285E-4
4.1367416E-4
5.1045255E-4
4.3088364E-4
4.5484668E-4
4.1108337E-4
4.900001E-4
2.693417E-4
3.1435458E-4
1.9922665E-4
3.4905915E-4
1.6533202E-4
9.997275E-5
-1.6441432E-5
1.2928019E-4
-7.056443E-6
1.2465574E-5
-8.282165E-5
8.921368E-7
-4.1947842E-5
-3.2456937E-5
-5.3996864E-5
-2.3255959E-4
-1.7951928E-4
-1.7819267E-4
-2.2325433E-4
-1.7124401E-4
-1.5804828E-4
-1.5939625E-4
5.8477E-7
-2.175932E-4
-7.703234E-5
-1.7956893E-4
1.5705156E-5
-1.2078562E-4
-6.338627E-5
-1.4316026E-4
-1.12282614E-4
-1.0661674E-4
-8.656659E-6
-1.6026277E-4
-6.065281E-5
1.7664883E-4
2.499746E-4
2.4075864E-4
9.9473094E-5
2.5249858E-4
1.844897E-4
2.959447E-4
1.306051E-4
3.878055E-4
2.2164626E-4
3.8383086E-4
2.5237145E-4
2.3331767E-4
2.930377E-4
3.9044107E-4
2.4390321E-4
2.8887435E-4
2.9220944E-4
3.7162658E-4
2.535696E-4
2.6615636E-4
2.4292179E-4
1.6136991E-4
2.645127E-5
1.8487815E-4
1.0264984E-4
1.045302E-4
-1.5147253E-5
-4.0053197E-5
-7.733672E-6
-2.3050666E-4
-1.393595E-4
-1.4738139E-4
-1.9670681E-4
-2.1794174E-4
-2.783166E-4
-3.7883787E-4
-3.100264E-4
-3.1778152E-4
-2.327963E-4
-3.0492508E-4
-3.995878E-4
-3.706939E-4
-4.9868773E-4
-4.1162752E-4
-4.51894E-4
-4.5231602E-4
-3.712813E-4
-3.654436E-4
-4.0486868E-4
-2.8587988E-4
-4.4651187E-4
-2.830863E-4
-4.315744E-4
-2.688251E-4
-3.908783E-4
-1.1208232E-4
-2.6962702E-4
-2.424082E-4
-2.8389538E-4
-2.1514697E-4
-2.930813E-4
-1.19600394E-4
-1.8404893E-4
-1.2496545E-4
-1.0032402E-4
-1.6421123E-5
-7.502793E-5
-4.125766E-5
-9.301401E-6
-1.4256994E-5
1.2263088E-4
1.5213631E-5
5.7455876E-5
1.1704201E-4
1.5573778E-4
1.3788672E-4
2.2632521E-4
2.2750522E-4
2.7098882E-4
1.9427475E-4
2.4005026E-4
2.5890802E-4
2.5445115E-4
2.7765674E-4
2.70816E-4
3.1317997E-4
2.5389547E-4
2.443754E-4
1.3891068E-4
2.3034941E-4
1.7429932E-4
2.1567465E-4
7.499166E-5
1.4136534E-4
-4.6082928E-7
1.19557255E-4
-3.2342E-5
8.028373E-5
-8.666225E-5
-4.084367E-5
-2.8268687E-4
-2.3798592E-4
-2.9901427E-4
-2.390555E-4
-2.2925205E-4
-2.9929445E-4
-2.77127E-4
-3.9168113E-4
-3.46903E-4
-4.0643715E-4
-4.197755E-4
-4.0498874E-4
-3.4534966E-4
-2.8441945E-4
-4.0686797E-4
-4.913849E-4
-4.076964E-4
-4.5654876E-4
-2.976419E-4
-3.7624856E-4
-1.775759E-4
-3.187071E-4
-2.728542E-4
-2.994044E-4
-2.1426487E-4
-1.705333E-4
-1.18275864E-4
-4.1206873E-5
-9.230265E-5
-4.7654194E-5
1.0144779E-4
7.336431E-5
6.476251E-5
6.719935E-5
2.1259853E-4
1.4342437E-4
1.4799189E-4
2.4710156E-4
3.1816246E-4
1.793591E-4
3.518888E-4
3.1759185E-4
1.8705221E-4
2.7103437E-4
2.6325491E-4
2.3826773E-4
2.2721011E-4
2.732165E-4
2.365185E-4
1.456601E-4
7.7922305E-5
3.4829734E-6
3.9399725E-5
-3.2383894E-5
5.287791E-5
-1.5579597E-5
-1.6071523E-5
-1.2474005E-4
-1.651968E-4
-1.912079E-4
-1.15527306E-4
-2.2610002E-4
-1.8630248E-4
-2.634742E-4
-2.0381765E-4
-3.1946748E-4
-2.1785508E-4
-3.284908E-4
-3.18474E-4
-3.982995E-4
-3.3437271E-4
-3.6302005E-4
-3.53101E-4
-3.960012E-4
-3.1456846E-4
-2.3217963E-4
-2.410268E-4
-2.0697848E-4
-2.7247219E-4
-1.5417524E-4
-1.8203563E-4
-1.1741995E-4
-1.733566E-4
-8.4365485E-5
-1.0167951E-4
1.9670183E-6
-2.3225682E-6
9.221353E-5
7.216223E-5
1.0384985E-4
1.8667257E-4
7.598104E-5
1.6405842E-4
1.2352287E-4
2.0707406E-4
1.4179814E-4
1.6097134E-4
7.624614E-5
1.6069315E-4
1.5679194E-4
1.1249304E-4
1.418199E-4
1.4590035E-4
6.484369E-5
1.5150131E-4
1.2656454E-4
1.6895284E-4
4.399597E-5
-4.8932616E-5
2.6297716E-5
-2.3053784E-5
5.3795953E-5
-1.8918183E-5
-1.3302266E-5
-8.2297214E-5
1.7892564E-5
-4.145343E-5
-2.9588653E-5
-9.654656E-5
3.926379E-5
-6.76421E-5
-4.691075E-5
-1.23567E-4
8.316658E-6
-4.815856E-5
-6.6131815E-6
-8.439124E-5
-8.699041E-5
3.61455E-5
3.6853748E-5
-8.5263747E-7
-4.1313982E-5
-5.4693068E-5
-1.0333722E-5
-1.1112309E-4
-4.5316363E-5
-6.9239155E-5
-8.3546816E-5
-1.6654428E-4
-1.18211365E-5
-3.6095327E-5
-1.3591991E-4
-7.5078126E-5
-1.7860196E-4
-2.032331E-4
-1.8350594E-4
-1.4816753E-4
-7.6766824E-5
-1.1212894E-4
-1.5353027E-4
-1.2988433E-4
-1.319211E-4
-1.3621824E-4
-8.324749E-5
-1.04227665E-5
-7.652879E-5
-1.10621615E-4
-4.021283E-5
2.9194674E-5
-7.3941696E-6
1.0191627E-5
1.1713184E-4
1.228325E-4
1.0640878E-4
6.415241E-5
1.188725E-4
8.890651E-5
1.3411081E-4
1.6134702E-4
1.9451095E-4
9.620378E-5
2.3313286E-4
1.8649249E-4
3.0353057E-4
2.837344E-4
2.7459287E-4
1.4456993E-4
2.508046E-4
2.8509594E-4
2.8462586E-4
2.8173756E-4
2.4795128E-4
1.6907004E-4
1.97808E-4
2.0108279E-4
1.7950518E-4
2.2336276E-4
2.2753644E-4
1.7941253E-4
2.0219735E-4
1.5249773E-4
7.322803E-5
1.354742E-4
2.5989038E-5
5.1101906E-5
1.742041E-5
-2.1906351E-5
1.2744432E-5
-1.2728895E-4
-3.107657E-5
-4.9037694E-6
-1.13328126E-4
-2.2732784E-5
6.748487E-5
-6.5040313E-6
-5.458189E-5
-7.727501E-5
3.6200323E-5
-1.7111334E-4
4.283939E-6
-1.1693846E-4
6.374935E-5
-6.99098E-5
9.3412666E-5
-3.8809205E-5
3.247874E-5
1.3014015E-5
1.7224698E-4
1.3198625E-4
1.4954375E-4
1.6173407E-4
2.0276866E-4
2.553963E-4
2.2297584E-4
3.119501E-4
3.3185107E-4
2.4009065E-4
2.5850572E-4
3.3178623E-4
2.6337817E-4
2.2785999E-4
2.2187622E-4
2.3965171E-4
2.2273001E-4
2.7949963E-4
2.0233898E-4
2.4380971E-4
2.1062048E-4
2.1673794E-4
2.0813674E-4
2.7990577E-4
2.2534128E-4
2.2556238E-4
1.422852E-4
1.5785736E-4
2.014066E-4
1.3441447E-4
1.9247521E-4
7.628954E-5
8.899623E-5
4.702036E-5
1.8161825E-4
5.681151E-5
1.2683783E-4
-4.8240723E-5
4.2435324E-5
-1.240901E-4
-3.6484627E-5
-1.4886443E-4
5.043767E-6
-1.1278527E-4
-1.4516793E-4
-1.2232574E-4
5.2016156E-5
-1.1720876E-4
-9.568807E-5
-4.3717104E-5
-1.258804E-4
-2.1672322E-4
-1.5182988E-4
-8.805021E-5
-1.07465574E-4
-5.6116798E-5
-1.1319962E-4
-2.0500613E-4
-1.5836049E-4
-6.451455E-5
-5.7825542E-5
-1.3730847E-4
-3.594248E-5
-1.0409787E-4
7.2836425E-5
1.792659E-5
-6.118044E-5
-9.90803E-5
4.0208026E-5
-3.4647535E-5
-3.7572674E-5
-3.6568188E-5
-8.529926E-6
-9.3609466E-5
8.960828E-5
-1.236113E-4
5.9197882E-5
2.8232274E-5
1.1588384E-4
-9.1021284E-5
-9.1279195E-5
-2.3032914E-4
4.0189654E-5
-2.9177896E-5
3.6475707E-5
-3.929806E-5
-3.40359E-5
-8.273759E-5
3.9518407E-5
-1.01898004E-4
-1.5459998E-4
-1.2584755E-4
2.3482091E-5
-5.2075262E-5
-6.327687E-5
-1.9434343E-4
-1.173527E-4
-7.866388E-5
-1.3628473E-4
-1.0411127E-4
-5.84827E-5
-1.4570722E-4
-9.824928E-5
-8.30685E-5
-6.0298615E-5
-8.981159E-5
-1.5415662E-4
-1.4231514E-4
-1.83316E-4
-2.7267987E-4
-1.9439185E-4
-1.7627119E-4
-1.2093991E-5
-1.10298795E-4
-1.0626965E-4
-1.8521582E-4
-2.9702725E-5
-1.8986207E-4
-3.4890836E-5
-1.5109192E-4
-7.085175E-5
-1.597039E-4
-1.022944E-4
-1.5656067E-4
9.64748E-5
-1.932197E-4
-8.319314E-5
-1.7427563E-4
-5.966759E-5
-2.1656521E-4
-5.955977E-5
-1.662928E-4
-1.4646853E-4
-2.7163443E-4
-9.9749865E-5
-1.2863957E-4
-1.6037744E-4
-1.6159272E-4
-9.0976646E-5
-2.1438935E-4
-7.435854E-5
-2.7966737E-5
-1.519167E-4
-1.7158697E-4
-7.468408E-5
-1.5784026E-4
-1.4512625E-4
-1.3189371E-4
-3.491839E-5
-1.1662871E-4
-1.0010117E-4
-9.922139E-5
-1.00562036E-4
-8.024866E-5
-3.5373672E-5
-3.4470813E-5
9.1358575E-5
8.2644E-6
4.763395E-5
-5.6811772E-5
1.1138932E-4
7.2599985E-5
5.4386117E-5
5.224133E-5
9.235618E-5
6.270464E-5
1.8528216E-4
5.5901794E-5
1.2978965E-4
1.0790691E-4
1.8575715E-4
-2.2866982E-6
1.18789474E-4
-4.376015E-5
1.1410289E-5
-7.315187E-5
-3.5105593E-5
-6.804039E-5
4.6976562E-5
-5.4574597E-5
1.2360451E-5
-1.2464791E-4
-4.7698923E-5
-1.3221301E-4
-2.0364666E-4
-1.0231388E-4
7.10684E-6
-6.628724E-5
-1.2499524E-5
-8.2884704E-5
-9.522652E-5
3.9578185E-6
-7.108362E-5
-6.467873E-5
5.6306595E-5
3.927164E-6
-1.8589368E-5
4.644004E-5
1.0389354E-4
5.0322593E-5
1.04312625E-4
1.18091826E-4
1.440257E-4
3.864961E-5
2.1279536E-4
1.9867775E-6
1.7364799E-4
1.6679539E-4
3.877707E-4
1.9052204E-4
2.4609562E-4
2.1052248E-4
3.0351887E-4
1.7900583E-4
2.5363264E-4
1.6145386E-4
2.942048E-4
1.7199347E-4
2.3629083E-4
1.6929342E-4
2.0235892E-4
1.4851351E-4
2.8783872E-4
1.4433653E-4
2.200889E-4
1.3177974E-4
1.5823895E-4
3.3288525E-5
1.0016798E-4
3.4911085E-5
2.0085074E-5
6.474431E-5
1.0940155E-4
1.0666723E-4
9.504673E-5
-2.233132E-5
6.217005E-5
1.17448784E-4
8.268605E-5
-2.9819863E-5
6.786023E-5
2.177709E-6
1.0070084E-4
-2.6746884E-6
-2.7596809E-5
-1.8328376E-5
7.8254794E-5
-1.0172476E-4
1.0508683E-4
-5.591525E-5
2.0817039E-5
-1.4409621E-4
5.4129425E-5
-3.6839137E-5
1.3038432E-4
-7.1583025E-5
1.1357187E-4
-9.1858754E-5
1.0791471E-4
3.0874075E-5
4.2070078E-5
2.9369608E-5
1.6141465E-5
-4.414913E-5
9.598292E-5
-7.117681E-5
8.0216196E-5
5.1255254E-5
3.4235716E-5
-8.9220055E-5
6.302488E-6
-2.5327136E-5
-3.850549E-5
-5.882629E-6
1.6320866E-5
-4.9887003E-5
-2.5352463E-5
-5.891872E-5
3.2235203E-5
-9.9612174E-5
-1.1648414E-5
3.4530232E-5
-1.0303496E-5
-3.006736E-5
1.9101553E-5
3.829187E-5
8.707998E-5
-7.443366E-5
4.7340156E-5
-5.6356115E-5
5.7937614E-5
6.1858445E-5
1.9044652E-4
2.0475582E-5
1.5885136E-4
-1.3034402E-4
9.332115E-5
-4.1677053E-5
8.555533E-5
-1.3836892E-6
3.8516217E-5
-4.8783717E-5
1.008537E-5
-2.7996068E-5
1.3219766E-4
-2.0660904E-5
1.382976E-4
1.7326918E-5
-5.232538E-5
-1.30899025E-5
-2.263163E-5
-9.968579E-5
-2.0281914E-5
-8.505041E-5
-6.884949E-5
-1.2461044E-4
-7.726766E-5
-1.4280538E-4
-1.8612244E-4
-2.1124931E-4
-1.2213143E-4
-2.928652E-4
-1.8143303E-4
-2.181526E-4
-1.8354172E-4
-3.3297436E-4
-2.2379891E-4
-3.5881798E-4
-3.6570424E-4
-2.9053687E-4
-1.4287085E-4
-2.947952E-4
-2.6202903E-4
-3.6504143E-4
-1.795461E-4
-2.9389266E-4
-4.7186117E-5
-2.6659865E-4
-1.2595988E-4
-2.483121E-4
-2.7501319E-5
-7.6482975E-5
3.6679285E-5
-1.208087E-4
1.0461355E-5
-1.2992015E-4
1.1934568E-6
-1.303244E-4
1.3829074E-4
2.7167876E-5
1.9396121E-4
1.0341055E-4
1.9555328E-4
3.9810573E-5
1.07412015E-4
7.5168005E-5
1.5648123E-4
1.2241135E-4
1.110645E-4
1.0507701E-4
1.1970188E-4
7.567498E-5
2.1241851E-4
1.3968092E-4
1.7315973E-4
3.0580573E-5
8.973279E-5
7.224589E-5
1.411625E-4
6.14386E-6
9.480026E-5
-4.7946993E-5
1.2907611E-4
-3.4884855E-5
3.0794625E-5
-1.2405738E-4
1.7074202E-5
-9.3697236E-5
4.9499828E-5
-1.9955859E-4
-5.686772E-5
-3.5499842E-4
-1.4444091E-4
-3.069786E-4
-1.3581228E-4
-2.726018E-4
-1.7865107E-4
-2.42885E-4
-1.6240451E-4
-3.170983E-4
-6.303418E-5
-2.6829456E-4
-2.0969001E-4
-2.2424145E-4
-4.385952E-5
-1.21388555E-4
-9.209549E-5
-1.898042E-4
-4.856789E-5
-1.1118624E-4
-1.5695809E-5
-5.8164584E-5
1.2268117E-4
4.9755534E-5
1.7615741E-4
5.690771E-5
2.1933022E-4
9.833735E-5
2.4073021E-4
1.7709579E-4
2.4555862E-4
1.9245385E-4
2.9298736E-4
2.382385E-4
3.3755935E-4
1.8555476E-4
3.8294727E-4
2.3769919E-4
3.7249824E-4
2.5048628E-4
3.9125403E-4
2.1096677E-4
3.607954E-4
9.310431E-5
3.5424693E-4
8.281305E-5
3.6243643E-4
6.3164596E-5
2.2403024E-4
2.6358828E-5
1.7238666E-4
-4.6940735E-5
4.1952655E-5
-2.5677584E-5
5.95619E-5
-2.4846182E-5
2.5683497E-5
-1.2483507E-4
-7.28545E-5
-2.147729E-4
-1.1531639E-4
-2.1337546E-4
-1.2031428E-4
-2.1949694E-4
-3.18052E-4
-2.583161E-4
-2.8441456E-4
-2.1755933E-4
-2.7673406E-4
-3.5063396E-4
-1.8739194E-4
-3.205714E-4
-1.7879653E-4
-2.2284829E-4
-1.3946406E-4
-3.4164655E-4
-1.20412325E-4
-2.9466918E-4
-7.971739E-5
-1.4948758E-4
4.8964746E-5
-2.3333913E-4
1.0114352E-4
-1.7636803E-4
-4.294771E-5
-2.2594143E-4
9.461683E-5
-1.4437703E-4
1.0954761E-4
-1.0525421E-4
7.457073E-5
4.956918E-5
9.549201E-5
-5.544141E-5
9.545958E-5
-8.1431775E-5
7.938207E-5
-3.256381E-5
9.628752E-5
-7.1396986E-5
5.3960466E-5
-6.245597E-7
1.5930345E-4
-7.637527E-5
1.70838E-6
-8.877239E-5
-5.3257154E-5
-5.827222E-5
-2.7868653E-6
-5.7757003E-5
-6.557418E-5
-1.5338612E-4
9.289621E-7
-1.160075E-4
-1.0168147E-4
-2.0502204E-4
-1.04552804E-4
-1.8045967E-4
-4.4114167E-5
-1.2851814E-4
-5.031842E-5
-2.2599497E-4
-1.450543E-4
-3.4880574E-4
-1.5787673E-4
-3.5101656E-4
-1.088286E-4
-4.148277E-4
-1.80396E-4
-3.4960528E-4
-2.0683726E-4
-3.3207485E-4
-5.773169E-5
-4.3962232E-4
-2.3861199E-4
-4.7746667E-4
-2.5176615E-4
-3.2620507E-4
-3.2162628E-4
-2.6762162E-4
-1.5432276E-4
-2.6049116E-4
-3.0579796E-4
-1.7198955E-4
-3.1573282E-4
-7.748548E-5
-5.1362906E-4
5.098848E-5
-6.807511E-4
4.2403204E-4
4.206755E-4
-0.0034020555
0.0023650918
0.0017109684
2.0343733E-4
-0.004043806
0.00194151
-4.057266E-4
-0.0010813789
2.3731425E-4
9.495657E-4
-9.2708407E-4
-2.4855896E-4
5.734654E-4
0.0011078855
5.812088E-4
1.8068806E-4
0.0010875475
-6.743594E-4
-3.5137666E-4
0.0011468476
-3.0561385E-4
3.9445696E-4
7.014708E-4
0.001028325
-9.474773E-4
-9.801959E-4
-4.2684612E-4
1.007033E-4
-0.0011180503
-7.6679175E-4
-8.195599E-4
3.4408056E-4
3.8222264E-5
0.0010665237
5.040072E-4
4.3603624E-5
8.6788693E-4
0.001504422
7.4265094E-4
2.6091354E-4
3.5937663E-4
0.001029739
8.9316185E-5
-1.7421869E-4
2.0986376E-5
9.6793484E-4
6.787067E-4
9.3621384E-5
-1.8969795E-4
4.2504742E-4
7.603442E-5
-4.002407E-4
-0.0010852802
-5.291844E-4
-8.63288E-5
3.7951334E-6
-7.751113E-4
-5.4933794E-4
-1.8523086E-4
-4.959541E-5
-8.5794774E-4
-8.242258E-4
-5.3243135E-4
-1.4021335E-4
-9.044176E-4
-7.981264E-4
-3.0719736E-4
5.16239E-4
3.2399874E-4
3.5844432E-4
4.2502163E-4
0.0010040327
8.6409337E-4
7.258645E-4
3.738353E-4
6.976328E-4
8.889754E-4
0.001064911
5.8787374E-4
6.6503085E-4
5.713097E-4
9.3250244E-4
6.262321E-4
8.2253374E-4
0.0010441875
0.0011513656
7.712209E-4
5.9733086E-4
4.7164524E-4
4.7180304E-4
6.68622E-5
3.253921E-5
2.0309775E-4
3.6318472E-4
2.44002E-4
2.8774262E-4
3.4492923E-4
4.83961E-4
1.14073686E-4
-7.8867E-5
-2.3143762E-4
-2.432102E-4
-4.4126838E-4
-3.733666E-4
-4.8739457E-4
-3.4973238E-4
-6.291608E-4
-5.0632044E-4
-6.240779E-4
-2.8257404E-4
-3.5464144E-4
-2.7673223E-4
-5.3065614E-4
-1.7396794E-4
-5.281659E-4
-5.5589585E-4
-7.3113345E-4
-4.0319588E-4
-3.1571963E-4
-9.8092256E-5
-1.5420963E-4
1.6475015E-4
1.1800883E-4
7.05572E-5
-7.5259246E-5
1.263756E-4
1.6222926E-4
1.3845791E-4
1.708212E-4
1.5833878E-4
6.571939E-5
1.7375412E-4
5.188446E-5
-1.7044974E-4
3.2392817E-4
7.3266415E-6
-1.5049489E-4
-1.6783099E-4
8.580724E-5
-1.8381385E-5
-2.990764E-4
-2.0579148E-4
-2.562847E-4
7.480783E-5
2.7865084E-4
-2.2849155E-4
-6.7857385E-5
1.8848265E-4
-8.124295E-5
-2.9675476E-4
-1.5919906E-4
-8.5589185E-5
1.4223416E-4
-8.400494E-5
2.3039935E-4
-3.5727287E-5
4.4202936E-4
4.226251E-4
9.3688024E-5
-9.469437E-5
1.967116E-5
1.2717604E-4
3.1070298E-4
-1.0740417E-4
1.9014224E-4
-4.396941E-5
-1.0777422E-4
-2.5043968E-4
-1.4932267E-4
-4.7119733E-4
-2.3820071E-4
-3.2456027E-4
1.3562865E-4
-3.0597742E-4
3.422188E-5
-1.6762463E-4
1.6357236E-4
-2.7213257E-4
-6.8835674E-5
-3.3432784E-4
8.6005435E-5
-1.749024E-4
1.354206E-4
-8.858133E-5
3.251938E-4
6.262443E-5
3.704647E-4
-1.3741872E-5
3.002291E-4
1.9107244E-4
5.04201E-4
1.6285981E-4
3.6403103E-4
2.0417987E-4
3.779998E-4
-2.5024972E-5
1.8290458E-4
-4.2535943E-5
2.1092131E-4
-2.2538508E-5
1.7356886E-4
-7.9473844E-5
1.04256615E-4
-7.7035074E-5
1.461145E-4
-4.812654E-5
1.2643849E-4
-8.917602E-5
1.7335497E-4
-8.7063476E-5
1.5018521E-4
-9.772815E-5
2.1745297E-4
5.0531915E-5
2.5099117E-4
3.8362254E-5
4.2421167E-4
2.445907E-4
3.3589292E-4
9.600016E-5
1.836271E-4
9.8080876E-5
2.7142357E-4
-2.6111788E-5
1.5007125E-4
-1.393348E-4
9.024589E-5
-1.2358886E-4
2.050451E-6
-1.0771545E-4
-3.341846E-5
-2.106586E-4
-1.6358311E-4
-2.6953343E-4
-1.02538565E-4
-2.6894963E-4
-2.5988268E-4
-2.690489E-4
-2.985247E-4
-4.1781965E-4
-2.9285968E-4
-4.155614E-4
-2.2408064E-4
-3.4050734E-4
-1.7425738E-4
-2.3702323E-4
-6.253063E-5
-2.4355903E-4
-3.973354E-5
-1.1937415E-4
-1.0651062E-4
-8.429543E-5
1.00980695E-4
-1.6083746E-4
6.5561767E-6
-1.8190136E-4
1.6257452E-5
-9.997147E-5
-3.2345924E-5
-1.0755328E-4
7.497691E-6
-1.2193361E-4
3.2037879E-6
-2.3522864E-4
2.5119858E-5
-1.8685544E-4
2.309841E-5
-1.6924251E-4
3.5952262E-4
-4.718182E-4
-3.9316365E-4
8.906345E-4
4.1452772E-4
-4.4715352E-4
-4.931952E-4
-1.8020801E-4
5.714212E-4
3.7825268E-4
2.797844E-4
1.922226E-5
5.8965484E-6
-2.966536E-4
-5.1553807E-6
3.0040153E-5
2.1893342E-4
9.8506665E-5
2.0526045E-4
6.287625E-5
2.2737443E-4
-5.8803962E-5
1.9046581E-4
1.979075E-4
2.6751164E-4
1.669736E-4
2.809824E-4
3.318145E-4
5.666948E-4
3.006135E-4
1.8304463E-4
-4.0700572E-4
-3.869837E-5
7.377175E-5
1.9306454E-4
6.446871E-5
9.520276E-5
-3.2143382E-4
-8.369119E-5
-1.1818277E-4
3.5874866E-5
-1.4135131E-4
-2.9552133E-5
-1.9160061E-4
-3.8356728E-5
1.386531E-4
3.958523E-4
2.908088E-4
6.6681247E-4
4.5658005E-4
6.301168E-4
5.153604E-4
3.8038386E-4
2.1166168E-4
5.1558767E-5
1.0032391E-4
-4.1507712E-5
-5.3335578E-5
-2.8313254E-5
-2.9167744E-5
8.3999235E-5
-1.9744204E-4
3.389856E-5
-2.3681812E-4
-2.3458067E-4
-5.477366E-4
-1.839147E-4
-2.713739E-4
-3.0091603E-4
-2.51644E-4
2.2883221E-4
-6.4200576E-5
1.7243137E-5
-6.754411E-5
3.0185E-4
-5.1323124E-5
7.26911E-5
-2.5026963E-4
-1.1152369E-4
-1.3517754E-4
6.255812E-5
5.054695E-6
1.9654479E-4
1.0649655E-4
2.342969E-4
2.3767311E-4
2.885112E-4
-2.3817134E-5
1.2151519E-4
-1.4861368E-4
-1.7026837E-4
-4.2366917E-4
-3.150529E-4
-2.1856811E-4
-1.5019368E-4
-1.5042028E-4
-8.7857115E-5
6.7524165E-6
-2.1943206E-5
7.073119E-5
2.4455714E-5
-1.9947942E-5
-1.1409774E-4
-1.2796868E-4
-2.019421E-4
2.149894E-5
-9.23265E-6
-7.3159026E-5
1.7064576E-4
2.3018687E-4
9.167927E-5
7.787173E-5
3.5319492E-4
-1.3181717E-5
-2.9878469E-5
-2.0833864E-4
-6.298799E-6
-2.0656307E-4
-1.9214145E-4
-1.331444E-4
4.5332923E-5
-1.3014533E-4
-5.2471655E-6
-2.7724382E-5
1.2582341E-4
-4.783393E-5
-6.026971E-5
-2.3727585E-4
1.1741784E-6
-1.8070891E-4
-2.3359344E-4
-1.3669017E-4
-8.2011975E-5
-1.1515065E-4
-1.4145966E-5
9.179947E-7
-1.0167992E-5
-9.443489E-5
-4.559081E-5
-2.7388264E-4
-1.8672668E-4
-1.6422443E-4
-3.036159E-4
-2.6469477E-4
-2.6137382E-4
-2.683412E-4
-2.0842701E-4
-8.2708386E-5
-6.5511376E-5
-6.3153544E-5
-1.0330703E-4
-1.4545672E-4
-2.1790649E-4
-2.0995531E-4
-2.711342E-4
-3.1638477E-4
-2.6162827E-4
-3.2313587E-4
-1.2351779E-4
-3.7622088E-4
-1.772329E-4
-3.2439583E-4
-7.253741E-5
-1.16808784E-4
4.625263E-5
-2.2343038E-4
-1.0429441E-4
-3.3496926E-4
-1.5539551E-4
-3.109309E-4
-1.05128755E-4
-2.7051836E-4
-2.0232607E-4
-3.206951E-4
-2.460934E-4
-2.8759296E-4
-1.2917827E-4
-1.4064503E-4
-1.300096E-4
-3.5077863E-4
-2.5712556E-4
-3.5573335E-4
-3.0170678E-4
-2.6108697E-4
-1.3108863E-4
-2.1533752E-4
-8.4730615E-5
-2.391685E-4
-1.4082986E-4
-1.444326E-4
-7.6143006E-5
-1.3221496E-5
4.009288E-5
-1.0499285E-4
-7.9880316E-5
-1.344941E-4
4.9451282E-5
4.7343714E-5
8.656411E-5
6.0856237E-5
2.7757275E-4
1.3958728E-4
2.0575586E-4
8.448242E-5
2.9865987E-4
9.655212E-5
1.5299873E-4
9.020292E-5
2.360899E-4
4.7993697E-5
2.6209597E-4
5.435073E-5
2.6896206E-4
1.2010163E-4
3.0814405E-4
1.6235739E-4
2.821093E-4
1.3127088E-4
2.6127457E-4
2.0873801E-4
2.3016354E-4
1.1273728E-4
1.5888464E-4
9.922753E-5
2.9360378E-4
1.7310369E-4
2.7927783E-4
1.5661694E-4
1.9722567E-4
1.8512692E-4
1.901601E-4
2.4337486E-4
1.3350204E-4
1.644329E-4
2.4682918E-4
1.20515775E-4
1.6261004E-4
1.325628E-4
1.419969E-4
1.5261641E-5
1.223265E-4
6.965704E-5
2.59047E-4
1.1358026E-4
8.912658E-5
-5.2394123E-5
1.4443346E-4
4.3092736E-5
2.531227E-4
8.010102E-5
1.4354064E-4
6.170875E-5
2.0888937E-4
5.5135093E-5
1.06477215E-4
-1.6813387E-5
2.462314E-4
1.240553E-4
1.3564795E-4
9.686475E-6
1.26982895E-5
3.9661674E-5
4.8631664E-5
-7.693648E-5
-3.544058E-5
-4.7736758E-5
1.5440932E-4
-6.665136E-6
3.2479875E-5
3.463012E-5
1.1074366E-6
-3.2435526E-6
7.677941E-5
1.3681494E-5
-1.7903205E-5
-1.410509E-4
-4.3364806E-5
6.690005E-5
1.1229366E-5
-6.687792E-6
1.4719656E-6
-4.749849E-5
1.4317391E-4
7.3446674E-5
1.8934436E-4
1.8974351E-5
5.5452438E-5
9.5451986E-5
1.6508072E-4
6.5329725E-5
2.787939E-4
1.745161E-4
1.7997253E-4
9.8510514E-5
3.5828336E-5
-1.0315143E-5
1.7476869E-4
8.5678395E-5
5.1952895E-5
4.646499E-5
4.9881924E-5
6.918188E-5
1.404218E-4
-1.2211568E-5
1.866078E-4
5.281298E-5
6.846707E-5
-1.9743788E-5
1.2661322E-4
-4.0205254E-5
3.6111877E-7
-1.454147E-4
-7.3761796E-5
1.2533626E-5
3.5697797E-6
-7.720991E-5
5.9813112E-5
1.4247755E-4
1.6041784E-4
2.3597246E-4
3.1574955E-4
2.5156038E-4
1.8406185E-4
2.0217754E-4
2.2858645E-4
2.1708381E-4
3.3338595E-4
1.5570653E-4
3.1134053E-4
1.4114851E-4
2.0539318E-4
7.101839E-5
1.7247927E-4
8.381315E-6
1.3382969E-4
-5.0718972E-5
1.4682033E-4
5.8888545E-5
3.1211547E-4
1.4625813E-5
1.3458192E-4
2.690117E-5
1.6422679E-4
-4.5849874E-6
1.561143E-4
1.634871E-5
1.2196974E-4
2.0594414E-5
4.505188E-5
2.3406777E-5
5.5943325E-5
1.8669476E-5
6.848083E-5
-5.6421145E-6
1.6396434E-5
-3.1206026E-5
2.2356677E-5
4.629357E-5
-4.456204E-6
2.6720929E-5
-7.6316304E-5
-1.3251783E-4
-1.299116E-4
-1.7640111E-4
-1.6882212E-4
-1.6991462E-4
-8.9075904E-5
-2.5217107E-4
-2.7846315E-4
-2.486416E-4
-1.3114241E-4
-9.292566E-5
-1.7754112E-4
-2.713282E-4
-1.921819E-4
-1.3321202E-4
-1.2114046E-4
-2.738337E-4
-1.3011333E-4
-1.90831E-4
-4.3352797E-5
-2.8231108E-4
-3.452015E-5
-1.9455022E-4
-1.0470382E-4
-1.8492351E-4
-6.0750026E-5
-2.3860668E-4
-2.104912E-4
-2.7627588E-4
-1.5895537E-4
-2.7610527E-4
-2.5933151E-4
-2.263949E-4
-1.7780141E-4
-3.4218185E-4
-1.5431293E-4
-9.83091E-5
-3.076628E-4
-3.8419414E-4
-2.1518776E-4
-1.2660545E-4
9.459453E-6
-1.8998247E-4
-2.3340224E-4
-1.7040761E-4
-1.4520707E-4
-2.6641294E-4
-3.8200105E-4
-3.7552966E-4
-2.5512112E-4
-2.7125774E-4
-2.0219175E-4
-3.1809256E-4
-1.9109149E-4
-2.9971186E-4
-2.9367112E-4
-5.2898336E-4
-4.4732634E-4
-3.6571082E-4
-3.2410224E-4
-4.1236726E-4
-2.5602037E-4
-5.0449505E-4
-4.5299865E-4
-5.0652254E-4
-3.1548328E-4
-4.2207266E-4
-4.4153997E-4
-5.493981E-4
-4.1133555E-4
-4.681874E-4
-3.9188375E-4
-3.3698877E-4
-2.1199539E-4
-3.8592378E-4
-2.9984285E-4
-2.9414776E-4
-1.9703634E-4
-2.7915253E-4
-2.3769346E-4
-3.3407053E-4
-1.8700786E-4
-3.1505435E-4
-2.2473895E-4
-1.8333897E-4
-1.5623319E-4
-1.4310662E-4
-1.4084438E-4
-7.1287315E-5
-1.8579836E-5
-7.075021E-5
3.6519526E-5
-5.7107613E-5
-4.2403743E-5
-1.8168055E-4
-3.3638968E-5
-7.786598E-5
-3.9009574E-6
1.7768129E-5
9.463803E-5
2.8043554E-5
1.7164517E-4
7.408066E-5
1.7532254E-4
7.06608E-5
1.7675299E-4
-6.1322E-5
-9.11314E-6
-6.105503E-5
8.319057E-5
9.8968194E-5
8.858218E-5
1.5927973E-4
1.9388311E-4
1.4763702E-4
1.7919128E-4
5.6189125E-5
1.7134669E-4
-9.222935E-6
-4.1186868E-5
-1.7050203E-4
-1.20564764E-4
1.166915E-6
2.510556E-5
9.848624E-5
4.9957398E-5
1.7794847E-4
2.0569417E-4
2.6803862E-4
1.803465E-4
2.3900006E-4
1.9572124E-4
1.9048838E-4
1.4530933E-4
4.093043E-5
5.680443E-5
9.8813274E-5
1.3842217E-4
1.272789E-4
2.5892185E-4
2.6737884E-4
3.322067E-4
3.1298446E-4
2.5264878E-4
2.4294789E-4
2.2525826E-4
1.9026695E-4
2.9711713E-4
3.3082702E-4
3.4325419E-4
3.2011772E-4
4.4827428E-4
2.5178868E-4
3.2297528E-4
2.6026115E-4
2.5802746E-4
2.3446901E-4
2.7385596E-4
1.9703053E-4
2.4551686E-4
2.3476614E-4
2.4347033E-4
2.299489E-4
1.593989E-4
2.940813E-4
2.6865976E-4
1.2808348E-4
1.6256969E-4
1.8992418E-4
8.996225E-5
1.4051901E-4
8.761692E-5
1.9610573E-4
9.280537E-5
1.8484262E-4
1.4474956E-4
1.6290917E-4
2.0507762E-4
2.5494758E-4
3.1888895E-4
3.2410957E-4
3.653234E-4
3.4217915E-4
3.367757E-4
3.6564367E-4
3.4807588E-4
2.8848686E-4
4.7173927E-4
3.7194934E-4
3.3895773E-4
3.1262852E-4
3.8389687E-4
3.126827E-4
4.4888293E-4
4.5704664E-4
4.6653574E-4
3.150755E-4
3.7636064E-4
4.053819E-4
4.5171974E-4
3.3048043E-4
3.6281408E-4
3.5346916E-4
4.5974352E-4
3.4362677E-4
3.9015617E-4
3.961154E-4
3.8455753E-4
3.1967822E-4
2.4071506E-4
3.492978E-4
2.1983881E-4
3.1546137E-4
3.2358407E-4
2.4578068E-4
1.4355443E-4
2.6671952E-4
2.1066975E-4
1.5051982E-4
1.1967324E-4
8.03633E-5
1.267177E-4
1.1111301E-4
4.228187E-5
-2.8496215E-5
6.753803E-5
-6.1542974E-5
-1.282721E-4
-2.6267127E-4
-1.512835E-4
-1.2978146E-4
5.616173E-5
-4.9749604E-5
1.4701049E-4
-7.0265196E-5
-6.853434E-5
-1.5795956E-4
-2.4181018E-6
-1.3417454E-4
-6.376703E-5
-2.1877924E-4
-8.431452E-5
4.0960313E-6
-6.836865E-5
-2.1272963E-4
-1.8168635E-4
-3.0027056E-4
-2.803861E-4
-2.6137027E-4
-2.3676499E-4
-2.1066534E-4
-3.6467006E-4
-2.8610154E-4
-2.3631964E-4
-3.4756033E-4
-2.9232012E-4
-1.5594307E-4
-2.43933E-4
-1.8374002E-4
-9.492395E-5
-7.2684015E-5
-1.4205826E-4
-2.0574631E-4
-1.1941946E-4
-1.6031608E-4
-2.2894579E-4
-1.602761E-4
-2.5179688E-4
-2.679668E-4
-2.9708762E-4
-2.592386E-4
-3.0165436E-4
-3.5885564E-4
-2.6239094E-4
-2.4339835E-4
-2.1415982E-4
-3.2956322E-4
-1.7601438E-4
-2.909627E-4
-3.006414E-4
-3.324663E-4
-1.8883972E-4
-3.0899447E-4
-1.7797119E-4
-3.4554632E-4
-2.3973575E-4
-3.1972525E-4
-2.2014245E-4
-3.0199322E-4
-2.0421407E-4
-1.5983018E-4
-1.4599305E-4
-1.7662375E-4
-1.3798926E-4
-1.0393472E-4
-6.595607E-5
-9.456841E-5
-1.7474011E-4
-1.07326036E-4
-6.535303E-5
-9.54986E-5
-9.5143856E-5
-4.0496518E-5
-6.792518E-6
1.9253253E-6
2.0560194E-6
-2.277312E-6
-2.8950048E-5
5.180117E-6
3.973639E-5
4.2295964E-5
-2.6043988E-5
1.6866654E-5
7.340338E-5
5.6637353E-5
1.3441047E-4
1.3014083E-4
1.531235E-4
1.352076E-4
1.5028018E-4
1.05831066E-4
2.5209173E-4
8.973141E-5
2.1160951E-4
4.9378006E-5
1.7096763E-4
8.9975874E-5
2.0634614E-4
1.3162097E-4
1.8017707E-4
1.651569E-4
1.5052086E-4
2.2093061E-5
-5.415742E-6
2.8567138E-5
8.8442255E-5
-1.0271307E-5
8.094314E-5
1.6128572E-5
5.1142393E-5
-2.2071623E-5
3.77472E-5
3.5200177E-5
5.9153084E-5
9.77815E-6
4.4987253E-5
-3.9705974E-5
-1.8208311E-5
-1.4780708E-6
-3.7836464E-5
-9.0616224E-5
-2.0328138E-5
-8.2425E-5
2.4570236E-5
-5.122311E-5
-3.632957E-5
-6.6487796E-6
7.934021E-5
-2.640388E-5
1.885092E-5
-3.3785655E-5
-1.7381855E-5
-1.6480987E-4
-6.322311E-5
-1.9918956E-4
-1.4061974E-4
-1.776217E-4
-3.4234585E-5
-1.1632449E-4
6.8821387E-6
-5.27105E-5
3.5533598E-5
-3.275192E-5
8.598385E-5
1.7304857E-5
7.488097E-5
3.155465E-5
1.171358E-5
5.8491103E-5
1.16962416E-4
9.8092925E-5
1.5483692E-4
1.4850374E-4
2.2691535E-4
1.7036461E-4
1.6801828E-4
2.543012E-4
2.3511113E-4
2.6368687E-4
2.180009E-4
1.251346E-4
2.9586512E-4
3.1933107E-4
2.210195E-4
3.1337867E-4
2.5620483E-4
2.78538E-4
3.4233363E-4
2.2031966E-4
2.489082E-4
2.4815407E-4
2.973539E-4
2.1941123E-4
2.562203E-4
2.1320161E-4
2.7000433E-4
1.0636554E-4
1.5978722E-4
1.0390828E-4
7.378479E-5
4.6975976E-5
1.571462E-5
-4.1158422E-5
-3.2999405E-6
-3.8770875E-5
-3.889322E-5
-8.518886E-6
-6.793696E-5
-5.810515E-5
5.2584262E-5
-6.920081E-5
-1.4296199E-4
-1.518975E-4
-9.679631E-5
-1.14964794E-4
-2.3616407E-4
-1.3952976E-4
-2.1193559E-4
-1.6148521E-4
-1.1695337E-4
-1.91673E-4
-1.564376E-4
-1.9407038E-4
-2.470762E-4
-2.4094018E-4
-2.518054E-4
-9.079082E-5
-2.3869867E-4
-2.7503568E-4
-2.0610483E-4
-2.712286E-4
-3.7724865E-4
-1.957131E-4
-2.4606264E-4
-2.877697E-4
-3.0913053E-4
-3.3802513E-4
-3.2355086E-4
-3.2682772E-4
-3.6774186E-4
-3.3250227E-4
-2.96611E-4
-3.0226825E-4
-3.4724385E-4
-3.0995812E-4
-2.623872E-4
-1.8265146E-4
-1.7962701E-4
-2.7622827E-4
-1.592577E-4
-2.2346346E-4
-2.2598094E-4
-1.5054262E-4
-1.056504E-4
-1.8950379E-4
-1.218593E-4
-1.5840582E-4
-1.372696E-4
-1.5384429E-4
-1.7662227E-4
-1.6108165E-4
-1.7402363E-4
-1.4949979E-4
-1.5045627E-4
-1.7865219E-4
-1.0945169E-4
-1.4172711E-4
-7.377799E-5
-2.8471839E-6
-1.3618196E-4
-5.2641633E-5
-9.4486175E-5
-7.942396E-5
-9.6539065E-5
-4.5161483E-5
-7.747052E-5
-1.3484503E-4
7.356584E-6
-3.2646687E-6
3.7796475E-5
-7.6431854E-5
8.1570885E-5
3.5510733E-5
6.471475E-5
-8.322926E-5
7.5626784E-5
1.0333629E-4
1.9671749E-4
9.0672365E-5
1.979334E-4
1.2576945E-4
2.2767931E-4
2.7590245E-4
2.1428846E-4
2.5301124E-4
2.9393856E-4
3.2584462E-4
2.2800252E-4
3.3988367E-4
2.5769198E-4
2.7650408E-4
2.8659136E-4
3.3147834E-4
2.926823E-4
4.016903E-4
2.3692094E-4
2.0178658E-4
1.6825633E-4
3.5048337E-4
2.638975E-4
2.8332652E-4
3.095091E-4
2.588437E-4
2.4557073E-4
2.8873683E-4
2.9320767E-4
2.126503E-4
1.7741336E-4
2.2608026E-4
1.7290031E-4
1.3326814E-4
2.4491266E-4
1.769693E-4
1.2926802E-4
1.0084904E-4
1.8949002E-4
5.8642843E-5
1.7240374E-4
1.011834E-4
3.5232973E-5
3.7859107E-5
1.3303614E-4
5.4076245E-5
5.4430533E-5
7.4871125E-5
5.708907E-5
3.7418085E-5
5.0482904E-5
1.0958202E-4
5.2194344E-5
7.619834E-5
4.6594423E-6
7.2116534E-5
4.7651698E-5
8.322679E-5
5.8494028E-5
1.2930144E-4
6.0219212E-5
7.669262E-5
1.3122889E-5
6.900913E-5
1.5378966E-4
2.4835096E-4
5.371312E-5
1.3102315E-4
2.4282058E-4
1.6068644E-4
2.0082894E-4
2.3215554E-4
1.8947691E-4
1.610362E-4
1.7130165E-4
1.3390047E-4
2.3500883E-4
1.5550389E-4
1.7994756E-4
2.3704751E-4
3.2073748E-4
1.9024096E-4
3.1863985E-4
2.025416E-4
2.700181E-4
1.6141997E-4
2.9854508E-4
2.6556643E-4
2.626518E-4
2.0811663E-4
2.1245755E-4
2.269324E-4
2.5540727E-4
1.3986242E-4
1.3095872E-4
1.1079156E-4
2.987155E-5
7.78044E-6
-8.675333E-5
8.495102E-5
5.1679468E-5
1.0688595E-4
9.938957E-5
6.377649E-5
1.738588E-6
5.8998703E-5
-5.631711E-5
6.732433E-5
2.0685289E-7
1.1686218E-5
-3.5797093E-5
-2.4574378E-5
-1.2991519E-5
-2.3829343E-5
-9.107286E-5
6.352933E-6
-9.439094E-5
-1.09682194E-4
-8.845437E-5
-1.5590969E-4
-1.3395947E-4
-1.497676E-4
-8.314658E-5
-1.9753573E-4
-2.6096572E-4
-2.1713854E-4
-2.4203259E-4
-2.8192144E-4
-2.671707E-4
-2.8720923E-4
-2.771727E-4
-3.419092E-4
-3.0913405E-4
-3.353382E-4
-3.512289E-4
-4.040651E-4
-3.6191105E-4
-3.263043E-4
-4.107772E-4
-3.7878155E-4
-3.7100344E-4
-4.5409217E-4
-4.8006905E-4
-3.9343667E-4
-4.6984918E-4
-4.498668E-4
-4.8899685E-4
-4.374919E-4
-5.064093E-4
-4.2328355E-4
-5.316946E-4
-4.2080696E-4
-4.9473724E-4
-3.7828804E-4
-4.2631183E-4
-4.1250882E-4
-5.326879E-4
-3.8284846E-4
-3.3339194E-4
-2.9550982E-4
-4.3624052E-4
-3.7084188E-4
-3.495428E-4
-3.4441525E-4
-4.253925E-4
-3.5631514E-4
-4.004394E-4
-3.3932953E-4
-4.0090355E-4
-2.752975E-4
-3.4625886E-4
-3.168424E-4
-3.3614182E-4
-2.6221285E-4
-2.1337678E-4
-2.2486228E-4
-2.419958E-4
-2.4427014E-4
-1.7672758E-4
-1.9314687E-4
-2.9339612E-4
-1.5622593E-4
-2.5291205E-4
-1.585824E-4
-2.279713E-4
-4.4606095E-5
-2.1541682E-4
-1.254797E-4
-1.0552507E-4
-1.381371E-4
-1.154568E-4
5.6304678E-5
-2.292184E-5
9.299008E-6
-2.1109843E-5
9.6986616E-5
9.863784E-5
1.6517837E-4
1.1933073E-4
1.492512E-4
1.3453874E-4
2.3050213E-4
1.6684587E-4
2.678622E-4
2.105354E-4
2.1295497E-4
1.1884985E-4
2.4091075E-4
2.772547E-4
2.6013984E-4
2.727279E-4
2.2069995E-4
2.5174898E-4
2.6636684E-4
2.2689505E-4
2.0319023E-4
2.1688847E-4
2.6270526E-4
1.4214434E-4
1.9673885E-4
1.5654461E-4
2.0262855E-4
1.9095375E-4
1.6789089E-4
1.3828932E-4
1.5663658E-4
1.4206948E-4
1.705562E-4
4.6974263E-5
1.6369608E-4
1.02082995E-4
1.0295893E-4
8.033912E-5
2.004341E-4
1.0972764E-4
2.0831432E-4
1.0409902E-4
2.1355053E-4
1.0178979E-4
4.083934E-5
5.8218007E-5
1.31448E-4
6.2412204E-5
9.354129E-5
4.319006E-5
6.573872E-5
-1.3501261E-5
1.716234E-5
2.5815289E-5
2.0416459E-5
6.3780326E-6
9.876637E-5
1.0502854E-4
-1.4991136E-5
1.21476034E-4
8.461451E-5
5.947163E-5
-3.5898497E-6
5.3941938E-5
1.2178243E-4
7.172367E-5
1.1688032E-4
1.6344544E-4
1.0979882E-4
1.5621312E-4
2.3208153E-4
1.0776199E-4
2.6866625E-4
2.1595859E-4
2.2227074E-4
3.5483768E-4
3.4803717E-4
2.0111963E-4
3.4705675E-4
2.4424779E-4
3.668498E-4
3.482696E-4
5.014724E-4
3.8186592E-4
4.671461E-4
3.727916E-4
4.6841384E-4
4.236776E-4
4.769908E-4
3.9227871E-4
5.0190336E-4
5.224802E-4
5.3899025E-4
4.573626E-4
5.1939173E-4
4.236183E-4
5.1593536E-4
4.1668722E-4
4.9741496E-4
4.5503292E-4
4.3608976E-4
3.4545932E-4
2.7707298E-4
2.2984535E-4
3.6877443E-4
3.560324E-4
2.6065772E-4
2.6339525E-4
1.9033342E-4
1.315327E-4
1.2328911E-4
-6.428658E-7
1.3673778E-4
8.394131E-5
-2.3855999E-5
-3.867052E-5
2.0289783E-5
-7.675818E-5
-5.9529175E-6
-7.802408E-5
-2.1745693E-5
-1.5449457E-4
1.6828878E-6
-1.4653563E-4
-5.337346E-6
-1.9227111E-4
-7.258419E-5
-1.9056916E-4
-1.0511854E-4
-1.2001795E-4
-7.452255E-5
-3.0914083E-4
-1.6603402E-5
-1.0559633E-4
-5.8471967E-5
-1.187021E-4
-1.3991105E-4
-1.8029346E-4
-2.0325977E-4
-1.9117305E-4
-1.6789013E-4
-2.475516E-4
-1.7661673E-4
-1.8214651E-4
-2.021222E-4
-2.2721768E-4
-2.0481243E-4
-2.132659E-4
-2.7550588E-4
-3.478626E-4
-2.8545E-4
-2.4584454E-4
-2.9588668E-4
-2.9525094E-4
-2.8148878E-4
-3.242761E-4
-3.0846254E-4
-3.157925E-4
-3.285828E-4
-3.3708193E-4
-2.62462E-4
-2.873424E-4
-3.440946E-4
-4.6014044E-4
-3.0935337E-4
-2.9553781E-4
-2.2741065E-4
-3.4006478E-4
-3.0139223E-4
-1.9714535E-4
-1.7038165E-4
-3.6779104E-4
-2.7201473E-4
-2.2062306E-4
-2.7551132E-4
-2.702362E-4
-2.9112512E-4
-1.6218885E-4
-2.5547194E-4
-2.2464518E-4
-2.26585E-4
-2.363734E-4
-2.2653125E-4
-1.8960155E-4
-2.4315828E-4
-2.738038E-4
-2.9977452E-4
-1.3790284E-4
-2.2658696E-4
-1.07395805E-4
-1.6781205E-4
-8.484341E-5
-5.377254E-5
-5.1021907E-5
-8.713235E-5
1.13470405E-5
-1.0085854E-4
-1.3818608E-4
-1.3304624E-4
-7.332309E-5
-7.5331576E-5
-4.175467E-5
2.2759143E-6
1.212803E-6
-7.219465E-5
4.3430042E-5
1.2756552E-5
1.7442062E-5
1.452745E-4
8.1227634E-5
2.3531307E-5
1.7464635E-4
1.0509769E-4
1.1610519E-4
1.490566E-4
1.5218058E-4
1.7006639E-4
2.414914E-4
2.3000271E-4
1.9843616E-4
2.4003451E-4
3.464853E-4
3.0281892E-4
2.891993E-4
2.801045E-4
3.7025093E-4
1.7823729E-4
2.649047E-4
2.4263345E-4
3.16323E-4
1.9674173E-4
2.920208E-4
3.0464825E-4
3.2533697E-4
2.1287301E-4
3.5509095E-4
2.6657956E-4
2.5453343E-4
2.1999035E-4
3.2369938E-4
2.7950265E-4
2.593223E-4
2.8739875E-4
3.2327737E-4
2.4565207E-4
2.54327E-4
1.9371916E-4
2.445021E-4
2.7667554E-4
2.491864E-4
1.900223E-4
2.1217582E-4
2.5877374E-4
2.4782796E-4
1.8006198E-4
2.2399431E-4
2.5034178E-4
2.8273632E-4
1.835008E-4
3.108753E-4
2.5118465E-4
1.7603437E-4
1.9592118E-4
1.9923446E-4
2.0795829E-4
9.465422E-5
1.6590989E-4
2.4030756E-4
2.2901267E-4
2.8237083E-4
1.7502441E-4
2.2676187E-4
1.586865E-4
3.2002447E-4
1.5854975E-4
2.1972101E-4
2.1418351E-4
2.2633598E-4
1.7688678E-4
2.3327563E-4
1.8279204E-4
1.7521644E-4
2.4816068E-4
2.9755733E-4
2.5183274E-4
2.4294494E-4
1.1659185E-4
2.2863083E-4
2.0636624E-4
1.5124131E-4
4.216268E-5
1.604168E-4
1.8965222E-4
1.0412488E-4
1.3485525E-4
2.1441941E-5
7.426511E-5
4.1806423E-5
1.3536205E-4
6.76935E-5
8.868461E-5
-8.250752E-6
1.5538322E-5
-2.0877756E-5
-4.457785E-5
-2.0193918E-5
-4.2532943E-6
6.2935765E-6
-1.14307E-4
-3.509682E-5
9.95969E-6
-6.784389E-5
-7.030044E-5
-9.8852935E-5
-1.1487214E-4
-1.9410174E-4
-3.0532206E-4
-1.8646903E-4
-7.900437E-5
-2.0377393E-4
-1.8471241E-4
-1.9922045E-4
-2.4076588E-4
-2.482846E-4
-3.0042982E-4
-4.0930032E-4
-3.2617443E-4
-4.5014574E-4
-3.735277E-4
-3.7239594E-4
-4.5853952E-4
-3.5683616E-4
-4.5595266E-4
-4.2178627E-4
-4.4939842E-4
-4.2051644E-4
-4.7880065E-4
-4.7886328E-4
-5.076649E-4
-5.3494476E-4
-4.986172E-4
-5.453001E-4
-5.072293E-4
-5.6163233E-4
-6.0975837E-4
-6.3934416E-4
-5.394803E-4
-4.7820897E-4
-4.8807682E-4
-4.780141E-4
-4.672814E-4
-5.2546425E-4
-5.7703466E-4
-5.138524E-4
-4.5943086E-4
-4.465323E-4
-4.5558545E-4
-3.7991532E-4
-3.9973893E-4
-3.691771E-4
-4.0447907E-4
-3.6687677E-4
-3.5651957E-4
-2.997603E-4
-3.9511736E-4
-2.826783E-4
-3.7382924E-4
-2.6163462E-4
-3.1234242E-4
-2.3308182E-4
-3.2217032E-4
-2.4336862E-4
-2.6235075E-4
-1.9383001E-4
-2.0229882E-4
-1.3753644E-4
-1.20474346E-4
-1.9131244E-4
-1.8173715E-4
-4.3877513E-5
-5.807575E-5
-1.886971E-4
-1.3201997E-4
-1.1708776E-4
-5.610907E-5
-3.823975E-5
-1.1668107E-4
-8.903502E-5
-5.130775E-5
-6.125215E-5
-9.8532255E-5
-7.2408984E-5
2.67503E-5
7.315291E-5
-3.337469E-5
4.8656628E-5
8.140438E-5
-2.6579315E-5
2.3891933E-5
8.166911E-5
7.9821555E-5
1.1405211E-4
-2.722974E-5
7.018372E-5
2.7514992E-5
8.481759E-5
-6.2744243E-7
3.0809453E-5
6.884748E-5
1.4812412E-4
2.502998E-5
3.5891982E-5
3.724332E-5
3.096822E-5
5.1259435E-6
7.170108E-5
2.0990781E-5
-6.717414E-5
-6.479662E-5
7.4034324E-5
3.474895E-5
-1.2739567E-4
8.781281E-6
7.642432E-5
-4.6100038E-5
-6.993176E-5
7.377122E-5
3.8205017E-5
7.549625E-5
-5.1246543E-6
2.070971E-5
6.895648E-5
6.103967E-5
7.0822425E-5
1.3524467E-4
1.4949188E-4
1.607736E-4
8.597044E-5
1.3146609E-4
2.8044742E-4
2.2643131E-4
2.3816034E-4
1.4909213E-4
2.2958092E-4
1.4484792E-4
2.0985902E-4
2.3686951E-4
2.4163145E-4
3.0361148E-4
2.510723E-4
2.4296608E-4
3.7322188E-4
2.3165223E-4
2.8593646E-4
3.7656532E-4
3.6076826E-4
3.5337283E-4
3.286368E-4
2.0547102E-4
3.6580567E-4
3.5183455E-4
3.058696E-4
2.7747842E-4
3.801614E-4
3.1537755E-4
2.562236E-4
4.3046777E-4
2.1264113E-4
2.7260286E-4
2.68983E-4
2.79269E-4
2.5012536E-4
2.537327E-4
2.9791097E-4
3.3797591E-4
2.7737123E-4
1.7668286E-4
2.1112476E-4
2.5869693E-4
2.4192664E-4
2.9693628E-4
3.1187222E-4
2.1119259E-4
2.7785762E-4
3.0923274E-4
3.209942E-4
1.8852907E-4
1.8393552E-4
1.9823486E-4
2.4959524E-4
2.31457E-4
2.6180776E-4
1.4421926E-4
2.0741648E-4
1.384232E-4
1.15198236E-4
1.2292051E-4
1.7146415E-4
8.1202445E-5
1.8769594E-4
4.3677177E-5
2.2911117E-4
1.1764106E-4
1.7095038E-4
1.2012906E-4
2.9977089E-5
3.845399E-5
8.4942105E-5
1.1156173E-4
2.1307324E-6
-2.1858796E-5
1.4801065E-5
-6.4125765E-5
-7.847705E-5
5.4140367E-7
-9.1223446E-5
-6.272342E-5
-7.433976E-5
-1.461344E-4
-1.04417995E-4
-5.242236E-5
-1.3928594E-4
-1.9721709E-4
-1.5846071E-4
-1.2437643E-4
-1.5457039E-4
-2.2854717E-4
-1.0107938E-4
-2.602681E-4
-2.2920921E-4
-1.590621E-4
-1.6958054E-4
-2.2011582E-4
-1.8642539E-4
-2.9249638E-4
-2.1806412E-4
-2.350025E-4
-3.042476E-4
-3.245258E-4
-2.6112664E-4
-3.520358E-4
-3.4201852E-4
-4.0717426E-4
-2.1809654E-4
-2.7436754E-4
-2.8629237E-4
-2.800852E-4
-2.710747E-4
-3.4920382E-4
-3.5061053E-4
-3.2698511E-4
-3.378883E-4
-3.8562482E-4
-3.202307E-4
-4.8700147E-4
-3.441328E-4
-2.9486723E-4
-4.1675052E-4
-4.3883204E-4
-3.4111482E-4
-3.552905E-4
-3.5245382E-4
-3.9926948E-4
-4.121925E-4
-3.2624538E-4
-1.9608822E-4
-3.0324052E-4
-2.504384E-4
-2.9297726E-4
-2.2701737E-4
-2.5719753E-4
-2.1340812E-4
-2.9666728E-4
-1.5476004E-4
-1.9086269E-4
-1.6786059E-4
-1.3872747E-4
-2.9700688E-5
-1.6922595E-4
-4.1674055E-5
-1.2917121E-4
-5.0565755E-5
-1.2580982E-4
-3.8318045E-5
-8.069252E-5
-4.0123272E-5
-1.3845375E-4
1.1480085E-4
-6.6150074E-5
5.012248E-5
-9.305128E-6
-4.437783E-6
4.8775168E-5
-1.4555197E-5
1.2707282E-4
1.2899959E-4
-3.7237255E-6
7.154364E-5
1.0729678E-5
5.2234784E-5
2.6901791E-5
4.5011886E-5
6.0259932E-5
1.5446708E-4
6.0204977E-5
8.274682E-5
1.537412E-4
1.5465285E-4
1.3319285E-4
1.8117283E-4
2.0924829E-4
2.4898336E-4
1.07745655E-4
2.3955418E-4
1.1296114E-4
2.2998312E-4
2.4830157E-4
2.0244022E-4
1.262268E-4
2.5484423E-4
1.9075966E-4
2.582242E-4
2.4571334E-4
2.798105E-4
2.2118796E-4
2.5687087E-4
2.167587E-4
3.1971713E-4
2.520082E-4
2.907915E-4
2.3767879E-4
3.5147252E-4
3.9292543E-4
2.5357434E-4
1.2162074E-4
2.0949708E-4
2.0722869E-4
1.8474567E-4
1.9653952E-4
1.6586036E-4
1.5190877E-4
1.8493457E-4
1.4875332E-4
1.4490823E-4
1.7840513E-4
2.4891968E-4
6.249581E-5
1.2367728E-4
7.212765E-5
1.7849794E-4
1.3458596E-4
1.917952E-4
6.169987E-5
1.2234275E-4
5.9985214E-5
1.1279403E-4
4.4511116E-6
8.644674E-5
6.880704E-6
1.1351791E-5
-8.365109E-5
-2.4322737E-6
-1.1456879E-4
-2.0562991E-5
-1.4649093E-4
-7.671896E-5
-9.994798E-5
6.986992E-5
-1.0804939E-5
-5.742874E-5
-8.824823E-6
9.1910246E-5
8.235237E-5
3.236871E-5
-4.655472E-6
2.1861544E-5
-3.5419645E-5
-4.928546E-5
-6.132507E-5
3.753527E-6
-3.377517E-5
-2.1148326E-5
1.0120957E-5
-2.2853124E-5
-1.1571812E-4
-3.817668E-5
2.8246668E-5
-8.670581E-5
-1.19735996E-4
-7.0274094E-5
-6.4898406E-5
-1.8653797E-4
-1.560251E-4
-1.3354632E-4
-1.6246145E-4
-7.40913E-5
-1.7398523E-4
-1.0063157E-4
-1.0579742E-4
-1.5876722E-4
-1.7047668E-4
-2.4354346E-4
-2.2196512E-4
-3.1047614E-4
-2.3830908E-4
-2.083167E-4
-2.920064E-4
-1.6813327E-4
-3.1115915E-4
-8.818066E-5
-2.4472777E-4
-1.649789E-4
-2.1971478E-4
-2.2495788E-4
-3.8995742E-4
-2.1865679E-4
-3.088207E-4
-2.5808773E-4
-2.4504287E-4
-2.4403467E-4
-1.8422252E-4
-1.5531466E-4
-2.2585719E-4
-2.7086708E-4
-2.7307065E-4
-1.2466287E-4
-2.7951202E-4
-1.3131744E-4
-1.9675386E-4
-1.1572856E-4
-1.488896E-4
-1.1221424E-4
-1.9268712E-4
-8.882795E-5
-2.0046617E-5
-1.4861001E-4
-1.4975722E-4
7.741941E-6
-5.3262156E-5
-8.6173204E-5
-5.039473E-5
-1.7754432E-5
-4.5055694E-7
2.0203608E-5
-4.802623E-5
7.056366E-5
4.5452998E-5
8.631959E-5
4.1617754E-5
1.517291E-4
2.0133888E-5
1.4411766E-4
-8.081602E-6
1.4849051E-4
2.936189E-6
1.05868196E-4
8.8883375E-5
5.4111068E-5
2.298253E-5
1.7466299E-4
1.222338E-4
8.239819E-5
9.296552E-5
1.3774789E-4
9.649592E-5
7.243694E-5
8.012649E-5
8.024488E-5
5.6293662E-5
4.207341E-5
1.0211942E-6
1.1787029E-4
8.6552456E-5
2.6609892E-5
9.498348E-5
7.69068E-5
6.2118925E-5
9.984911E-6
9.133683E-5
3.687379E-5
-1.0502954E-5
5.723842E-5
1.1474923E-5
6.714856E-5
5.4848704E-5
2.6656387E-5
5.1322873E-5
2.6511572E-5
8.602601E-6
5.6422246E-5
7.821951E-7
1.4739594E-5
-5.774746E-5
1.2454652E-4
1.0440848E-4
1.0281356E-4
2.5908175E-5
2.5758394E-5
3.8585364E-5
1.0371322E-4
5.3740026E-5
4.537018E-5
9.397507E-5
9.733118E-5
8.2142455E-5
5.4040993E-5
5.0952236E-5
3.7660146E-5
1.318395E-4
3.6254507E-5
9.1606955E-5
-3.3352615E-5
9.7276505E-5
9.899876E-5
1.7527572E-4
9.7895856E-5
1.9708139E-4
7.0212416E-5
1.4013538E-4
1.3881126E-4
1.7613928E-4
1.7896006E-4
1.5683092E-4
1.6079083E-4
1.8380184E-4
1.4681408E-4
2.3493299E-4
1.8306752E-4
1.8665566E-4
2.0611743E-4
1.7316369E-4
1.4581923E-4
2.3031203E-4
2.296268E-4
2.3089343E-4
1.8592941E-4
2.7028832E-4
3.4832192E-4
3.1307782E-4
1.2652154E-4
2.1459024E-4
2.5428622E-4
2.9587714E-4
2.2985533E-4
2.3514894E-4
2.2636134E-4
2.3713316E-4
1.9097928E-4
2.91805E-4
1.8102923E-4
2.2312727E-4
1.7743315E-4
2.4134426E-4
1.57819E-4
1.3168404E-4
2.2794651E-4
1.0411066E-4
1.1316497E-4
2.079402E-4
-1.2970086E-5
2.1502368E-4
5.0587816E-5
6.808098E-5
5.633748E-5
9.473314E-5
6.3018946E-5
8.600484E-5
2.369775E-5
-3.7651003E-5
3.185603E-5
3.2774038E-5
4.9255614E-5
4.8533213E-5
1.2762572E-5
-6.7727497E-6
-1.8838715E-5
5.538015E-6
2.1599584E-5
-4.9830505E-5
2.7834696E-5
-2.9949202E-5
-1.8820865E-5
-2.4713672E-5
-6.1618135E-5
-5.4618966E-5
3.3086682E-5
2.851438E-5
4.661573E-5
-6.85444E-5
-3.3603617E-5
1.4535105E-5
5.337614E-6
-3.5122415E-5
-3.0755855E-5
-7.723329E-5
3.2666806E-6
9.938399E-6
-1.02897255E-4
-4.1039977E-5
-1.1086407E-5
-2.2080736E-5
-1.4435205E-4
-1.6504162E-4
-1.0675813E-4
-8.355055E-5
-9.272464E-5
-7.9281104E-5
-1.5345147E-4
-7.159455E-5
-5.103732E-5
-1.3272815E-4
-1.9769026E-5
-1.8685298E-4
-1.0370222E-4
-2.3448443E-5
-1.5077855E-4
-2.0456429E-4
-1.4753935E-4
-1.4379677E-4
-1.6884792E-4
-1.4597623E-4
-1.7960834E-5
-9.6496326E-5
-8.68652E-5
-2.1182437E-4
-1.1835786E-4
-7.062597E-5
5.9269237E-6
-1.0062448E-4
-1.1643163E-4
-1.9225565E-4
-1.1257731E-4
-1.13035894E-4
-9.8456294E-5
-1.1291274E-4
-1.175891E-4
-1.18217E-4
-9.884085E-5
-1.392158E-4
-1.5633777E-4
-4.550415E-5
-1.3031125E-4
-7.3032315E-5
-3.5853136E-5
-3.9957067E-5
-7.103936E-5
-1.267765E-4
-9.176665E-5
5.404279E-6
-2.516606E-5
-2.9354056E-5
1.1826028E-5
-5.2886102E-5
-1.277048E-4
1.14032655E-5
-9.2273905E-5
-6.5429376E-5
-4.7675576E-6
-3.509682E-5
-2.9885772E-5
-5.652751E-5
-3.3536858E-6
4.910214E-5
-5.2235453E-5
9.363522E-5
-5.488962E-6
5.709596E-5
2.620725E-6
7.058193E-5
9.944644E-5
3.537019E-5
1.1822878E-4
1.4348133E-4
1.7236664E-4
1.2711101E-4
1.0764016E-4
1.7665324E-4
1.5983036E-4
1.6745106E-4
1.1494119E-4
1.8424938E-4
1.43013E-4
2.2064916E-4
1.14727045E-4
1.9116537E-4
1.2610732E-4
1.884431E-4
1.1685732E-4
1.850593E-4
1.811247E-4
1.5103287E-4
4.7327685E-5
1.9746387E-4
1.8182438E-4
2.219176E-4
1.7773474E-4
1.20784796E-4
1.3120717E-4
2.0653318E-4
6.833725E-5
1.4073157E-4
2.1295168E-4
1.09798544E-4
1.615688E-4
5.7766098E-5
1.332885E-5
8.7847744E-5
9.368005E-5
1.8595852E-4
9.642435E-5
1.2039418E-4
1.5558343E-4
-3.184565E-5
1.0704591E-4
4.8569553E-5
1.1067676E-4
3.3194465E-5
7.503112E-5
1.2953537E-4
1.5192649E-4
9.02268E-5
8.880765E-5
5.2173644E-5
8.3784435E-5
1.10357185E-4
8.498837E-5
-1.5450021E-5
7.4030846E-5
1.7649643E-4
5.656342E-5
1.1349967E-4
1.18878575E-4
2.080908E-4
7.3836876E-5
1.2565513E-4
1.0419505E-4
1.696488E-4
1.0308584E-4
9.017512E-5
1.3045479E-4
1.3393798E-4
8.915607E-5
1.2410687E-4
2.2972605E-4
1.01784746E-4
1.1584645E-4
1.3241432E-4
6.628971E-5
1.2004151E-4
1.1188922E-4
1.01938764E-4
7.390786E-5
7.591698E-5
8.788529E-5
2.7821627E-5
6.150289E-5
-2.602125E-5
-6.386673E-5
-5.9738737E-5
-1.9329284E-5
-6.519974E-5
-5.9237107E-5
-2.4670398E-5
-1.3442597E-4
-1.02414095E-4
-1.2241323E-4
2.9481353E-5
3.970534E-5
-5.7681802E-5
-2.614067E-5
-9.362008E-5
-1.0652961E-4
-1.0221468E-5
-8.1471975E-5
2.2018137E-5
-7.094986E-5
-2.0130877E-4
-1.1908873E-4
-4.290835E-5
-4.9469632E-5
-3.2344947E-6
-3.4981706E-5
-3.0084482E-5
-9.877049E-5
-3.157249E-5
-5.223242E-5
-5.11283E-5
-6.315084E-5
-9.95702E-5
-5.6140063E-5
-2.774152E-5
-1.4553436E-4
-1.3506375E-4
-8.304689E-5
-6.982261E-5
-7.298571E-5
-2.5022911E-5
-9.778963E-5
-4.5909957E-5
-9.3502415E-5
-6.9960447E-6
-9.657315E-5
-9.520001E-5
-9.989036E-5
-1.5102781E-4
-6.96766E-5
-1.5012444E-4
-5.980323E-5
-8.8085544E-5
-7.745968E-5
-1.3605684E-4
-1.3410297E-4
-1.4538044E-4
-1.5283514E-4
1.0682239E-5
-3.6592417E-5
-3.779087E-5
-1.09256245E-4
-1.2442163E-4
-1.0840817E-4
-3.4762357E-5
-3.5362868E-6
-1.9551548E-5
-1.1627002E-4
-3.763326E-5
-8.6073065E-5
-4.3803455E-5
1.0438042E-5
-5.887126E-5
-1.0241693E-4
-1.51757895E-5
1.541954E-5
4.491298E-6
-8.0400314E-5
4.83681E-6
2.4191026E-5
4.9278406E-6
-2.2166441E-5
-5.2404837E-5
-3.8061276E-5
6.192787E-5
4.4647364E-5
3.242022E-5
-2.9627483E-7
-4.3092172E-5
9.611688E-6
-8.242556E-5
-5.5923138E-5
-4.9070586E-5
3.532886E-5
-2.6395832E-5
2.4764298E-5
-3.985071E-5
-7.5823475E-5
-4.9410894E-5
-8.674519E-5
5.3927066E-5
-3.996193E-5
-3.8235827E-5
2.9218825E-5
-3.144145E-5
-1.3905338E-5
4.3200074E-5
7.4087425E-6
-9.3046765E-6
3.2485812E-5
-1.2000152E-5
7.2363474E-7
8.330695E-6
1.4449089E-5
-3.5928908E-5
3.0719384E-5
-1.0796569E-5
6.420302E-5
6.879026E-5
4.1949894E-5
-2.0037705E-6
-6.114126E-5
-6.7246465E-6
7.286437E-6
1.0380191E-4
3.8749055E-5
3.114254E-5
5.0402527E-5
-6.6782246E-5
6.7456174E-5
-2.559279E-5
3.8402097E-5
2.1931499E-5
1.8068768E-5
2.9570745E-5
1.887419E-5
-2.1001446E-5
-1.2768457E-4
-7.5358325E-6
1.6387095E-5
-2.6468613E-5
2.73508E-5
-8.048175E-5
-6.9489324E-5
-1.6754997E-5
5.127041E-5
6.3642634E-5
4.401731E-5
-1.3896648E-6
-5.222362E-6
-2.7002561E-6
9.6210635E-5
8.2058745E-5
9.516056E-5
3.7867256E-5
-8.840468E-7
5.5132048E-5
1.0827792E-4
9.731756E-5
1.6495021E-4
1.1210937E-4
8.6809094E-5
1.3925626E-4
1.2398684E-4
1.2585167E-4
1.4649802E-4
1.3564918E-4
1.8425942E-4
2.0280798E-4
1.3349067E-4
8.532484E-5
2.1605857E-4
1.6980828E-4
1.2844724E-4
2.3984473E-4
1.9697097E-4
1.5675557E-4
1.3034939E-4
2.1490136E-4
2.120965E-4
2.1100206E-4
2.8040115E-4
2.4117209E-4
2.2537216E-4
2.1267812E-4
1.8354451E-4
1.2919489E-4
1.8643694E-4
1.5400068E-4
2.1393003E-4
2.435168E-4
1.467772E-4
2.476294E-4
2.1535289E-4
1.3597269E-4
6.746114E-5
1.2429478E-4
9.213742E-5
7.299497E-5
4.1333882E-5
8.068624E-5
1.496328E-4
1.5451893E-4
1.17423435E-4
1.9826244E-5
4.08779E-5
9.210437E-5
2.3770164E-5
1.14134964E-4
-1.5884492E-5
-2.5430381E-5
7.504388E-5
-4.917168E-6
4.103978E-5
1.5348774E-5
9.870565E-6
-1.9242123E-5
-1.8594912E-5
2.7685455E-5
2.672598E-6
-7.915871E-5
-4.7330424E-5
-4.1769003E-5
-2.2822587E-5
-7.961707E-6
-8.570224E-5
-8.2371116E-5
-5.959968E-5
-1.1364676E-4
-9.987274E-5
-8.390145E-6
-7.056002E-5
-1.0917702E-4
-1.1626832E-4
-6.5681445E-5
-1.5541099E-4
-1.8039833E-4
-1.5133046E-4
-1.4058796E-4
-2.0236017E-4
-1.2731428E-4
-1.164936E-4
-1.6818901E-4
-2.441728E-4
-1.6610253E-4
-1.6110532E-4
-2.1046952E-4
-1.3134631E-4
-1.3297914E-4
-2.3307827E-4
-1.364588E-4
-1.1800728E-4
-1.2041524E-4
-1.3755762E-4
-1.6915138E-4
-1.02542916E-4
-1.31789E-4
-1.234779E-5
-4.9542883E-5
-6.684363E-5
-1.5305467E-4
-7.5841046E-5
5.1686557E-6
-4.7727903E-5
-5.8665046E-5
2.9705423E-6
-4.1717754E-5
1.2516273E-4
5.9465547E-5
-6.595498E-5
6.537655E-5
7.183124E-5
9.184735E-5
8.3840554E-5
3.1246836E-5
2.0141773E-5
7.8530386E-5
3.6922003E-5
1.6733354E-4
3.0349522E-5
1.4175629E-4
1.8591956E-4
2.2430618E-4
1.4120177E-4
7.467951E-5
6.199652E-5
5.109118E-5
1.20112796E-4
1.3302805E-4
9.290078E-5
9.336884E-5
1.4418676E-4
2.3020906E-4
8.0536396E-5
2.0123714E-4
3.3043904E-4
2.3067243E-4
2.2296127E-4
1.6273525E-4
2.0671573E-4
2.0618411E-4
2.0571036E-4
2.719052E-4
1.1857451E-4
1.691773E-4
2.2108688E-4
2.2323447E-4
2.0517819E-4
2.9196098E-4
2.0675558E-4
2.4858746E-4
2.6023443E-4
2.5321293E-4
2.673063E-4
2.3179439E-4
2.1279376E-4
1.8525959E-4
1.6572313E-4
2.6292374E-4
1.9864626E-4
2.0364899E-4
1.1520177E-4
2.2246498E-4
1.7479793E-4
2.140289E-4
4.455853E-5
1.5503824E-4
1.7544674E-4
2.4901555E-4
6.900865E-5
1.7261748E-4
1.019564E-4
1.8684565E-4
7.307129E-5
2.4418262E-4
8.060865E-5
1.08568034E-4
1.089981E-4
1.0100302E-4
9.863505E-5
7.113635E-5
4.724699E-5
3.1299944E-5
3.4143497E-5
6.35021E-5
-2.0724461E-5
6.807344E-5
3.8263912E-5
3.0029685E-5
-3.0530322E-5
5.520768E-5
-1.5510507E-4
-6.7533416E-5
-1.7927411E-4
-8.017947E-5
-1.4915041E-4
-4.8773505E-5
-2.0366075E-5
-1.1263213E-4
-9.291796E-5
-9.248024E-5
-1.6820281E-4
-5.186614E-6
-1.4624342E-4
-6.857679E-5
-8.6822074E-5
3.5759822E-5
-1.0926553E-4
-4.856189E-6
-6.682922E-5
-1.0755908E-4
-1.5801372E-4
-2.8752418E-5
-9.176871E-5
-8.612807E-6
-1.8117591E-5
-2.7702505E-5
-9.9251105E-5
-1.1692331E-4
-6.766887E-5
-7.133881E-5
-2.1569263E-4
1.920979E-5
-1.5230392E-4
-4.8124748E-5
-1.7228421E-4
-8.0373684E-5
-1.0056602E-4
-1.7999479E-5
-8.7030545E-5
-1.074531E-4
-1.5910929E-4
-9.642089E-5
3.0223058E-5
-1.6743663E-5
-2.5752985E-5
4.7156E-5
-1.6602664E-5
1.494283E-5
-7.030363E-5
6.797996E-5
-4.9763206E-5
7.614839E-5
-9.095369E-6
9.842943E-5
-6.972875E-5
6.191177E-5
-3.8243685E-5
6.2655326E-6
-6.772366E-6
7.8483106E-5
-1.5280943E-5
-2.4450334E-5
-5.427468E-5
-3.814546E-5
8.675281E-6
1.0667518E-4
-6.5673885E-5
4.2712625E-5
-1.8205616E-6
3.5587946E-5
6.1908264E-5
1.14380346E-4
4.350458E-5
4.1508894E-5
1.466723E-6
-8.446738E-6
-2.919884E-5
1.4835014E-4
-3.0816318E-5
1.8911745E-5
-1.588349E-5
9.861773E-5
5.1913048E-5
7.448712E-5
5.0093222E-5
1.2976839E-4
2.3987172E-5
6.879137E-5
-2.0744677E-5
8.291763E-5
-4.939388E-5
6.064042E-5
3.3533584E-6
1.0802352E-4
-5.665764E-5
7.355391E-5
-3.315996E-5
-1.6264832E-5
4.5693837E-6
5.0809496E-5
-2.1789694E-5
7.3979114E-5
-4.6743575E-5
4.6637495E-5
-1.0886563E-4
-5.044871E-6
-1.2426046E-4
-5.448594E-5
-3.4645327E-5
1.1521777E-5
-1.7223677E-4
-7.107977E-5
-1.343114E-4
-5.1095412E-6
-9.1738955E-5
-5.7222223E-5
-1.7069133E-4
-1.065019E-4
-1.2632247E-4
-3.0416906E-5
-2.6664431E-5
-4.0423165E-5
-5.584013E-5
-3.1888772E-5
-1.0262758E-5
2.1159165E-5
-3.4589488E-5
9.925527E-6
-1.4816317E-5
4.560967E-5
-7.310764E-5
2.275276E-5
2.7720056E-5
-6.962389E-5
-1.4781576E-5
5.5557404E-5
-5.354239E-5
1.2397257E-4
5.767234E-5
1.229299E-4
1.2206125E-5
1.17588235E-4
1.4350163E-4
2.4633706E-4
1.4508527E-4
1.7009977E-4
1.1600772E-4
2.5047813E-4
2.1190783E-4
3.189121E-4
2.0205E-4
2.4845917E-4
1.8454216E-4
3.019933E-4
2.1489234E-4
2.9033324E-4
1.5721546E-4
3.2070116E-4
2.261744E-4
3.4600016E-4
2.6613363E-4
3.2805404E-4
2.660387E-4
2.1804446E-4
1.2428024E-4
3.1075373E-4
2.9743268E-4
2.8881803E-4
2.3916259E-4
2.2509416E-4
1.4846506E-4
2.4200873E-4
1.8342951E-4
2.3018681E-4
1.3498694E-4
2.663954E-4
1.9127318E-4
1.2447654E-4
7.493821E-5
1.50767E-4
4.7746278E-5
1.15305316E-4
9.370851E-5
1.8865566E-4
1.14581075E-4
1.2474754E-4
9.465234E-5
1.1116492E-4
3.0414416E-5
7.513303E-5
4.612101E-5
9.592807E-5
7.277693E-5
1.2265008E-4
4.3200936E-5
1.1216967E-4
-5.8649193E-6
9.818739E-5
-4.289214E-5
-4.116389E-5
2.404317E-5
3.7106598E-5
-3.3529614E-5
2.9369148E-5
-3.488132E-5
1.8430525E-5
-1.3095958E-4
-3.699599E-5
-1.7339327E-5
3.193295E-5
-4.964757E-5
3.2297085E-5
-1.3429033E-4
-3.4518056E-5
-6.561839E-5
-6.0195907E-5
-1.451304E-4
1.9255229E-5
-1.2779249E-4
-7.215089E-5
-1.2567971E-4
-5.561222E-5
-1.06413536E-4
-4.5516267E-6
-1.07227075E-4
-1.0345547E-4
-9.0036134E-5
-8.498082E-5
-9.694765E-5
-1.148437E-4
-6.8626614E-5
-4.5417386E-5
-8.639671E-5
-5.946381E-6
-1.5680323E-4
-4.581665E-5
-8.064854E-5
-9.977007E-5
-1.0747447E-4
-2.335132E-5
-1.3722703E-4
-8.215317E-5
-1.2474526E-4
-8.195816E-5
-1.5800544E-4
-8.830195E-5
-2.1679579E-4
-6.572142E-5
-2.3126806E-4
-8.34328E-6
-1.4922082E-4
-1.4990587E-4
-1.6510817E-4
-5.1121497E-5
-7.124727E-5
-7.761186E-5
-1.175147E-4
-9.779412E-5
-1.4776E-4
-1.0839872E-4
-4.5582135E-5
-8.486073E-6
-1.3296513E-4
-3.3690692E-5
4.7489135E-5
4.5839344E-5
-4.1226223E-5
-2.0905397E-6
-1.4536349E-4
-5.4281954E-5
-1.04420425E-4
-2.7479291E-5
-4.0629555E-5
9.981496E-6
-2.8384315E-5
-2.234339E-7
-6.0967282E-5
3.2949167E-5
-8.004537E-5
-5.7469075E-5
-3.3310876E-5
-8.0664024E-5
-6.735732E-5
1.0717394E-5
-7.189036E-5
-7.069482E-5
-1.2077921E-4
-6.267898E-5
-1.3503632E-4
-7.060363E-5
-1.15294046E-4
-7.999514E-5
-9.599466E-5
3.127177E-5
-1.3044832E-4
-6.809494E-5
-1.6052993E-5
-5.9365346E-5
-6.3296226E-5
-7.7284945E-5
9.073881E-9
2.6733192E-5
-2.5524785E-5
-4.001331E-5
-7.661147E-5
2.2214448E-5
1.2484659E-5
2.8722628E-5
-2.0209336E-5
1.2804176E-5
3.5376685E-5
5.3466E-5
-1.03640836E-4
1.9554012E-5
2.726237E-5
1.9287407E-5
-3.1349788E-7
4.8523554E-5
4.9388284E-5
1.0167521E-4
-8.184998E-6
1.20203775E-4
1.0466023E-4
9.641398E-5
3.0190284E-5
8.549376E-5
2.3231947E-5
1.7430409E-4
7.214918E-5
1.687212E-4
1.2767832E-4
1.5963544E-4
2.2711903E-4
2.3704694E-4
6.958276E-5
1.7813071E-4
1.6434207E-4
1.8285857E-4
2.1472591E-4
2.7793788E-4
2.2696664E-4
3.3625477E-4
3.209065E-4
3.5014626E-4
3.1282802E-4
4.293793E-4
2.967868E-4
3.6029733E-4
2.8965954E-4
2.4511374E-4
3.8837234E-4
4.2658663E-4
3.4037713E-4
4.1098706E-4
3.4734313E-4
4.2438292E-4
2.9200912E-4
3.48116E-4
2.3634412E-4
3.164895E-4
2.4453975E-4
2.4308088E-4
1.8998439E-4
2.8876125E-4
1.6670904E-4
1.9851228E-4
4.9999486E-5
1.3893553E-4
5.1400824E-5
2.1497319E-4
5.089291E-5
1.509565E-4
5.6866505E-5
1.1893811E-4
8.847454E-5
1.3595192E-4
9.906226E-6
1.3471232E-4
2.6911652E-5
6.971373E-5
-1.5743966E-5
1.2061949E-4
-2.3914943E-5
-2.9681105E-5
-6.2847306E-5
6.15418E-5
1.5315727E-5
-4.4538217E-5
4.761104E-5
1.5626533E-6
-9.7204356E-5
2.033649E-5
-6.75081E-5
-4.1446914E-5
-1.9758898E-4
-1.116405E-4
-1.4188673E-4
-2.9304454E-5
-1.9904457E-4
-9.055279E-5
-1.8536186E-4
-1.4057243E-4
-2.215067E-4
-5.957543E-5
-2.0408876E-4
-5.1570023E-5
-2.2876117E-4
-1.5412256E-4
-2.5129315E-4
-1.6430774E-4
-1.6662444E-4
-3.829119E-5
-1.8463792E-4
-1.0441879E-4
-2.2732872E-4
-5.9424074E-5
-1.43988E-4
-2.0387928E-5
-9.4661955E-5
3.890763E-5
-1.6980704E-4
3.9477516E-5
-1.6649219E-4
2.9693123E-5
-1.7867793E-5
-1.0006321E-5
-1.06249856E-4
9.424253E-5
2.10154E-5
8.3738916E-5
-8.272041E-5
3.010351E-5
1.2019319E-5
1.06424624E-4
2.3263103E-6
-1.2489322E-5
-6.2421626E-5
1.5329655E-5
1.799311E-4
-1.9911407E-4
9.574742E-5
-2.5845904E-4
3.561906E-4
-3.757951E-4
3.8821454E-4
-5.4615503E-4
1.5448048E-4
5.4980213E-5
-8.9755625E-4
0.0018176762
-0.0014286141
-2.8444538E-4
1.4475279E-4
4.0292443E-4
-3.3273248E-4
5.011558E-4
-2.0254757E-4
2.7701064E-4
3.4793607E-5
-2.48586E-4
4.794764E-4
-8.5824577E-4
3.6820944E-4
5.09851E-4
-1.7996751E-4
-8.644468E-5
2.840748E-5
1.1165708E-4
-1.9512143E-5
5.9050373E-5
-5.7386867E-5
4.3281045E-5
-1.7448657E-4
7.894946E-6
-2.3521535E-4
1.2212421E-5
-1.17166084E-4
-9.389921E-5
-6.154692E-5
1.0958306E-4
-1.7060872E-4
2.9960029E-5
-1.955163E-4
-1.7297307E-4
-1.03302395E-4
-3.3677148E-5
-1.3672245E-4
2.6470008E-5
-1.6276141E-4
-9.438659E-6
-2.4555897E-4
-1.1811129E-4
-1.8883367E-4
2.1366106E-6
-1.4483315E-4
8.177904E-6
-1.699206E-4
-5.6943158E-5
-3.0884848E-4
-9.606362E-5
-2.555297E-4
-8.207126E-6
-1.3879089E-4
-3.7620186E-5
-1.1172433E-4
5.5172277E-5
-2.4286004E-4
-1.3560813E-4
-1.9216332E-4
3.9515395E-5
1.3264354E-5
1.1689248E-4
-5.4823056E-5
-5.0156636E-6
-1.2430716E-4
5.9973583E-5
-4.390895E-5
1.6945892E-4
3.1112253E-5
1.2843199E-4
2.893597E-5
4.3558586E-5
-7.007582E-5
-5.316877E-5
-9.229339E-5
-4.802668E-5
4.522586E-5
3.418687E-5
-4.2391577E-5
6.945449E-5
-9.0729875E-5
-3.9728835E-5
-1.4587515E-4
7.995875E-5
-5.568554E-5
-1.2850113E-6
7.528752E-5
9.2094844E-5
3.1265638E-5
1.6523454E-5
1.5668043E-5
-4.364891E-5
9.2959184E-5
4.2655163E-5
3.0624538E-4
1.1190438E-4
3.4316748E-4
1.7324742E-4
3.4353303E-4
-1.6396127E-5
3.7002403E-4
1.01616686E-4
5.558794E-4
1.5547873E-4
6.623464E-4
-4.5062803E-5
5.8479526E-4
-2.5991575E-4
6.7779195E-4
-5.2252546E-4
8.600898E-4
-7.737413E-4
0.0011431723
-0.0012081433
0.0014200102
-0.0019291595
0.0019044533
-0.0028368493
0.0027062588
-0.0036737872
0.0040362687
-0.0051536956
0.0055337627
-0.00674872
0.0071313865
-0.00863613
0.008950852
-0.009955443
0.010775116
-0.0106444685
0.011462349
-0.010743895
0.010291973
-0.008936503
0.0069111823
-0.003716496
1.5608003E-4
0.006270726
-0.013055972
0.028680928
-0.05813057
0.115433194
-0.17910431
0.25462624
-0.2502192
0.24987714
-0.19459297
-0.5171261
0.8648905
0.443324
-0.57898456
-1.0
-0.41591623
-0.019220794
0.5210059
0.6345811
0.6428063
0.3287845
0.016641276
-0.16725643
-0.10943998
0.061539415
0.22645031
0.2180418
0.061700106
0.010080055
-0.13284951
-0.17949514
-0.17341946
-0.12946557
-0.14144133
-0.13649629
-0.17011812
-0.13606666
-0.18642518
-0.101245925
-0.17732248
-0.1612907
-0.018151244
-0.20730817
0.059701793
-0.43305382
-0.31302634
0.49650052
0.1702757
-0.37742516
-0.37599042
-0.15291537
0.012937768
0.2500413
0.30373845
0.2995654
0.22899863
0.19199896
0.15946612
0.11617544
0.118749686
0.16436227
0.1870357
0.12003735
0.059496015
0.001843407
-0.050923016
-0.03597541
-0.040068302
-0.080447316
-0.09375981
-0.055625647
-0.032752488
-0.05798505
-0.074821495
-0.030046796
-0.017456066
-0.044700455
-0.058885667
-0.07500385
-0.08686971
-0.07185767
-0.03283721
0.04630331
0.105925955
0.08059412
0.008038289
-0.036636975
-0.03610539
-0.012356232
0.023187347
0.07375291
0.09553971
0.0765051
0.05248432
0.028801888
-0.007708529
-0.014748547
0.02949172
0.047578093
0.05621856
0.07842019
0.06067031
0.024010092
0.008991689
0.0034397072
0.008729089
0.026709028
0.05380022
0.06752548
0.06128368
0.05069416
0.046041593
0.02971766
0.011212993
0.015623467
0.028630111
0.058339104
0.077377915
0.06335993
0.048523646
0.023768526
-0.0015903374
-0.015058928
-0.012535085
0.007830962
0.028810186
0.042254016
0.043617245
0.01514371
-0.017294774
-0.03271242
-0.033376623
-0.016452912
0.0024352733
0.015215045
0.015577933
0.009474792
-0.0072945943
-0.0244267
-0.026167078
-0.020398589
-0.009252892
3.1596097E-5
0.0042099375
0.0018616118
-0.0069748363
-0.010572739
-0.015510736
-0.021928405
-0.023513954
-0.025251662
-0.020215105
-0.019962486
-0.016489403
-0.012966383
-0.01905286
-0.02265991
-0.02475705
-0.024440177
-0.024740126
-0.022664469
-0.0097373845
-0.004599036
-0.007334689
-0.0093582645
-0.008550694
-0.0121557545
-0.017485939
-0.017364629
-0.014801611
-0.015128459
-0.014605915
-0.014283568
-0.0149649745
-0.020689087
-0.026520101
-0.029221987
-0.033037893
-0.0323493
-0.029275184
-0.021815058
-0.020876214
-0.028322924
-0.030927083
-0.037083246
-0.044873055
-0.04675173
-0.035238583
-0.02420688
-0.019652411
-0.01859805
-0.020971555
-0.02769458
-0.030262494
-0.029384678
-0.02309027
-0.020880276
-0.018228525
-0.013897709
-0.013282511
-0.014193818
-0.014454523
-0.015515428
-0.016152594
-0.014817247
-0.010343011
-0.006135962
-0.003266668
-0.0029085767
-0.005033236
-0.008054006
-0.009418852
-0.008599395
-0.0065773376
-0.004169062
-0.0023697752
-0.0019214302
-0.0025687835
-0.0039533987
-0.004964827
-0.004895395
-0.0036573939
-0.001970024
-6.074246E-4
2.1276855E-5
1.7416269E-4
-4.924491E-5
-3.5824924E-4
-5.0271174E-4
-3.5386332E-4
-1.6966414E-4
-2.7305508E-5
4.382854E-5
5.906293E-5
1.7030596E-5
-5.3675044E-6
-4.5608995E-6
-0.0
