* Impulse Response data saved by REW V5.20 Beta 12
* IR is normalised
* IR window has been applied
* IR is not the min phase version
* Source: Microfone (E-MU 0404 | USB), no input selected, Left channel, volume: no control
* Dated: 29/06/2017 16:33:34
* Measurement: jun 29 16:33:34
* Excitation:  128k Log Swept Sine, 1 sweep at -14,0 dBFS  Using a loopback as a timing reference
* Response measured over: 1,8 to 20.000,2 Hz
0.015632687136530876 // Peak value before normalisation
6003 // Peak index
6222 // Response length
2.0833333333333333E-5 // Sample interval (seconds)
-0.125 // Start time (seconds)
* Data start
0.0
8.825486E-11
-1.9702279E-10
6.639491E-11
-2.5093919E-10
3.4342348E-10
-2.5107136E-9
-4.7846074E-9
-7.336437E-9
-4.84099E-9
1.6079609E-8
6.23403E-9
1.2199287E-8
1.6056518E-8
2.3245944E-8
4.433605E-8
3.8918042E-8
5.8342035E-8
7.5368625E-8
8.9425306E-8
1.2526982E-7
1.12044305E-7
1.6233173E-7
1.4347583E-7
1.4850933E-7
7.553633E-8
1.3887274E-7
8.8412115E-8
1.4619978E-7
5.3927746E-8
1.05389326E-7
1.9043396E-9
2.4938565E-8
-5.3612403E-8
-1.9675582E-8
-1.320877E-7
-5.1853455E-8
-6.94412E-8
2.2352387E-8
-5.2639628E-8
-1.0719724E-7
-5.7655022E-8
1.0407407E-7
2.5164314E-7
6.6049004E-8
2.3889618E-7
2.861573E-7
2.5733206E-7
2.499182E-7
3.5770984E-7
2.4073103E-7
6.302978E-7
4.4921504E-7
5.101442E-7
3.1433507E-7
2.3729389E-7
4.8247915E-7
-1.0410613E-7
2.7579898E-7
-5.914051E-9
-4.0176275E-7
-8.0014536E-7
-4.35052E-7
-3.5351542E-7
-4.5760433E-7
-7.724199E-7
-8.4826814E-7
-5.812216E-7
-2.927241E-7
-5.6755266E-7
-5.7672503E-7
-2.7715674E-7
-3.9626104E-7
-2.2939923E-7
-2.86869E-7
-3.8967787E-8
-1.2450337E-7
-2.4524567E-7
2.3595771E-7
3.3085118E-7
5.1748714E-7
8.5513295E-7
9.399936E-8
1.1136974E-6
9.958112E-8
-1.04982036E-7
-4.3806665E-7
6.587837E-7
-6.310139E-7
-7.9507913E-7
-1.0365188E-6
-4.3663525E-7
-7.898246E-7
-5.6674475E-7
-1.0144357E-6
7.5018065E-8
6.2742775E-9
-6.625323E-7
-6.652449E-7
-4.440125E-7
-6.1541175E-7
-1.1353145E-6
-8.2024485E-8
7.9343886E-7
-6.4115204E-7
-7.419586E-8
-9.693833E-7
-9.881877E-7
9.974491E-8
1.8819705E-7
8.625646E-8
1.7939142E-7
4.7007956E-7
-6.36314E-8
1.7083024E-6
-6.765283E-7
-2.0771597E-7
-6.130513E-8
-9.107899E-8
3.852613E-7
-2.3716828E-7
2.7871127E-7
7.02739E-7
1.1070202E-6
7.2982516E-7
2.0341267E-7
4.067188E-7
2.4238248E-6
1.0923203E-6
4.9078216E-7
3.5581184E-7
5.8404004E-7
-2.3434576E-7
1.0970206E-7
-1.4112181E-6
-6.903999E-7
1.0930498E-6
-6.022362E-8
-1.1018161E-6
-1.3256727E-6
-1.5025698E-6
-1.5746851E-6
-1.226576E-6
-1.3482033E-6
-7.343681E-7
-1.5351996E-7
2.29076E-6
1.0166034E-6
2.1886544E-6
-5.8330045E-7
2.8745524E-6
-7.9972445E-8
2.6438136E-6
-1.9948452E-7
3.3273825E-6
6.458286E-7
4.383018E-6
2.631928E-6
2.1876122E-6
-1.3950079E-6
1.7327727E-6
5.598649E-7
3.8796265E-6
-1.5665377E-6
-1.6937807E-6
-2.1797125E-6
8.595427E-7
-4.1483804E-6
-1.2548091E-6
-2.8352872E-6
-1.4987738E-6
-4.299024E-6
-1.9324757E-6
-2.185057E-6
-1.7312552E-6
-8.306132E-7
-8.3179725E-7
1.6525615E-6
1.9898544E-6
2.042961E-6
1.2903549E-6
5.855338E-6
3.4537823E-6
1.7455257E-6
2.2939412E-6
4.6866526E-6
1.8059375E-6
4.0520467E-6
2.5042452E-6
-9.168826E-8
-1.6920029E-6
-7.908556E-7
-8.1918023E-7
-1.8914336E-6
-1.9358122E-6
-4.0449054E-6
-3.9983934E-6
-3.1320392E-6
-2.1710623E-6
-3.3852234E-6
9.2522777E-7
-1.7467079E-6
1.678771E-6
1.3726205E-6
3.486565E-6
8.208051E-7
6.1416176E-6
4.615808E-6
1.0983711E-5
5.933833E-6
8.10526E-6
7.4940735E-6
8.216283E-6
5.7145503E-6
6.142843E-6
9.530215E-6
5.5570313E-6
7.076706E-6
-3.3642684E-7
-7.8492086E-8
6.709432E-7
6.900082E-6
-3.228217E-6
-2.7623776E-7
-8.11636E-6
-1.2003197E-6
-6.6091707E-7
-4.2987085E-6
-6.902917E-6
-3.8113E-6
-1.4153323E-6
-2.367937E-6
5.064483E-7
-4.404831E-6
4.5880647E-6
7.2903017E-9
-1.6336284E-6
1.4839401E-6
3.9730292E-8
-5.1529178E-6
-4.8816896E-6
-1.9341824E-6
5.2257487E-6
5.8947035E-6
-2.2419417E-6
-1.8263792E-6
1.8060956E-6
-1.1879853E-5
-3.246541E-6
-4.335389E-6
-2.9954629E-6
-7.354391E-6
-8.124833E-6
-1.0595367E-5
-7.4837853E-6
-8.668734E-6
-3.9532115E-6
4.818194E-7
-5.6827544E-6
5.1377187E-6
6.6095095E-6
-4.136946E-6
-4.7896424E-6
4.019605E-6
1.5056266E-6
9.288107E-6
-6.7268525E-6
1.4331196E-6
-7.032842E-7
-1.3648605E-7
-1.44154155E-5
-6.4042883E-6
8.6867595E-7
-2.1680576E-6
-2.9686285E-6
-6.3535213E-6
-1.0396503E-5
-8.7001E-6
-1.1279056E-5
2.6812993E-8
-1.1605082E-6
2.5488582E-6
3.4868908E-6
-5.8547926E-7
4.9627743E-6
4.6217347E-6
6.407934E-6
-4.156777E-6
5.738149E-6
2.5141185E-6
6.566475E-6
9.123386E-6
1.0047762E-5
2.6878973E-7
2.501568E-6
1.332843E-6
7.4374802E-6
3.4573154E-7
1.9948504E-6
-8.000323E-6
-1.4940004E-5
-5.394622E-6
-1.6375405E-5
-6.028634E-6
-1.1914674E-5
-7.82532E-6
-1.9992689E-5
-2.0388811E-6
-9.469454E-6
-3.9873676E-6
-9.90926E-6
2.6227162E-6
-1.3363637E-6
4.654607E-6
-2.7687427E-6
7.5649186E-6
1.7626024E-5
1.15534E-5
8.181977E-6
9.748638E-6
2.7392054E-5
6.108564E-6
7.1509944E-6
2.2545468E-5
3.0097384E-5
1.8792733E-5
2.9625831E-5
4.625596E-6
1.6478583E-5
-5.277825E-7
5.81063E-6
-6.012466E-6
2.6502325E-6
1.8023305E-6
1.0625074E-5
-7.4341356E-6
-5.8080363E-6
-1.466773E-5
-3.3605902E-6
-1.0377707E-5
-1.1735632E-6
-1.5709069E-5
6.4147052E-6
-7.900017E-6
8.041436E-6
-6.790075E-7
-1.3834127E-6
-9.103385E-6
-7.2459966E-6
-1.4365006E-6
5.563585E-6
-3.2775072E-6
-5.1788224E-6
5.022097E-7
1.3378982E-5
8.41639E-6
-5.5960118E-6
4.5188094E-6
1.5181828E-5
7.7411305E-6
1.3860405E-5
-1.5033243E-6
1.4052099E-5
1.1366383E-5
7.465154E-6
-8.405061E-6
1.7871958E-5
6.7243955E-6
2.4666426E-5
-3.868419E-6
2.1617005E-5
4.0285126E-6
4.508062E-6
-1.4394219E-5
4.8348734E-6
-1.6726808E-5
1.2255808E-5
-1.4455676E-5
2.1295796E-6
-2.4103547E-5
1.1934658E-5
-1.5774372E-6
1.3982989E-5
-1.5139681E-5
1.1585851E-5
-2.035215E-5
1.7253616E-6
8.050001E-6
4.7714057E-6
-1.015843E-9
2.769951E-5
1.2983675E-5
2.5515035E-5
-2.0281534E-6
2.8498855E-5
1.4806372E-5
1.861624E-5
1.9345125E-5
3.682204E-5
2.1153777E-5
4.095113E-5
2.01425E-5
1.1551886E-5
1.4247573E-5
3.7432535E-5
1.780324E-5
2.5179426E-5
7.980019E-6
1.8052324E-5
-1.5772388E-5
1.8655552E-5
-1.2423214E-5
9.714726E-6
-6.1616893E-6
1.5939973E-5
-2.2912625E-5
-1.154455E-5
-1.7076445E-5
2.0298721E-5
2.419971E-6
2.2290456E-5
4.7633657E-6
1.9538806E-5
8.513239E-6
2.8373934E-5
7.3663737E-6
4.3176016E-5
1.4611387E-5
5.4176413E-5
2.6385684E-5
4.936151E-5
1.8233657E-5
3.584066E-5
2.575702E-5
2.9927962E-5
2.3557011E-5
1.3134351E-5
-1.5442329E-5
2.9280423E-5
-5.7881757E-6
-7.2715206E-6
-6.0055104E-6
1.1387617E-6
-2.402244E-5
-1.2203711E-5
-8.171078E-6
-8.297439E-6
-1.1754649E-5
-6.260919E-6
-1.4851972E-5
8.863794E-6
-1.3000727E-5
1.887175E-5
-3.3380861E-6
1.4833598E-5
-6.472449E-6
2.1239215E-5
2.1028939E-6
4.317757E-5
3.180787E-5
3.597825E-5
7.865926E-7
1.6849928E-5
-9.864548E-6
2.4360894E-5
-1.8988025E-6
2.7432561E-5
-4.3478562E-6
1.9059988E-5
-2.7059714E-5
1.0424358E-5
-4.049109E-6
1.8822422E-5
-1.9088022E-5
5.5298545E-7
-6.183596E-6
2.0771547E-5
-3.8279545E-6
1.3564281E-6
-1.1112009E-5
-3.342051E-6
1.0007686E-5
-1.1271043E-5
-1.4817117E-5
-6.072556E-7
1.079067E-5
2.7563167E-6
-7.535188E-6
-1.5555712E-5
-1.8960853E-5
-5.8995847E-6
-5.6615336E-6
1.0018535E-5
5.9118647E-6
-1.1767665E-5
-1.2471348E-5
-8.60243E-6
-2.619971E-5
1.1547013E-5
-1.724444E-5
1.561356E-6
-8.516585E-6
2.4308965E-5
3.8592334E-6
3.1867949E-6
1.0087738E-7
1.3332583E-5
1.6597058E-5
4.1031304E-5
8.38856E-6
1.9046958E-6
5.5534997E-6
1.5771175E-5
-1.5421438E-5
1.4955235E-5
3.048709E-5
-1.8368667E-6
-9.056955E-6
-8.420179E-6
-8.4138055E-6
-1.766763E-5
-3.6509139E-6
-3.730035E-5
-3.3009594E-5
-2.4490402E-5
7.120093E-7
-1.2997636E-5
1.0319451E-5
-3.9116305E-5
-9.424423E-6
-2.3359207E-5
-1.3942312E-7
-3.432976E-6
3.665671E-5
-2.9469058E-5
-1.4039166E-5
-5.353883E-6
2.0143489E-5
1.7831693E-5
1.1804944E-5
4.246016E-6
2.1581784E-5
-1.0465711E-5
4.531814E-6
-9.179359E-6
-8.511174E-6
1.169527E-5
1.6278118E-5
-1.6266522E-5
-1.509349E-5
-2.4518298E-5
-2.5863148E-5
-4.3141795E-6
-3.730144E-5
-4.275818E-5
-6.185961E-6
-2.641191E-6
2.8950474E-6
-1.7954037E-5
-1.9915868E-5
-5.574578E-6
3.683076E-5
-3.1200907E-6
-1.7045943E-5
-4.22463E-6
1.2995436E-5
1.6393952E-6
3.3695174E-5
-1.2964126E-6
4.422277E-5
-2.2495024E-6
1.8719884E-5
-4.3335247E-5
6.1236606E-6
-3.1554104E-5
2.9474942E-5
-1.8049406E-5
-1.6050947E-6
-3.20524E-6
-2.1867287E-5
-5.235535E-5
4.5872953E-6
-1.3317334E-5
5.1286816E-6
-4.4504402E-5
-5.6949797E-5
-1.5436648E-5
-1.881691E-5
-5.9740946E-6
-4.104511E-5
-1.6588068E-5
-1.9193983E-5
-6.423466E-6
-1.6287957E-5
2.1494676E-5
4.647292E-6
1.4216886E-6
3.2244118E-6
2.1597807E-6
2.4360615E-5
3.7126043E-5
2.1747712E-5
-6.6220405E-6
4.552051E-5
4.2481068E-5
2.9233435E-5
2.7012717E-5
6.5702225E-6
7.513661E-6
1.1744941E-5
-9.97208E-6
4.0606767E-5
1.6608861E-5
2.1036594E-5
-2.6655187E-6
5.3857653E-5
-2.0036427E-5
3.5686982E-5
-2.8883509E-5
1.1329899E-5
3.572564E-6
-1.7084078E-5
1.1081294E-6
9.583601E-6
-2.070155E-5
1.2192501E-5
9.716239E-6
1.7128337E-5
7.132958E-6
-1.1525105E-5
1.8793715E-5
-3.4960663E-6
4.763117E-5
4.7107256E-5
5.8798658E-5
1.6690563E-5
3.6974594E-5
3.053953E-5
3.3440057E-5
2.621385E-5
2.6880187E-5
3.7054702E-5
2.6311247E-5
6.250429E-5
4.7400055E-5
1.5395417E-5
1.3012808E-5
7.605406E-6
5.782958E-6
1.3892173E-6
-9.847114E-6
1.9558918E-5
3.5344042E-6
-3.494822E-5
-2.6580352E-5
-1.3866577E-5
-4.4081236E-5
3.228195E-5
-1.4664983E-5
1.33318235E-5
-4.601443E-5
2.5205629E-5
-1.3390084E-5
1.6041718E-5
-3.8151484E-5
1.16852025E-5
1.788009E-5
1.7230695E-5
-7.845488E-6
2.5854555E-5
-4.244639E-5
-1.7889512E-5
-5.7433426E-6
1.637144E-5
2.278293E-5
-8.233717E-6
2.404003E-5
-3.036971E-5
4.7451216E-5
1.9775856E-5
1.658601E-6
-2.1193987E-6
3.0118368E-5
6.758855E-5
2.4927343E-5
-1.7807137E-5
8.536251E-6
7.803014E-6
1.897659E-5
1.3172699E-5
-1.2541155E-6
6.3815925E-5
-4.9918467E-6
3.6921043E-5
-1.1227505E-5
2.5577825E-5
-6.7066376E-6
1.811611E-5
-3.1845113E-5
1.6807735E-6
6.696499E-6
-9.369194E-6
3.6827994E-5
5.1094285E-6
-3.4434725E-5
-3.724941E-5
-1.9635761E-5
-2.3412482E-5
9.354103E-6
-3.864762E-5
2.8208755E-5
-5.5113767E-5
-2.9509147E-5
-6.242373E-5
1.4306462E-5
-8.661387E-5
8.158524E-5
-1.1600366E-6
1.0137006E-4
-7.529572E-5
9.559086E-5
-7.555351E-5
1.21549296E-4
1.0960194E-5
2.5589368E-4
3.3410842E-4
-0.002732592
0.003518064
-2.1619456E-4
-8.6941075E-4
-9.4795215E-4
5.5716495E-4
-3.1951885E-4
2.0480133E-4
2.119702E-4
8.0141274E-4
0.0010150982
-8.480598E-5
-6.507301E-4
-0.0013511608
-0.0012399947
-8.174827E-4
1.9251577E-4
0.0012319855
0.001838108
0.0012063744
3.894268E-4
2.0256288E-4
-0.002245952
3.4671533E-4
6.22306E-5
-0.0016669526
-4.212974E-5
-2.4307097E-4
3.1527117E-4
2.1991662E-5
3.8145803E-4
-1.167116E-4
5.3553155E-4
2.5987185E-7
2.5798538E-4
-3.5060002E-4
-8.999971E-5
4.6265128E-4
0.0010307153
8.351883E-4
0.001092738
5.230481E-4
-1.08635875E-4
-8.3911454E-4
-6.2912185E-4
-9.491468E-4
-5.23594E-4
-3.4805152E-4
7.959522E-5
-3.3845726E-4
1.0477652E-6
-3.2724824E-4
1.4318516E-4
-1.08272136E-4
3.9078807E-4
1.6535356E-4
3.5550873E-4
-1.4869445E-4
2.5562994E-4
-8.182429E-5
5.364509E-4
1.7366924E-4
4.1242107E-4
3.8247323E-5
2.1832189E-4
-2.4824182E-4
1.6291146E-4
-2.3496227E-4
4.2009144E-4
-5.351631E-6
4.508121E-4
-3.0115963E-5
1.8468224E-4
-2.2458301E-4
2.711321E-4
-1.5599336E-4
4.0691774E-4
-1.5599377E-4
3.440614E-4
-3.565544E-4
1.2936426E-4
-4.1488415E-4
1.9912217E-4
-1.7320827E-4
4.1977642E-4
-1.4770545E-4
2.6065638E-4
-2.8265928E-4
1.0079221E-4
-4.1032428E-4
5.9826216E-5
-2.1633695E-4
2.551134E-4
-2.0771954E-4
3.04999E-4
-2.7099103E-4
1.7188703E-4
-1.6028814E-4
9.776376E-5
-2.556121E-4
1.2452036E-4
-2.4556805E-4
2.2508559E-4
-1.784752E-4
2.9752628E-4
-5.527423E-5
8.248342E-5
-1.112183E-4
2.0403271E-4
-5.960339E-5
3.052355E-4
-1.5675501E-5
2.7632382E-4
-7.936534E-6
1.2517787E-4
-9.569082E-5
9.3222436E-5
-2.7233431E-5
2.7356227E-4
1.3919473E-4
2.79429E-4
2.0450572E-5
1.07110216E-4
-1.7574352E-4
-1.4608119E-4
-2.332933E-4
6.364172E-5
-1.0862856E-5
1.4194628E-4
-1.2591669E-5
4.6089415E-5
-1.5803681E-4
-1.5346837E-4
-1.3167642E-4
-5.7819878E-5
8.493646E-6
3.216097E-5
7.0549664E-5
8.5615613E-7
-4.149341E-6
-5.059991E-5
1.02204085E-5
-2.0705615E-5
8.0037054E-5
1.0142189E-4
1.5446251E-4
-9.561193E-6
4.8673417E-5
-1.612387E-4
2.781726E-5
-1.376364E-4
1.1779251E-4
2.436336E-5
1.7484147E-4
-9.169613E-5
3.927426E-5
-1.8137562E-4
1.867846E-5
-8.2044215E-5
1.0312941E-4
-2.7472266E-5
2.56486E-4
-1.6073167E-5
1.4285691E-4
-1.4244638E-4
7.4775046E-5
-2.1985554E-4
4.8207374E-5
-1.20968405E-4
9.9995086E-5
-7.791175E-5
5.9716574E-5
-1.664691E-4
5.4978547E-5
-1.7812356E-4
5.8155267E-5
-8.8769106E-5
8.606313E-5
-6.196795E-5
1.5292298E-4
-1.1557527E-5
1.1814711E-4
-8.718456E-5
1.0444349E-4
-1.4913657E-4
3.582709E-5
-1.4309767E-4
2.332886E-5
-1.3546004E-4
8.940272E-5
-1.2891206E-4
-1.9364015E-5
-1.5295301E-4
-3.640531E-5
-1.3754609E-4
-2.9797877E-5
-1.3971022E-4
2.1348782E-5
-6.553126E-5
-2.5890358E-5
-7.508935E-5
-6.250226E-5
-3.969987E-5
-3.4964465E-5
-1.00431396E-4
-4.2371645E-5
-1.0639582E-5
-1.1947137E-4
-9.838942E-5
-9.424924E-5
-6.401754E-5
-1.12783455E-4
-4.323787E-6
-7.9823716E-5
2.8957033E-5
1.4519371E-5
8.331581E-6
-4.929988E-5
4.9420898E-5
6.560338E-5
1.5060419E-4
1.8331177E-4
1.7735733E-4
1.9256941E-4
1.4532365E-4
1.7526353E-4
1.5562569E-4
6.687633E-5
3.9118204E-5
1.4515144E-4
8.955812E-5
1.2453283E-4
7.537317E-5
4.5427532E-5
-1.4779472E-4
-1.3242048E-5
1.7179153E-5
7.7757606E-5
1.0967595E-5
7.174102E-5
-3.735299E-5
2.5929376E-5
5.8667883E-5
9.18023E-5
5.4482553E-5
1.0084498E-4
1.5595795E-5
1.3437994E-4
-1.1167108E-5
-4.0280138E-5
-7.617867E-5
-2.184615E-6
-1.9716055E-4
-3.4573695E-5
-7.282102E-5
1.5597874E-7
-7.61887E-5
-5.1161667E-5
-8.147291E-5
-5.5765195E-5
-6.196614E-5
-2.7447495E-5
-1.229515E-4
3.670406E-5
-3.3864548E-5
1.3199439E-5
-6.2824096E-5
7.1309E-5
-2.5900468E-4
-5.2073447E-4
3.0882558E-4
5.50064E-6
-2.9391242E-4
-3.1722424E-4
-1.9181879E-4
-5.0204294E-4
8.539927E-5
2.3862669E-4
-2.3904348E-4
-1.4601726E-4
-4.9920863E-4
1.6068264E-4
-1.21981284E-4
3.3719818E-5
-2.0223258E-4
-1.1962323E-4
-2.5122997E-4
-6.772312E-5
2.023745E-5
-4.9811646E-5
4.7496334E-5
-5.539022E-5
-1.209145E-4
-3.0300664E-4
-3.6600934E-4
-3.37026E-5
8.810809E-5
-2.6430216E-5
6.282546E-5
-8.974565E-5
7.552608E-5
4.6275687E-5
3.5576788E-6
3.2261296E-4
2.5726188E-4
-5.26393E-5
-3.846246E-4
-3.3338013E-4
-1.4546073E-4
-2.9992638E-4
-3.4064948E-4
-3.2687685E-4
-2.1943547E-4
-1.7152017E-4
-8.177336E-5
2.362874E-5
-1.4995569E-6
5.98794E-5
8.10595E-5
2.7809193E-4
2.0679971E-4
1.6092356E-4
1.218313E-4
2.5125526E-4
-5.6498127E-5
2.8942566E-6
-9.963638E-5
-9.050212E-6
-8.038828E-5
-4.9551636E-6
-3.4191777E-5
1.923098E-5
-5.040932E-5
-2.5925021E-5
5.238888E-5
8.025904E-5
1.751763E-4
2.5221493E-4
3.9703838E-4
3.9077798E-4
4.5778003E-4
3.684547E-4
4.0500233E-4
4.066008E-4
4.3309215E-4
3.0578935E-4
3.7375826E-4
2.9652932E-4
2.7284908E-4
1.21321165E-4
2.708981E-4
3.7949307E-5
1.2903329E-4
4.1435233E-5
7.903382E-5
-7.89934E-7
-5.563026E-5
-1.1244177E-4
-1.5940984E-4
-2.4276119E-4
-2.4023249E-4
-2.0310924E-4
-2.7104697E-4
-2.7059222E-4
-2.7260702E-4
-3.110511E-4
-3.7406685E-4
-2.8266598E-4
-3.7815678E-4
-2.3356067E-4
-2.2581924E-4
-1.1587007E-4
-3.681924E-5
-6.751289E-5
3.4480347E-6
-4.110654E-5
-1.1579778E-5
9.328108E-5
1.2733805E-4
9.100712E-5
1.6892163E-4
2.0225874E-4
2.1120616E-4
2.1052845E-4
2.936173E-4
2.593453E-4
2.1837134E-4
2.3889354E-4
2.7186272E-4
1.2281438E-4
3.0825048E-4
8.80338E-5
2.1002993E-4
1.6430099E-4
2.093469E-4
1.5132547E-4
2.4632664E-4
-9.630416E-5
4.0340833E-6
-9.433833E-5
-4.0910105E-5
-7.124759E-5
-1.0311844E-4
-5.058446E-5
-1.5707035E-4
-1.6868686E-4
-1.312488E-4
-2.8440432E-4
-2.5661843E-4
-1.8766089E-4
-2.2728054E-4
-1.3351966E-4
-9.609477E-5
-2.0212792E-4
-1.9775743E-4
-2.4620388E-4
-1.26153E-4
-9.057366E-5
-6.6173474E-5
-1.1685859E-4
-1.6558074E-4
-1.6968432E-4
-2.4366767E-4
-1.3938404E-4
-5.989839E-5
-1.6866274E-4
-1.6697919E-5
-1.051762E-4
1.6988886E-5
-1.9343144E-4
-9.7347816E-5
3.899598E-5
4.8674636E-5
9.8177334E-5
1.4883158E-4
3.2128213E-5
1.17776144E-4
4.6980287E-5
9.479218E-5
6.397107E-5
6.908634E-5
-5.9241993E-5
-5.1520938E-6
-7.67072E-5
-3.3618482E-5
-4.7235113E-5
-6.6639754E-5
-1.6605869E-4
-2.867762E-5
-9.092906E-5
-8.3455336E-5
-1.2885379E-4
-1.6095585E-4
-1.7962241E-4
-1.7110481E-4
-1.2282512E-4
-1.6384467E-4
-6.0908475E-5
-7.106837E-5
4.2624833E-5
-3.814324E-5
-1.7870461E-5
1.2101156E-5
-1.1972862E-5
7.283798E-5
4.6149282E-5
1.526835E-4
1.7346695E-4
1.9145099E-4
2.6641702E-4
1.796718E-4
-9.284767E-6
1.1801194E-4
1.3623342E-4
2.1321488E-4
1.6951989E-4
3.2741E-4
1.9682702E-4
2.2070754E-4
1.4212113E-4
9.2827664E-5
1.7059097E-4
2.1310312E-4
4.49243E-5
6.6899454E-5
9.464942E-6
3.778302E-5
2.4308476E-6
8.633823E-5
1.259716E-4
3.315805E-5
6.920292E-5
-4.2952182E-5
1.876428E-4
2.9871112E-6
-2.6167714E-5
5.2520838E-5
7.3281844E-5
1.5275105E-5
5.479443E-5
-1.6424347E-5
1.7072797E-4
1.1409819E-5
1.02336555E-4
1.5940286E-4
1.2013E-4
2.1588898E-4
4.545121E-5
1.3081172E-4
1.3830992E-4
2.1226855E-4
2.7756862E-4
2.514551E-4
2.8909434E-4
2.3283414E-4
2.7925882E-4
3.2427127E-4
2.9663913E-4
3.0875122E-4
2.918325E-4
5.0344924E-4
2.3959666E-4
3.8249182E-4
2.9714004E-4
3.0909845E-4
3.6167778E-4
3.693696E-4
3.1188878E-4
3.902533E-4
3.506511E-4
2.1886698E-4
2.717461E-4
1.9957058E-4
2.1544012E-4
2.1295653E-4
1.7452866E-4
7.39825E-5
6.7590096E-5
-5.959594E-5
4.4961755E-5
1.9271534E-5
-2.4434647E-5
-1.6740545E-4
-5.5146633E-5
-1.11233625E-4
-9.981504E-5
-2.0120248E-4
-2.2826975E-4
-1.4176409E-4
-2.0116124E-4
-4.4180582E-5
3.1311483E-5
-1.7781158E-5
-1.4999771E-4
-1.9601137E-4
-2.1494315E-4
-1.1383115E-4
-4.561619E-5
-1.00998885E-4
-1.800916E-5
-7.955894E-5
-1.7029693E-4
-8.276308E-5
-1.5102484E-4
-9.200449E-5
-3.3368146E-5
-5.426083E-5
-9.061213E-5
-2.2811627E-4
-2.5562046E-4
-1.3442476E-4
-1.1891819E-4
-3.8220198E-5
5.871184E-6
-9.4807416E-5
-1.4712995E-4
-1.1771793E-4
-6.865804E-5
-6.0911425E-5
-2.404652E-5
-1.457785E-4
-6.0319366E-5
-1.3061328E-4
-9.720725E-5
-2.3146933E-4
-1.8669195E-4
-1.317031E-4
-2.0445324E-5
-4.4168173E-6
-1.43149555E-5
-7.26328E-5
-2.5975283E-5
5.3483327E-5
-3.022104E-5
-1.1804134E-4
-3.7776557E-5
-1.03592E-4
-6.4389E-5
-2.4395471E-4
-1.8837771E-4
-1.1472438E-4
-1.763093E-4
-2.5119112E-4
-2.476846E-4
-2.6315387E-4
-3.1689572E-4
-3.073609E-4
-2.9570778E-4
-3.171389E-4
-3.8829987E-4
-3.3931134E-4
-3.635172E-4
-3.423141E-4
-3.4454366E-4
-4.194281E-4
-3.5737798E-4
-3.5903128E-4
-3.875331E-4
-3.4984914E-4
-4.4091957E-4
-4.7771257E-4
-4.1802425E-4
-3.7496942E-4
-3.4721525E-4
-3.6473802E-4
-2.5646127E-4
-4.1295803E-4
-2.3116502E-4
-3.4183866E-4
-2.1174294E-4
-3.018854E-4
-2.0441056E-4
-1.6260754E-4
-1.3853222E-4
-2.1570588E-4
-1.15568844E-4
3.4240431E-6
-4.468003E-5
4.2850785E-5
6.4929896E-5
6.591454E-5
2.3294637E-5
5.3822587E-5
-4.3685122E-5
1.1390949E-4
6.636699E-5
2.228481E-4
1.8732852E-4
1.822302E-4
1.5341124E-4
2.3559944E-4
2.7759615E-4
2.1944127E-4
1.07974025E-4
2.0034642E-4
6.703714E-5
6.231875E-5
2.3297359E-4
1.588698E-4
4.798802E-5
9.591623E-5
3.4968507E-5
-9.492415E-5
9.0513524E-5
4.8888418E-5
2.4425925E-4
-1.6753722E-4
1.5646381E-4
-2.1978207E-4
1.2679437E-4
-9.795775E-5
-2.1101241E-6
4.811561E-5
1.44362975E-5
-8.514232E-5
-1.9519977E-4
-2.0973131E-4
-6.069972E-5
-3.064732E-4
-1.1732417E-4
-3.3784262E-4
-2.2088016E-4
-7.141764E-5
1.6743617E-4
-6.044571E-5
-1.1928027E-4
7.910639E-5
-1.2227106E-4
-2.3330214E-4
-3.058358E-4
-1.165288E-4
-1.18079566E-4
1.016565E-4
2.0170452E-5
1.5477337E-4
-7.680098E-6
2.2635516E-6
1.2490322E-4
1.6474198E-4
9.798576E-5
1.3944645E-4
1.7696792E-4
2.1360442E-4
2.422642E-4
2.2201541E-4
1.9853412E-4
1.3223357E-4
2.3174121E-4
1.2009373E-4
2.6433275E-4
1.9722004E-4
2.2233796E-4
1.5771427E-4
3.086407E-4
2.1683497E-4
2.4659745E-4
2.8214428E-5
2.6152047E-4
2.2951572E-4
3.0011858E-4
9.4128365E-5
1.4279808E-4
9.907088E-5
1.5596658E-4
1.4974666E-4
2.3380316E-4
1.984521E-4
1.761756E-4
2.1076936E-4
1.05026484E-4
2.5800822E-4
2.4208074E-4
3.087052E-4
4.3906522E-4
4.211243E-4
2.9945248E-4
2.6121121E-4
1.2997791E-4
6.5697175E-5
-2.6554317E-5
1.3486997E-4
9.4980576E-5
8.789909E-5
4.8721E-5
5.9101596E-5
3.0511177E-7
-1.1945036E-4
-1.5549778E-4
-1.3182251E-4
-1.3290056E-4
-1.17097996E-4
-2.386415E-5
-1.8452207E-4
-8.2852835E-5
-8.823723E-5
1.4884562E-5
-1.4469503E-4
-7.4957476E-5
-3.583968E-5
-4.2655984E-6
6.37448E-5
1.4096583E-4
1.24494E-4
1.4706154E-4
1.21133045E-4
2.2626216E-4
2.0594051E-4
3.3977782E-4
3.1390163E-4
4.3619747E-4
3.9231227E-4
3.4343483E-4
4.089654E-4
3.7808792E-4
5.2655267E-4
6.306186E-4
6.03535E-4
7.039456E-4
5.268116E-4
4.2750547E-4
4.128352E-4
4.149945E-4
4.8216264E-4
5.621988E-4
7.1473536E-4
7.929672E-4
4.736848E-4
3.869133E-4
2.3750903E-4
8.199459E-5
1.15633404E-4
2.7240653E-4
3.2098335E-4
3.5641293E-4
2.4981739E-4
2.3414775E-4
-1.5823504E-4
-1.8300605E-4
-1.8474704E-4
-1.0258219E-4
-1.5580234E-4
-8.787221E-5
-2.3299495E-4
-2.4350625E-4
-2.9426266E-4
-1.9321115E-4
-1.415603E-4
-1.744325E-4
-2.6121235E-4
-1.7380748E-4
-1.8522434E-4
-2.7844697E-4
-2.3070541E-4
-2.021409E-4
-8.039465E-5
-2.0581347E-4
-1.2320162E-4
-2.6430248E-4
-2.4181709E-4
-1.6470814E-4
-1.0261433E-4
-4.5678057E-6
-4.2920503E-5
-8.181133E-5
1.12559756E-4
9.9259385E-5
5.0876366E-5
6.106083E-5
5.0855706E-5
2.0165012E-4
2.1538953E-4
2.5884682E-4
3.2654827E-4
2.3992396E-4
1.6616975E-4
2.583476E-4
2.9669332E-4
4.011941E-4
3.0080992E-4
3.4715392E-4
2.2842953E-4
2.5638627E-4
1.7969668E-4
1.4255669E-4
8.967977E-5
1.08576925E-4
1.4164687E-5
7.756827E-5
-6.812021E-5
1.2795869E-5
-7.497575E-5
-1.556463E-4
-3.0709867E-4
-1.9249534E-4
-1.04348255E-4
-3.023198E-4
-3.4016848E-4
-2.362756E-4
-2.6009922E-4
-2.2402903E-4
-1.8949964E-4
-3.0225184E-4
-3.1430277E-4
-4.3896114E-4
-3.5961223E-4
-3.669385E-4
-1.9981911E-4
-1.4149392E-4
-6.85645E-5
-1.9888648E-4
-2.5753633E-4
-4.0908298E-4
-4.0800663E-4
-5.4562406E-4
-3.92659E-4
-3.205369E-4
-1.5730235E-4
-6.387237E-5
-1.4881577E-4
-2.5883803E-4
-4.088081E-4
-4.163493E-4
-5.102906E-4
-4.0824967E-4
-3.8402932E-4
-3.3336788E-4
-3.2996936E-4
-1.6265642E-4
-3.1644464E-4
-2.5250262E-4
-3.8716005E-4
-2.8475764E-4
-2.727345E-4
-1.5850608E-4
-9.1514376E-5
-1.1537187E-4
-1.4259394E-4
-1.0813836E-4
-9.583213E-5
2.8969023E-5
-6.903089E-5
-1.8395565E-4
-1.928016E-4
-8.489778E-5
-1.380495E-4
-1.2537731E-4
-2.2702887E-5
4.1246494E-5
1.0344891E-4
3.791745E-5
1.4267977E-4
5.097701E-5
2.442686E-5
8.507213E-5
5.558026E-6
-3.4103847E-5
6.9389775E-5
1.7987095E-5
1.6747299E-5
-3.9889175E-5
-8.479479E-5
-1.18094686E-4
-1.4951008E-5
-1.1341007E-4
-2.1931271E-4
-3.0100197E-4
-4.1394943E-4
-3.0153396E-4
-4.0406818E-4
-4.1056913E-4
-4.918955E-4
-5.141143E-4
-5.4812257E-4
-5.496152E-4
-6.4399804E-4
-6.005199E-4
-6.539447E-4
-7.4366026E-4
-7.181113E-4
-7.1225036E-4
-6.837731E-4
-6.6819583E-4
-5.062262E-4
-5.6913815E-4
-5.164245E-4
-4.977085E-4
-5.054119E-4
-4.7769363E-4
-3.1576885E-4
-3.52468E-4
-1.601805E-4
-2.253411E-4
-1.2636826E-4
-2.2296008E-4
-5.1899224E-5
-7.912654E-5
-1.8970659E-5
-3.0803458E-5
1.3758994E-4
1.9355738E-4
2.64616E-4
2.3527366E-4
1.9582831E-4
2.4224134E-4
2.1402119E-4
2.4405077E-4
2.9176887E-4
4.4114038E-4
3.3439972E-4
3.1464212E-4
4.164833E-4
3.722963E-4
3.0957992E-4
4.1990323E-4
2.8215107E-4
2.8738784E-4
2.0071601E-4
3.7025692E-4
2.3159197E-4
2.2333777E-4
7.55601E-5
7.219503E-5
9.0114925E-5
3.9442002E-5
3.770314E-5
-8.418887E-5
9.563749E-5
1.2099233E-5
-3.759349E-5
-2.496108E-4
1.7730004E-5
-6.506836E-5
-1.8044886E-5
-1.5862647E-4
4.346528E-5
-1.1372183E-4
4.1743744E-5
-1.0828412E-4
-8.126776E-5
-9.075877E-5
-5.761102E-6
-6.8499015E-5
8.473526E-5
-1.0257476E-4
-1.1505064E-6
-7.41743E-5
6.176425E-6
6.7349116E-5
2.0293822E-4
6.349093E-5
1.1181819E-4
6.8818066E-5
1.1096213E-5
8.882212E-5
1.4967608E-4
1.6804994E-4
2.3742784E-4
2.1219104E-4
8.123804E-5
1.0090951E-4
1.5498853E-4
2.3172445E-4
2.7308142E-4
2.3071682E-4
3.544844E-4
3.0395735E-4
3.756083E-4
4.0788154E-4
3.4830277E-4
5.255908E-4
5.360427E-4
5.2489026E-4
5.68162E-4
4.976137E-4
6.2322995E-4
5.2460766E-4
6.549111E-4
4.899289E-4
6.407507E-4
4.6115444E-4
5.2609795E-4
4.5166645E-4
5.3525716E-4
4.61018E-4
5.394073E-4
3.9635118E-4
3.7308756E-4
2.7167346E-4
3.2257324E-4
2.6352188E-4
2.3912972E-4
1.0421432E-4
4.9292925E-5
1.2262505E-4
5.4635664E-5
-8.544618E-5
-2.5766725E-5
-6.809776E-5
-2.1300264E-4
-2.749544E-4
-3.951943E-4
-1.8029974E-4
-2.892068E-4
-2.9784755E-4
-3.82442E-4
-1.9204398E-4
-2.669408E-4
-2.6232252E-4
-3.211246E-4
-3.1032364E-4
-3.5444487E-4
-3.3562543E-4
-1.8375745E-4
-2.4255163E-4
-2.4713087E-4
-2.1335148E-4
-1.6273824E-4
6.408753E-6
1.770827E-5
-8.4235005E-5
-5.88264E-6
-5.7753667E-5
8.9036206E-5
1.1923534E-4
2.416623E-4
3.655641E-4
5.640402E-4
4.3347938E-4
3.185256E-4
4.2537824E-4
5.573E-4
5.668313E-4
5.084334E-4
5.0143275E-4
4.8004912E-4
3.5897936E-4
4.5437188E-4
4.498307E-4
3.264986E-4
3.934372E-4
3.3332876E-4
5.492152E-4
3.4500958E-4
5.50163E-4
3.4539742E-4
2.937509E-4
1.5231114E-4
2.4898228E-4
7.7054945E-5
7.489631E-5
3.1143634E-5
5.9481332E-5
-9.629169E-5
-1.0567344E-4
-2.3397736E-4
-1.3714995E-4
-1.9580107E-4
-3.6165194E-4
-3.1909166E-4
-3.7949096E-4
-4.972144E-4
-4.2430247E-4
-5.072164E-4
-5.21088E-4
-4.66694E-4
-5.0264696E-4
-3.6573753E-4
-3.7814645E-4
-4.2651384E-4
-4.156102E-4
-4.9665023E-4
-4.269368E-4
-3.464941E-4
-3.798965E-4
-2.9062355E-4
-2.590706E-4
-1.4462389E-4
-1.3107163E-4
-1.7628031E-4
-1.1825639E-4
-1.3232416E-4
6.0142942E-5
-1.420464E-4
1.687393E-5
-4.8285714E-5
9.145631E-5
1.027687E-4
2.4920548E-4
1.707917E-4
2.0931351E-4
2.0327981E-5
2.914227E-4
1.2855092E-4
2.8786203E-4
2.9713925E-4
2.4955437E-4
3.191377E-4
3.4945252E-4
2.4894733E-4
2.1441987E-4
3.0459077E-4
2.9242484E-4
2.993376E-4
2.7739984E-4
2.8181716E-4
1.9549674E-4
2.4153489E-4
1.5304281E-4
2.2012275E-4
1.6802506E-4
1.4449371E-4
1.1379382E-4
4.646198E-5
-3.241892E-5
-4.618313E-5
-1.1704806E-4
-5.695337E-5
-8.8579975E-5
-1.9514108E-4
-1.5478731E-4
-2.3123049E-4
-1.5960056E-4
-2.8486148E-4
-2.0137956E-4
-3.5244625E-4
-2.0958186E-4
-2.67497E-4
-1.8961118E-4
-3.508134E-4
-2.781003E-4
-3.8703353E-4
-2.2696625E-4
-3.416397E-4
-3.421654E-4
-2.7802185E-4
-2.9941305E-4
-2.7762572E-4
-2.2416064E-4
-3.509144E-4
-2.1596526E-4
-2.2808324E-4
-2.4465003E-4
-2.1556404E-4
-1.1298978E-4
-7.685744E-5
-1.440918E-4
-1.1480896E-4
-1.0167576E-4
1.02549384E-4
2.5232606E-5
1.7001916E-5
5.387917E-5
8.786093E-5
3.268664E-5
1.3557544E-4
1.6383785E-4
2.0952284E-4
1.7190538E-4
2.2604859E-4
2.0269088E-4
2.1817604E-4
2.0865114E-4
1.5592013E-4
1.5685255E-4
1.623832E-4
1.9497804E-4
1.954174E-4
2.1911303E-4
1.518949E-4
1.1840676E-4
8.021207E-5
1.9888116E-4
4.8102287E-5
1.8227765E-4
1.3824039E-5
5.5288914E-5
9.243846E-5
7.835728E-5
6.890975E-5
6.0162267E-5
-1.1205577E-4
-1.00895195E-4
-1.625334E-4
-1.0891604E-4
-1.7903543E-4
-2.6416074E-4
-1.755197E-4
-1.17595024E-4
-2.3189488E-4
-3.3574033E-4
-3.2586086E-4
-4.9676356E-4
-3.4123182E-4
-3.17192E-4
-3.310871E-4
-4.1974924E-4
-3.0248566E-4
-3.474261E-4
-3.4586363E-4
-4.388172E-4
-3.1929443E-4
-3.042018E-4
-2.6488653E-4
-3.0862307E-4
-3.6434826E-4
-2.181957E-4
-1.9437815E-4
-1.447809E-4
-2.5483465E-4
-1.5706653E-4
-1.8624977E-4
-1.3685915E-4
-1.7890029E-4
-5.1229075E-5
-5.799988E-5
-2.8023329E-5
-7.836309E-6
-1.6837144E-5
2.1621663E-5
1.9336975E-4
2.1197851E-5
1.6634361E-4
1.1002025E-4
1.7972822E-4
1.2772433E-4
2.1698573E-4
1.8658226E-4
2.899437E-4
3.330931E-4
2.1557587E-4
1.1595519E-4
1.8403579E-4
1.15922616E-4
1.2979755E-4
2.02286E-4
4.0321134E-5
-9.782144E-6
-7.7859964E-5
4.08605E-5
-8.327498E-5
-1.4071068E-4
-1.784236E-4
-1.4023964E-4
-8.3737374E-5
-5.4619013E-5
-1.662237E-4
-2.485404E-4
-3.3264916E-4
-3.260622E-4
-3.6997974E-4
-3.3635585E-4
-2.7869013E-4
-4.6677009E-4
-3.046867E-4
-4.6371564E-4
-4.3001017E-4
-4.0983324E-4
-3.6325338E-4
-4.280953E-4
-3.9724956E-4
-5.9983623E-4
-4.0511572E-4
-3.1779427E-4
-3.0772656E-4
-3.3575666E-4
-2.4469593E-4
-2.6872754E-4
-1.3775897E-4
-1.739519E-4
-1.4463489E-4
-1.0586813E-4
-1.0160676E-4
-9.2703776E-5
4.0639705E-5
1.3875082E-4
4.9437935E-5
1.414514E-4
1.1540086E-4
2.2195072E-4
1.7790745E-4
2.923028E-4
2.2269698E-4
1.6316173E-4
3.6020286E-4
4.8014833E-4
4.1437626E-4
3.7430733E-4
3.5862712E-4
4.262026E-4
3.1705594E-4
4.4684182E-4
3.0404955E-4
2.7401486E-4
2.802526E-4
2.7579017E-4
2.4054076E-4
1.0916806E-4
2.3941806E-4
1.681768E-4
9.287127E-5
2.8997703E-5
7.7574216E-5
-8.4915604E-7
2.5389201E-5
-1.4875093E-4
-1.2434572E-4
-1.3109966E-4
-8.105217E-5
-1.2212989E-4
-5.616845E-5
-1.4655064E-4
-1.392048E-4
-1.6026266E-4
-9.920859E-5
-1.2870754E-4
-3.2958138E-5
-2.910007E-5
-6.628665E-5
-5.749969E-6
-1.5352114E-5
5.0189414E-5
-4.9169927E-8
3.489618E-5
-3.601129E-5
6.280859E-5
-2.003755E-5
9.428383E-5
1.2239028E-4
2.2993836E-4
1.5857586E-4
2.7697583E-4
2.535537E-4
2.975024E-4
3.2379196E-4
2.1936101E-4
2.332242E-4
2.0355493E-4
2.0440907E-4
7.960908E-5
1.7985393E-4
1.7584939E-4
2.2593373E-4
8.48076E-5
2.633301E-4
8.4427986E-5
2.0084446E-4
1.2348616E-4
1.8350246E-4
4.5788376E-5
1.5713184E-4
-4.445506E-5
4.87437E-5
1.1653347E-5
4.9956398E-5
-6.2857216E-5
-7.620818E-5
-1.1556385E-4
-5.5521334E-5
-6.790515E-5
-4.8159487E-5
-6.407916E-5
-7.3515876E-5
-9.0125206E-5
-1.1663691E-7
2.251944E-5
1.00526195E-4
5.627727E-5
3.720747E-5
1.9914233E-4
7.274266E-5
5.0436927E-5
5.852453E-5
1.6704185E-5
1.09927394E-4
1.3183095E-4
9.2454815E-5
1.104497E-4
1.4830288E-4
4.4140088E-5
1.7043615E-4
1.8377036E-4
1.647612E-4
1.8072384E-4
6.213194E-5
-1.19883116E-4
1.3326257E-4
-2.7027821E-5
9.095121E-5
-7.335037E-5
2.5132613E-5
-8.2494174E-5
-1.17147094E-4
-1.5412772E-4
-6.958538E-5
-1.1716344E-4
-1.2658353E-4
-1.8621802E-4
-7.884412E-5
-2.697412E-4
-2.048111E-4
-1.4723405E-4
-6.383089E-5
-1.13626214E-4
-1.4858248E-4
-1.7067717E-4
-1.3938143E-4
-1.2572149E-4
-1.48022E-4
-2.7146198E-5
-2.1067231E-4
-2.8547347E-6
-1.2364572E-4
-4.5607234E-5
-2.5307963E-4
-1.12490365E-4
-7.2886956E-5
-8.6444226E-5
-1.6398111E-4
-1.057441E-4
-1.0540904E-4
-7.21474E-5
9.565369E-5
-7.462505E-5
-2.164705E-4
-2.9863097E-4
-7.9116966E-5
-8.733199E-5
-7.1600494E-5
-1.668312E-4
-2.28004E-5
-2.2673832E-4
-1.1934504E-4
-2.4082794E-4
-8.180632E-5
-3.2154995E-4
-7.241865E-5
-2.6305905E-4
-1.8341218E-4
-2.3369619E-4
-1.347164E-4
-1.9868136E-4
-1.1200917E-4
-2.9521488E-4
-3.1255203E-4
-2.7171546E-4
-2.0883164E-4
-2.581941E-4
-1.5659645E-4
-1.8373026E-4
-2.2920282E-4
-1.09176595E-4
-1.5044713E-4
-1.4509601E-4
-1.783146E-4
-1.3465065E-4
-2.4401127E-4
-2.5051582E-4
-2.2390511E-4
-1.3124521E-4
-2.5790837E-4
-1.5706914E-4
-2.2624289E-4
-1.731364E-4
-2.138893E-4
-2.2395342E-4
-2.0375225E-4
-2.9456397E-4
-3.4931878E-4
-2.281724E-4
-2.444174E-4
-3.2517657E-4
-1.7919361E-4
-2.3468546E-4
-1.3998944E-4
-1.4566773E-4
-4.8579397E-5
-2.2091958E-4
-1.0754116E-4
-9.80208E-5
-6.222583E-5
-1.9332235E-4
4.615555E-5
-7.755053E-5
2.657451E-5
-9.4444495E-6
2.3131906E-5
6.19186E-5
8.4116684E-5
1.4215411E-4
7.908094E-5
1.2375698E-4
1.178562E-4
1.6001494E-4
9.351646E-5
2.2643145E-4
1.3451751E-4
2.2327501E-4
1.4208158E-4
2.9971523E-4
2.3444009E-4
2.5508727E-4
2.223989E-4
2.9411065E-4
2.275015E-4
2.4715578E-4
1.6723857E-4
2.4056248E-4
9.106432E-5
1.4087334E-4
4.998474E-5
1.8472291E-4
8.554642E-5
1.4876074E-4
1.664739E-4
1.4000094E-4
6.0548526E-5
1.4940844E-5
1.8523851E-5
-1.7121387E-5
7.855509E-5
-1.7815795E-5
1.3056736E-4
-5.1480733E-5
8.108625E-5
-2.0637044E-5
1.2972293E-4
-3.658136E-5
1.0685107E-4
5.396762E-5
1.7870589E-4
1.0923378E-4
1.4645803E-4
2.0063385E-4
1.4789283E-4
1.5633334E-4
2.1010224E-4
1.797206E-4
1.6917544E-4
3.044363E-4
2.4255128E-4
2.8987628E-4
2.0338384E-4
3.542776E-4
3.6794765E-4
4.3030945E-4
2.8237727E-4
2.8299695E-4
3.3658362E-4
3.6505773E-4
2.426893E-4
2.7947553E-4
2.306563E-4
2.4432488E-4
4.2385218E-4
1.2097445E-4
2.0540325E-4
1.02666185E-4
2.5879111E-4
2.9067608E-4
2.917043E-4
2.0368534E-4
1.9249112E-4
1.019768E-4
7.9352336E-5
1.7457263E-5
1.901384E-4
1.0342527E-4
2.517615E-4
2.898267E-5
5.3827953E-5
-2.0619458E-5
6.8286216E-5
4.4082848E-5
8.5014166E-5
3.086442E-5
6.465708E-6
-1.0600985E-4
5.4820302E-5
-6.469363E-5
7.626765E-5
7.527538E-5
4.799155E-5
-3.2902284E-5
-6.770876E-5
-2.6872229E-5
-1.6900924E-5
2.0032683E-5
-1.190278E-4
-4.9459635E-5
-9.312155E-5
-1.2832992E-4
-1.3060251E-4
-5.7672147E-5
-6.5243315E-5
-1.5321147E-4
-3.779208E-5
-6.82796E-5
-1.9897372E-5
-1.2181313E-4
-1.0714507E-4
-1.4975351E-4
-6.341761E-5
-2.5426567E-4
-2.4027617E-4
-3.5031931E-4
-2.4201142E-4
-3.4874197E-4
-3.3013552E-4
-3.7581142E-4
-2.3494595E-4
-3.0581193E-4
-2.5039987E-4
-3.325752E-4
-2.0368503E-4
-2.3349881E-4
-2.2281284E-4
-2.8488206E-4
-1.5863455E-4
-1.5999617E-4
-9.376442E-5
-4.77382E-5
-9.9591474E-5
-3.5696292E-5
-3.9094324E-5
-4.2219035E-5
-1.8625322E-5
5.4715994E-5
5.24662E-5
9.121773E-6
5.0190112E-5
5.328838E-5
1.145711E-4
1.2112319E-4
1.7165508E-4
3.5166566E-5
4.3116164E-5
9.2900256E-5
1.739011E-4
6.0458037E-6
-2.6440784E-5
-7.0789814E-5
-2.6002686E-5
3.5755576E-5
-6.1064915E-5
-1.8204299E-4
-1.01411E-4
-1.8189797E-4
-2.1369936E-4
-2.8034576E-4
-2.4698628E-4
-2.5649802E-4
-3.6391948E-4
-5.344787E-4
-4.201823E-4
-5.584766E-4
-3.6989065E-4
-6.6324277E-4
-3.818195E-4
-4.3674206E-4
-2.9765573E-4
-5.3755933E-4
-4.45268E-4
-4.9166917E-4
-2.8584263E-4
-4.0397365E-4
-2.3386099E-4
-2.798665E-4
-3.1754223E-4
-3.6410065E-4
-1.307152E-4
-7.894961E-5
-4.5392015E-5
-4.390288E-5
1.0792221E-5
5.428157E-5
1.9255481E-4
2.7721951E-4
3.078071E-4
2.4149289E-4
2.8338606E-4
2.2285196E-4
4.153688E-4
1.716756E-4
3.080052E-4
1.8129419E-4
3.2260857E-4
3.7936607E-4
3.9327604E-4
2.3399421E-4
3.2433006E-4
1.6905912E-4
2.460848E-4
2.1678412E-4
2.1741434E-4
2.3377835E-4
3.596291E-4
-6.2119557E-6
1.4151135E-4
1.4893242E-4
1.9163951E-4
1.669213E-5
-3.673562E-5
-5.242997E-5
3.7987895E-5
-1.3514068E-4
-5.4858374E-5
-1.3557295E-4
-3.06587E-5
-1.5778384E-4
-6.962608E-5
-9.054355E-5
-1.270778E-4
-2.1790911E-4
-1.9649163E-4
-1.04337305E-4
-9.2606E-5
-1.2138252E-4
-1.2317392E-4
-2.1704753E-4
-1.1880508E-4
-1.321122E-4
-1.0670343E-4
-1.3141241E-4
-1.7897667E-4
-1.5660645E-4
-1.1331006E-4
-1.4383555E-4
4.942752E-5
-6.98336E-5
7.5319345E-5
-1.1047719E-4
1.8777487E-7
-8.4975065E-5
-3.6079891E-6
-6.1487284E-5
1.2260402E-4
-9.293865E-5
9.215856E-5
-1.7502603E-5
1.2948987E-4
-4.6440735E-5
2.1765312E-5
-1.1169855E-4
-5.327617E-5
-6.555665E-5
4.687128E-5
9.193913E-6
9.966518E-5
9.26006E-5
6.354447E-5
7.834288E-5
7.9168625E-5
-1.401212E-6
-1.6524798E-5
-3.0055355E-5
1.9138126E-5
1.3765886E-4
6.343829E-5
1.4856912E-4
3.065415E-5
2.9080813E-5
5.959691E-5
2.1149968E-5
-3.0390529E-5
-7.5872784E-5
3.9015435E-5
-3.11501E-6
1.2613718E-4
7.521693E-5
3.7292084E-5
-1.5261387E-4
3.1666914E-5
-1.1722946E-4
-6.578673E-5
-2.9543648E-4
-5.192546E-5
-2.3957236E-4
-1.5138419E-4
-2.7084938E-4
-2.1556436E-4
-2.9578098E-4
-1.6272056E-4
-3.34918E-4
-1.9907624E-4
-4.042144E-4
-3.628613E-4
-4.1312087E-4
-3.2676838E-4
-4.4748714E-4
-3.1030236E-4
-3.7488533E-4
-3.8361034E-4
-4.3107005E-4
-4.9714686E-4
-4.7078254E-4
-4.151336E-4
-4.8578763E-4
-5.003778E-4
-3.5857983E-4
-2.9128316E-4
-2.789168E-4
-2.8514973E-4
-3.7162486E-4
-3.1956637E-4
-2.7380112E-4
-1.3368054E-4
-2.6020422E-4
-1.2762242E-4
-1.1724918E-4
-8.012894E-5
-1.2137016E-4
-6.0566904E-6
-5.6605735E-5
3.6513559E-6
-1.2837359E-5
4.183204E-5
-4.7838384E-5
8.141574E-5
-4.3591703E-5
1.3189887E-4
-9.20516E-5
1.4732574E-4
-1.3066408E-4
9.769601E-5
-6.468455E-5
1.9310692E-5
-1.08547174E-4
7.4464856E-6
-8.799817E-5
-1.3699443E-5
-2.3204253E-4
-1.3371467E-4
-3.1718815E-4
-1.2721501E-4
-3.2816964E-4
-1.9216845E-4
-4.291756E-4
-2.589226E-4
-4.7957312E-4
-3.595356E-4
-3.8463587E-4
-4.2867262E-4
-3.360241E-4
-4.664921E-4
-4.2455154E-4
-5.1235367E-4
-4.8430616E-4
-3.8007853E-4
-5.3035206E-4
-5.1391305E-4
-5.0391053E-4
-4.9254624E-4
-4.7655168E-4
-5.2516325E-4
-5.540996E-4
-4.3384088E-4
-5.359856E-4
-3.4217868E-4
-3.5396506E-4
-3.4448155E-4
-3.4280907E-4
-1.9062034E-4
-2.4755407E-4
-1.6187328E-4
-2.057261E-4
-9.905646E-5
-1.3183881E-4
-1.01642254E-4
-1.5488721E-4
4.9402257E-5
-5.8813657E-5
1.3532295E-4
7.8884485E-5
1.05953E-4
1.1993365E-4
5.4342527E-5
1.960218E-4
3.4052675E-5
1.7376427E-4
1.2014056E-4
2.9358926E-4
1.164003E-4
3.9597458E-4
-1.1751214E-6
3.3151606E-4
-4.8715694E-4
6.018986E-4
0.0015136353
-0.0036241852
0.0013313526
0.0023818628
0.0017061365
-0.0035701555
0.0014006478
2.2620648E-4
-0.001647626
2.2787912E-5
6.786512E-4
-3.9745595E-5
-0.001609573
2.4985042E-4
0.0015353893
-1.5116893E-4
8.098882E-6
0.0013861686
7.2658283E-4
-7.788996E-4
2.821439E-5
5.4648035E-4
9.054515E-4
-6.30036E-4
2.7072016E-4
1.7696881E-4
-9.245428E-4
-0.0013712704
-4.056849E-4
-9.4055885E-4
-0.0015977422
-0.0013254666
1.6787216E-4
3.6466555E-4
6.335588E-4
0.0011185384
0.0012734414
8.3330524E-4
7.652424E-4
6.6500047E-4
1.5130854E-4
-2.1303838E-4
7.187975E-4
9.223451E-4
1.6954611E-4
-1.4068055E-4
8.019649E-4
7.4251357E-4
7.137991E-5
-2.114807E-4
4.8601994E-4
6.680112E-4
-1.793276E-4
-6.3312013E-4
-6.279922E-5
5.480308E-4
3.1998463E-4
8.2836734E-5
3.0363008E-4
6.108084E-4
6.0549367E-4
2.8079888E-4
1.2346607E-4
2.7792912E-4
4.215456E-4
1.5966877E-4
-1.501426E-4
-2.5967305E-4
1.7157284E-4
-4.2334676E-5
-3.198006E-4
-4.066041E-4
-1.7079936E-5
2.730737E-4
-1.8584376E-4
-5.129341E-4
-2.8785694E-4
3.7958638E-5
-2.8397725E-4
-5.295351E-4
-4.5912975E-4
-2.225097E-4
-3.270224E-4
-4.2248925E-4
-4.3576537E-4
-5.7171535E-5
1.8545594E-4
3.9325543E-5
-2.1523845E-4
-1.9225012E-5
6.484381E-7
-1.6966938E-4
-3.971004E-4
-1.8954031E-4
-1.408692E-4
-6.828088E-5
-1.418129E-4
1.1408786E-4
3.7178167E-4
2.6136503E-4
3.590476E-5
2.6189577E-5
1.2339436E-4
-2.1931817E-5
-5.9098245E-5
-1.2373629E-4
4.662148E-5
-2.1592094E-4
-6.6769615E-5
-8.006405E-5
7.582728E-5
8.0133854E-5
1.2697125E-4
-7.53221E-5
7.169678E-5
-1.5065049E-5
-1.4986131E-4
-3.2651643E-4
-3.8880025E-5
-1.4386687E-4
-6.676901E-5
-2.0851815E-4
7.246869E-5
6.046064E-6
3.672082E-5
-2.2209865E-4
-8.0354635E-5
-5.9485137E-5
-1.8593865E-4
-3.27933E-4
-5.7373698E-5
-2.2697399E-4
-7.9891804E-5
-4.3449743E-4
-5.9504365E-4
-1.39466E-4
-1.2946517E-4
-7.0344977E-4
-1.5832973E-4
6.185938E-5
-1.7657844E-4
-5.6963915E-4
-6.002831E-4
-5.483498E-4
-1.6194214E-4
-3.5147948E-4
-4.299435E-4
-1.7220656E-4
1.961941E-4
-2.8025146E-4
-4.4478677E-4
-1.9013272E-4
2.3908008E-4
-4.438159E-4
-4.895637E-4
-4.1699066E-4
2.742508E-5
-3.265286E-4
-1.7526723E-4
-5.5187746E-5
3.5654678E-4
-5.894427E-5
-7.091698E-5
2.3046747E-4
1.2163841E-4
-3.9426595E-5
-5.138884E-5
-4.237619E-5
1.622644E-4
4.3230226E-5
-1.3775918E-4
-8.222244E-5
1.3441903E-6
4.199328E-6
-9.809901E-6
1.18254946E-4
1.1530696E-4
2.2896398E-4
1.091544E-4
1.7184761E-4
9.117322E-5
2.2169709E-4
-1.21910325E-5
1.3073943E-4
8.4876214E-5
9.177905E-5
7.364899E-5
1.1807489E-4
8.503498E-5
7.395302E-5
1.5260951E-4
1.8060452E-4
8.280253E-5
2.4158938E-4
2.0473397E-4
1.180992E-4
3.9566614E-5
3.5838286E-5
1.4350515E-4
1.5768803E-5
1.539766E-5
3.2026448E-5
-4.1985986E-5
1.1200882E-4
-5.329724E-6
1.0319495E-5
1.3263077E-4
7.2760515E-5
-1.3781247E-4
9.62636E-6
-4.7967293E-5
2.8495468E-5
-1.9657223E-4
1.12571746E-4
-6.866478E-5
4.4142726E-5
-1.8814795E-4
9.162006E-5
-6.303951E-5
5.926787E-5
-1.2352812E-4
-8.1812446E-5
-8.3672334E-5
-8.3985746E-5
-2.5792612E-4
-1.2949768E-4
-3.0810753E-4
-3.041143E-4
-2.6624324E-4
-1.7860596E-4
-3.1322564E-4
-1.5793677E-4
-1.5227078E-4
-2.3455337E-4
-1.8460696E-4
-2.699261E-4
-2.4784092E-4
-2.5435546E-4
-1.9032827E-4
-2.0418057E-4
-2.0519459E-4
-2.6237284E-4
-2.1699809E-4
-1.472366E-4
-1.3937512E-4
-2.0958333E-4
-1.9940473E-4
-1.7194847E-4
-1.1649459E-4
-2.0127303E-4
-2.1952983E-4
-7.930091E-5
-9.3184004E-5
-1.7975661E-4
-2.208349E-4
-1.1064261E-4
-1.8310398E-4
-1.4772156E-4
-2.988408E-4
-5.5788692E-5
-1.3794129E-4
7.853264E-5
-1.2959872E-4
6.3312223E-6
-1.6689535E-4
-8.067107E-5
-2.095176E-4
-1.4000309E-4
-2.459794E-4
3.7587777E-4
-4.5135268E-4
-6.115234E-4
7.801457E-4
4.5179654E-4
-3.2853807E-4
-3.8047432E-4
-4.493702E-4
1.9752102E-5
3.266232E-4
4.1945465E-4
9.286912E-5
-5.9482027E-5
-4.7593503E-4
-2.6319287E-4
-1.1419341E-4
8.5788204E-5
1.1452697E-4
-6.053046E-5
-1.4130099E-4
-1.3315012E-5
-6.6623405E-5
-5.7177404E-5
-1.7535726E-4
-9.262412E-5
2.125468E-5
1.9499291E-4
7.563625E-5
3.4842125E-4
3.8251444E-4
2.3443409E-4
-3.7194756E-4
-1.10980516E-4
1.4560735E-4
3.110187E-4
1.9370708E-4
2.9656343E-4
-2.9027322E-4
-2.792345E-4
-4.0399155E-4
-2.1890407E-4
-3.737904E-4
-2.3496737E-4
-4.536686E-4
-3.71477E-4
-3.8694945E-4
-3.0720982E-4
-1.4944359E-4
-1.7876633E-6
-8.857013E-5
4.033081E-5
1.8703291E-4
6.4127154E-5
1.4235438E-5
2.8396046E-4
2.8621993E-4
2.009016E-4
2.832483E-4
2.8217025E-4
4.4801063E-4
4.2043894E-4
2.0175993E-4
3.1170817E-4
3.374709E-4
3.0401026E-4
5.9553295E-5
6.575385E-5
-1.4320639E-5
-1.3098153E-4
-2.930924E-4
-1.06859836E-4
9.668426E-6
1.0143134E-4
1.3017634E-5
2.4739385E-4
-4.17017E-5
-3.4412467E-5
-2.50871E-4
-8.749125E-5
-3.9122274E-4
-1.7777075E-4
-4.2280043E-4
-1.6823552E-4
-3.427454E-4
-1.4862236E-4
-2.646692E-4
1.06821455E-4
-9.14354E-5
-1.3039644E-4
-2.738385E-4
-1.5300707E-4
-3.259934E-4
-3.2240123E-4
-3.807214E-4
-1.7205975E-4
-2.777324E-4
-2.8087318E-4
-5.9801656E-5
-2.0005251E-5
1.2581855E-5
-1.8754352E-5
-5.797472E-5
-6.245649E-5
-8.342225E-5
-2.2225593E-4
-6.1775145E-6
6.843927E-5
-2.0400215E-4
-3.541696E-5
2.1374389E-4
3.3637494E-4
2.3701781E-4
2.204179E-4
2.2387222E-4
2.7019138E-4
9.525764E-6
9.5421296E-5
-7.519256E-5
-2.1451291E-5
-2.042683E-4
-4.9038023E-5
-4.9076225E-5
1.0604399E-4
6.752781E-5
1.679979E-4
-1.0571646E-5
1.512928E-4
-2.0549388E-4
-6.978195E-5
-2.1421578E-4
-2.133302E-4
-5.09112E-4
-4.5907535E-4
-5.320264E-4
-3.1738996E-4
-2.813344E-4
-1.6334775E-4
-2.4573394E-4
-1.51067E-4
-1.8039743E-4
-1.7562538E-4
-2.8309235E-4
-3.6167874E-4
-3.5674244E-4
-4.9268495E-4
-4.984042E-4
-4.980835E-4
-2.631979E-4
-2.1241135E-4
-2.6532452E-4
-4.4899902E-4
-2.1876901E-4
-2.7267446E-4
-4.1710382E-4
-5.7432754E-4
-4.5952798E-4
-3.4416758E-4
-4.2967804E-4
-4.341025E-4
-4.413339E-4
-2.521574E-4
-3.4333795E-4
-3.1788525E-4
-1.7451709E-4
7.9900485E-5
-1.7155972E-4
-8.665896E-5
-3.120749E-4
-2.2829622E-4
-2.249183E-4
-1.4206677E-4
-3.3466706E-5
1.5611807E-4
-5.5350956E-5
4.6489393E-5
-9.612942E-6
1.3474538E-4
6.936964E-5
3.4713303E-5
-6.889411E-5
7.756222E-5
-7.052574E-5
-1.4118847E-4
-2.2614194E-4
-9.8015786E-5
-1.458019E-4
-1.17853284E-4
-1.3949351E-4
-2.5478617E-4
-1.3170754E-4
-8.931877E-5
-5.8881586E-5
-1.545468E-4
-1.3578554E-4
-7.8414276E-5
-1.3825917E-6
8.594751E-5
8.92715E-5
1.1980131E-4
6.701339E-5
1.8224769E-4
2.727614E-4
2.4354088E-4
1.3523566E-4
1.9835905E-4
2.2016634E-4
2.3645181E-4
4.4665296E-5
2.878996E-4
1.9987872E-4
3.3671924E-4
2.7956493E-4
3.1402704E-4
2.8905136E-4
4.0294862E-4
2.7198793E-4
2.7403797E-4
2.0042625E-4
3.504938E-4
2.0015494E-4
1.2569404E-4
7.563829E-5
1.9494064E-4
1.3152126E-4
1.997921E-4
1.7197913E-4
3.5898166E-4
2.4039383E-4
3.7068868E-4
2.3038372E-4
3.1801514E-4
3.2523426E-4
2.5022507E-4
2.9647004E-4
1.8073533E-4
4.068297E-5
5.2511212E-5
2.6123374E-4
2.0236E-4
-2.4417715E-5
-4.3831124E-6
9.873254E-5
3.598667E-5
1.1783987E-5
-1.4109878E-4
6.6165953E-6
4.223345E-5
-1.6277948E-4
-7.282708E-5
-5.50043E-6
5.6792927E-5
-2.3557089E-4
-9.0278256E-5
-7.635242E-5
-2.3150096E-5
-1.4818634E-4
-6.63841E-5
-7.9826124E-5
1.263349E-4
-1.7616774E-5
7.286371E-5
-2.562896E-5
1.0364599E-4
8.985805E-5
1.6440506E-5
-1.0996554E-5
1.7398944E-4
1.7560147E-4
-4.393331E-5
7.2279845E-6
1.37535135E-5
3.6122165E-5
3.5671106E-5
8.239729E-5
1.472205E-4
9.973198E-5
1.4596232E-4
1.13053364E-4
8.411951E-5
1.9863617E-4
1.5200251E-4
7.548288E-5
1.8212106E-4
2.9203834E-4
2.0663174E-4
1.12684516E-4
6.158364E-5
2.3401093E-5
1.2422449E-4
2.0965468E-4
1.5542291E-4
2.6391985E-4
3.2557952E-4
1.759246E-4
1.5899188E-4
3.6822825E-5
2.3829384E-4
2.2312431E-4
3.41041E-4
1.5371182E-4
2.0807872E-4
2.262885E-4
2.700004E-4
1.281757E-4
3.2621864E-4
2.2364796E-4
3.426589E-4
1.6759735E-4
1.2947721E-4
1.59206E-4
1.4680142E-4
1.1879962E-4
2.095761E-4
1.6343339E-4
1.2494449E-4
4.7089845E-5
1.2055725E-5
3.209614E-5
1.646587E-4
1.4892244E-4
1.4661464E-5
1.3815529E-4
-2.0217125E-5
1.1978883E-5
1.5157619E-5
4.1231884E-5
8.463131E-5
9.705985E-5
9.836457E-5
7.673946E-5
1.2833107E-4
4.0626936E-5
1.2506619E-4
-1.46571165E-5
3.7227706E-5
1.9183386E-5
1.9264764E-4
8.619133E-5
7.776407E-5
-4.975797E-5
8.71777E-5
-2.098188E-5
1.0119535E-4
-2.8428782E-4
-7.48235E-5
-1.4051484E-4
-9.5892174E-5
-1.9201923E-4
-9.480785E-5
-3.2161214E-4
-1.8734028E-4
-2.0444546E-4
-1.1223106E-4
-3.0775453E-4
-2.0821876E-4
-1.6417222E-4
-1.9288322E-4
-1.5343154E-4
-2.4631104E-4
-3.1835143E-4
-2.73326E-4
-2.3776518E-4
-3.1485385E-4
-3.7725567E-4
-3.7916526E-4
-2.3803014E-4
-1.362552E-4
-3.011254E-4
-3.204419E-4
-3.4551584E-4
-2.2099957E-4
-2.1337671E-4
-2.3096021E-4
-3.7599597E-4
-2.842988E-4
-3.537986E-4
-2.6911922E-4
-3.59062E-4
-2.3001264E-4
-3.792696E-4
-3.1376482E-4
-4.3762426E-4
-3.581003E-4
-4.54195E-4
-3.3954476E-4
-4.600473E-4
-2.9046147E-4
-4.969407E-4
-3.4736196E-4
-5.350753E-4
-2.294745E-4
-3.4327875E-4
-2.9942117E-4
-3.526085E-4
-3.4109707E-4
-5.4900296E-4
-2.7801565E-4
-2.1955762E-4
-4.312149E-4
-4.7750154E-4
-3.048768E-4
-3.4780003E-4
-1.992746E-4
-3.983115E-4
-3.0337588E-4
-2.8574627E-4
-3.174237E-4
-3.369426E-4
-3.7348058E-4
-3.8897613E-4
-3.0673828E-4
-3.169417E-4
-1.831298E-4
-2.2456473E-4
-1.10450484E-4
-8.28271E-5
-3.946916E-5
-2.0782772E-4
-3.2763107E-4
-2.5053511E-4
-6.559416E-5
-1.4520422E-4
3.4275563E-5
-1.2013151E-4
-8.062474E-5
-1.8009503E-4
-1.7216765E-4
-2.2660795E-4
-1.9575178E-4
-2.3675965E-4
-1.8479716E-4
-3.6761467E-4
-4.1536315E-4
-3.7511173E-4
-1.5477132E-4
-1.292449E-4
-1.6140655E-4
-2.2857494E-4
-1.0348025E-4
-4.3720345E-5
-9.184556E-5
-1.9630752E-4
-1.296475E-4
-1.7710055E-4
-2.2813701E-4
-1.023875E-4
-1.5302548E-4
-5.3651616E-5
9.488784E-5
1.1695776E-4
1.5936165E-4
1.4557333E-4
1.9741223E-4
9.140549E-5
-2.3031353E-5
-1.0332818E-6
-3.4976383E-5
-2.0402836E-4
-8.969257E-5
-5.400215E-5
1.19820856E-4
7.5958145E-5
1.18808566E-4
1.8065943E-5
1.1358448E-4
8.632223E-5
2.0755467E-4
-9.3985465E-5
-3.960123E-5
-1.6710878E-4
-6.318896E-6
-3.1192717E-6
7.84062E-5
-1.0406371E-5
2.2028062E-4
3.624716E-4
3.2522032E-4
2.3459503E-4
3.0269963E-4
3.1138962E-4
3.9682674E-4
2.3691701E-4
1.6757318E-4
1.5646742E-4
2.120375E-4
3.7551232E-4
4.2396886E-4
5.370304E-4
5.066466E-4
5.784464E-4
4.4214717E-4
3.9310087E-4
3.639283E-4
3.6030923E-4
2.675449E-4
2.7229107E-4
2.5840447E-4
3.551164E-4
3.259408E-4
4.3871664E-4
4.086398E-4
4.3212014E-4
4.539137E-4
4.5281823E-4
4.7108904E-4
2.3632291E-4
1.8690345E-4
1.7948137E-4
1.965512E-4
1.4916428E-4
2.0578734E-4
1.5306509E-4
3.57635E-4
2.891966E-4
3.3429448E-4
2.624987E-4
2.5623688E-4
2.5881475E-4
3.1696746E-4
2.0280953E-4
2.9004138E-4
2.3459425E-4
2.2742689E-4
1.3503869E-4
2.0925487E-4
2.4344682E-4
1.5209669E-4
2.2040449E-4
2.3327321E-4
2.814018E-4
1.01928024E-4
8.714945E-5
7.55857E-5
1.3378286E-5
-4.5260018E-5
1.7713178E-4
1.5529165E-4
2.1966442E-4
2.9254713E-4
2.8288655E-4
2.5924415E-4
3.2011952E-4
3.034589E-4
4.4709086E-4
3.5007438E-4
2.8917883E-4
3.655503E-4
4.1116157E-4
3.8063532E-4
3.4340227E-4
3.66648E-4
3.4690418E-4
3.283564E-4
3.5677158E-4
4.1733333E-4
4.1898736E-4
3.5266657E-4
2.1054964E-4
2.3464832E-4
2.583068E-4
3.2328E-4
3.7191072E-5
3.954528E-5
-3.9614933E-5
1.0716327E-4
-4.070694E-5
1.5117711E-5
-1.4170655E-4
-2.2705509E-4
-1.7538258E-4
-2.1767338E-4
-1.8851714E-4
-2.3049209E-4
-3.2356806E-4
-3.2223185E-4
-3.7696413E-4
-3.716992E-4
-3.0345953E-4
-3.5422848E-4
-3.6377125E-4
-4.2952335E-4
-3.656803E-4
-4.896513E-4
-2.9921E-4
-3.958091E-4
-2.878842E-4
-2.7748992E-4
-1.8085007E-4
-2.7807016E-4
-3.453006E-4
-3.6998605E-4
-3.1474888E-4
-2.6995043E-4
-1.5262929E-4
3.101021E-5
-3.962322E-6
-9.1931426E-5
-1.0863969E-4
-1.1671301E-4
-7.062068E-5
-1.2241071E-4
-2.1693946E-4
-3.4455777E-5
-4.1041232E-5
-6.771267E-6
1.5369618E-4
3.486471E-5
-3.3069395E-5
-1.8640601E-5
4.607219E-6
8.937124E-5
3.9351224E-5
2.930209E-5
1.4141234E-5
-7.128413E-5
4.8705155E-5
-1.518079E-5
-4.1814223E-5
-2.1361583E-4
-2.3836606E-5
-1.6906236E-4
-6.991957E-5
-6.8342015E-5
2.7023516E-6
1.3553032E-5
7.9211044E-5
5.6259556E-5
1.7262473E-4
-3.286009E-5
3.086641E-5
-3.1159598E-5
2.6895688E-5
-8.367201E-5
1.1992268E-5
2.4815135E-5
8.5212436E-5
8.479023E-5
9.358176E-6
1.5295955E-5
-1.040322E-5
-1.3446113E-5
-2.08817E-4
-1.1050653E-4
-1.4321518E-4
-1.3206802E-4
-1.8131838E-4
-9.414293E-5
-1.1521459E-4
-1.7878865E-5
-4.9919214E-5
-8.968339E-5
-2.0683701E-4
-7.851599E-5
1.4960628E-5
5.085647E-5
-3.3779885E-5
1.733671E-5
3.541614E-5
2.3817742E-5
8.628092E-5
7.644502E-5
1.367891E-4
1.04026934E-4
1.0630942E-4
6.625156E-5
1.6272455E-4
1.4841062E-4
2.0825997E-4
1.7551248E-4
1.7262611E-4
1.9825579E-4
1.3660899E-4
1.1876601E-4
2.1489427E-4
9.518767E-5
1.8173162E-4
1.7345526E-4
2.1438034E-4
1.69763E-4
1.0726148E-4
2.3001709E-4
2.219936E-4
2.856773E-4
9.067474E-5
1.3206415E-4
4.7270285E-5
1.2507233E-4
1.2096831E-4
1.7319473E-4
1.6995094E-4
2.1704726E-4
9.331003E-5
1.8262959E-4
8.3814826E-5
8.562884E-5
1.5782449E-5
-8.537393E-5
-9.572657E-5
1.8028403E-6
-8.616239E-5
-1.1661312E-4
-1.5194432E-4
-1.535926E-4
-9.127937E-5
-1.0553065E-4
-7.5766606E-5
-3.43598E-5
-7.264626E-5
-9.949276E-5
-2.3194403E-5
-1.4149876E-4
3.6476944E-5
-1.2553809E-4
1.9991701E-5
-1.3919123E-5
-1.510977E-5
3.231317E-5
7.1382354E-5
8.383736E-6
1.04331E-4
1.215794E-4
8.1545695E-5
1.1572706E-4
8.547464E-5
5.877269E-5
2.852012E-5
1.5187923E-4
1.07906286E-4
7.003251E-5
2.2739636E-5
1.6265298E-4
8.952222E-6
5.103222E-5
-5.780711E-6
1.5918507E-5
9.605527E-6
9.857517E-5
2.0514179E-5
-2.4405743E-5
6.533723E-5
9.241004E-5
6.620875E-5
3.3964443E-5
1.2632969E-4
9.8557415E-5
1.1667673E-4
1.1417359E-4
5.6695782E-5
4.7729867E-5
1.0033342E-4
1.3948682E-4
3.6198882E-5
5.259113E-5
7.0441E-5
9.5856514E-5
1.1649343E-5
-8.558872E-5
4.7409823E-5
-2.343013E-5
-9.597785E-5
-9.140635E-5
-1.450064E-4
-6.8361805E-5
-1.2664635E-4
-6.611061E-5
-1.2226819E-4
-7.0348666E-5
-1.7680219E-4
-2.3594961E-4
-2.6341152E-4
-2.4390024E-4
-2.9449517E-4
-1.3369217E-4
-3.9342153E-4
-3.2842002E-4
-3.0239957E-4
-3.2703724E-4
-3.163942E-4
-3.5540576E-4
-3.1342718E-4
-3.605501E-4
-2.8114725E-4
-3.368724E-4
-3.534504E-4
-3.1022256E-4
-3.1317724E-4
-3.540804E-4
-3.4397517E-4
-3.047061E-4
-2.1395845E-4
-3.7291122E-4
-3.48415E-4
-3.162119E-4
-1.9336074E-4
-3.018751E-4
-2.0865194E-4
-2.0124628E-4
1.6700105E-5
-2.759315E-4
-1.5837769E-4
-1.271028E-4
-7.7464596E-5
-1.15905765E-4
-5.612592E-5
-8.484254E-6
1.2196778E-5
2.4214294E-5
-4.141853E-7
-6.0144557E-5
9.4783314E-7
2.4533249E-5
-7.264332E-5
7.96491E-5
6.411285E-5
9.523132E-5
8.475931E-6
9.1710615E-5
1.0580541E-4
1.99711E-4
1.00541794E-4
5.075812E-5
9.693553E-5
1.18464384E-4
1.2190019E-4
2.9345095E-4
2.5399032E-4
1.1748564E-4
4.689949E-6
9.030978E-5
2.3545341E-4
1.1982572E-4
1.709435E-4
9.63725E-5
5.1635332E-5
6.67517E-5
1.3894607E-4
7.783375E-5
2.0185491E-4
1.561185E-4
1.7252589E-4
2.1590713E-4
3.8876227E-4
2.6346548E-4
1.9451727E-4
2.496708E-4
3.171574E-4
3.4719557E-4
4.285933E-4
3.9558686E-4
4.2697828E-4
4.386517E-4
4.5283607E-4
3.9457966E-4
4.240991E-4
4.3132834E-4
3.7583185E-4
3.3462112E-4
3.0962392E-4
2.8992075E-4
4.3563356E-4
3.3080048E-4
2.966113E-4
3.5551435E-4
2.8244965E-4
2.4244213E-4
2.0886037E-4
1.8374398E-4
1.03409126E-4
1.4974305E-4
1.5460013E-4
7.76188E-5
1.1148988E-4
6.579223E-5
4.9808437E-5
-2.0924965E-5
6.944265E-5
1.3880122E-6
5.326119E-5
-1.6169483E-4
-4.8420545E-5
-1.8392266E-5
-1.1969051E-5
-1.0347261E-4
1.9965273E-5
-3.924578E-5
5.8129044E-5
-9.185989E-5
3.303995E-5
-3.256525E-5
1.01544276E-4
-4.12647E-5
3.078943E-5
4.9898073E-5
7.2880175E-5
9.2457034E-5
1.7287466E-5
7.787077E-5
1.2374972E-4
2.736938E-4
1.2284923E-4
2.060096E-4
1.0916363E-4
8.516017E-5
2.0901483E-4
2.4241455E-4
1.5055391E-4
1.7885589E-4
1.9167489E-4
1.7584926E-4
1.4052348E-4
1.539485E-4
1.6563105E-4
1.6533888E-4
2.0646439E-4
1.2779102E-4
2.3629153E-4
2.3873398E-4
3.144862E-4
3.1667112E-4
3.0173664E-4
1.5652155E-4
2.0590107E-4
1.794801E-4
3.0628423E-4
2.4028348E-4
3.462346E-4
1.6027837E-4
2.0280134E-4
1.5772408E-4
2.480922E-4
1.345557E-4
2.3367422E-4
1.3730224E-4
2.8321822E-4
1.3613698E-4
1.7524447E-4
1.4026363E-4
2.238378E-4
2.7560944E-5
4.4598615E-5
9.542379E-5
1.219429E-4
6.328304E-5
1.633472E-5
3.8982966E-5
1.3972302E-5
3.9337916E-5
3.065724E-5
-4.4674627E-5
-4.2845848E-5
-1.2928985E-4
-1.1542936E-4
-1.4204007E-4
-1.0875283E-4
-8.7890716E-5
-1.4815356E-4
-2.4109056E-4
-2.3990941E-4
-2.4462756E-4
-2.427476E-4
-3.02404E-4
-2.4346016E-4
-4.183125E-4
-3.5884397E-4
-2.8661347E-4
-2.6640765E-4
-3.9108846E-4
-2.3263303E-4
-3.9581917E-4
-2.2788436E-4
-2.9383623E-4
-1.6506508E-4
-4.0077927E-4
-2.773961E-4
-5.124345E-4
-3.904516E-4
-3.391939E-4
-3.5605478E-4
-3.5661692E-4
-3.237391E-4
-3.026746E-4
-2.549456E-4
-2.9624786E-4
-3.3300466E-4
-3.8564502E-4
-3.4386636E-4
-3.7709062E-4
-2.403497E-4
-3.6933308E-4
-4.242572E-4
-3.3141993E-4
-3.8306304E-4
-4.436732E-4
-2.8494876E-4
-2.3807593E-4
-3.7538816E-4
-2.8201015E-4
-3.697256E-4
-2.9601503E-4
-3.1523235E-4
-2.808929E-4
-3.0266304E-4
-3.6517548E-4
-1.8447704E-4
-3.114582E-4
-2.8074265E-4
-3.2346873E-4
-1.6619204E-4
-2.6869358E-4
-1.5975484E-4
-2.3444596E-4
-2.1659925E-4
-3.413113E-4
-1.6750296E-4
-2.550929E-4
-9.783077E-5
-1.936757E-4
-6.165754E-5
-1.4154211E-4
-2.4010658E-5
-1.2635485E-4
5.7787147E-6
3.364642E-5
5.3949214E-5
1.973492E-5
9.067939E-5
3.8357834E-5
1.7994513E-4
1.3773252E-4
1.6763998E-4
1.8015395E-4
3.0961967E-4
2.4814432E-4
3.1435277E-4
2.4327633E-4
1.8148439E-4
2.3420723E-4
3.0674163E-4
3.4896636E-4
2.896315E-4
3.2823146E-4
3.063984E-4
4.6542313E-4
3.28223E-4
3.3722917E-4
3.559771E-4
3.071394E-4
3.5716136E-4
3.2140192E-4
4.175331E-4
3.9830894E-4
3.2269067E-4
2.5202028E-4
4.4294036E-4
3.842473E-4
3.3266738E-4
3.132868E-4
3.3081282E-4
2.9274536E-4
4.106285E-4
2.4337838E-4
3.3457304E-4
2.1862137E-4
3.651245E-4
3.2173796E-4
2.864688E-4
2.5132866E-4
3.802179E-4
3.2292554E-4
3.5078652E-4
3.1768612E-4
3.5182925E-4
2.4192782E-4
2.641096E-4
2.957051E-4
2.4147924E-4
1.9554957E-4
2.8459314E-4
2.6621643E-4
1.5258839E-4
2.4120478E-4
1.7413528E-4
2.3216223E-4
2.422392E-4
2.6551893E-4
2.1803028E-4
1.700328E-4
2.1561174E-4
1.39455E-4
2.4697318E-4
1.856127E-4
2.030552E-4
7.373687E-5
1.4732318E-4
1.276409E-4
2.0105354E-4
1.6939118E-4
1.5366997E-4
1.2407695E-4
2.8771206E-4
1.8175147E-4
3.2715264E-4
2.0770403E-4
3.5231956E-4
1.0987646E-4
2.9727374E-4
1.7123466E-4
3.4201337E-4
2.191578E-4
3.3157106E-4
2.3187288E-4
2.5326808E-4
2.905809E-4
4.3718403E-4
3.797659E-4
4.5376676E-4
4.030077E-4
4.1118392E-4
4.2378542E-4
4.1948655E-4
3.7908228E-4
3.5530145E-4
3.7022989E-4
3.548589E-4
3.5285874E-4
4.0558947E-4
2.794312E-4
3.840845E-4
3.0510413E-4
3.475712E-4
3.0225865E-4
2.4538324E-4
1.407246E-4
1.9424576E-4
1.5792574E-4
1.8098835E-4
1.9212358E-4
1.8842453E-4
1.3392947E-4
2.0749267E-4
8.507485E-5
2.5432577E-4
1.2949032E-4
2.3883517E-4
1.1300549E-4
9.3819115E-5
1.2875431E-5
8.953061E-5
5.656145E-5
1.3261588E-4
5.5035467E-5
8.481214E-5
5.5234792E-5
6.896137E-5
-4.4587805E-6
1.16631374E-4
-6.323384E-5
-8.292508E-6
-2.6170217E-5
-2.1323223E-5
-1.1900694E-4
-1.4779717E-4
-4.840315E-5
-1.15045186E-4
-1.1786489E-4
-2.0863194E-4
-1.3779326E-4
-1.3254251E-4
-1.8441673E-4
-2.8418956E-4
-2.604885E-4
-2.3157739E-4
-3.6996618E-4
-3.5119406E-4
-3.5279186E-4
-3.3093226E-4
-4.0324815E-4
-4.139745E-4
-3.901586E-4
-3.6783816E-4
-3.9794526E-4
-3.8251313E-4
-5.302907E-4
-4.6261228E-4
-4.534216E-4
-3.873902E-4
-4.4990142E-4
-4.734314E-4
-4.726101E-4
-4.837154E-4
-5.170485E-4
-3.401903E-4
-4.8793358E-4
-3.2490396E-4
-4.1416875E-4
-4.0743907E-4
-3.3073904E-4
-3.8963888E-4
-2.4154602E-4
-3.6695204E-4
-2.7739373E-4
-1.1293585E-4
-2.2796387E-4
-2.7537817E-4
-2.4023664E-4
-2.5890197E-4
-2.541769E-4
-2.5547438E-4
-1.1845707E-4
-1.6794309E-4
-1.4750958E-4
-2.1058302E-4
-1.863935E-4
-1.10309615E-4
-8.1451675E-5
-1.7979597E-4
-3.189142E-4
-2.3602768E-4
-4.9357397E-5
-8.252897E-5
-1.2065663E-4
-8.037583E-5
-3.1639207E-5
-1.449736E-4
-7.2152434E-5
1.33786E-5
-5.2888965E-5
2.2129172E-5
-1.5469351E-4
1.1403171E-5
-5.336636E-5
1.2565925E-4
3.5285913E-5
1.395774E-4
1.1636624E-4
1.6184498E-4
1.3589556E-4
1.7576305E-4
1.5489584E-4
9.39798E-5
1.2821812E-4
2.5638292E-4
1.864166E-4
1.6189697E-4
2.2028576E-4
2.334039E-4
3.194148E-4
3.623286E-4
3.2630484E-4
3.781958E-4
3.8397257E-4
1.9094904E-4
2.7755444E-4
2.815034E-4
3.0939103E-4
3.9683288E-4
4.4604685E-4
4.2393265E-4
4.9252325E-4
4.4035786E-4
3.9165892E-4
3.5165466E-4
4.1091818E-4
4.9399317E-4
3.9963677E-4
4.713506E-4
4.255162E-4
4.8186482E-4
3.5271028E-4
4.952996E-4
3.3943137E-4
3.9033717E-4
3.453228E-4
4.076417E-4
3.8971394E-4
4.2794715E-4
2.600878E-4
4.2782674E-4
3.7974125E-4
4.140521E-4
3.018864E-4
3.7217265E-4
3.5819237E-4
3.584511E-4
3.5043858E-4
2.5979884E-4
3.570102E-4
3.4802128E-4
2.990147E-4
1.4507172E-4
2.7899203E-4
2.3954725E-4
2.7404111E-4
2.986072E-4
1.357059E-4
1.8618567E-4
2.6173916E-4
2.7929267E-4
2.91213E-4
2.1588145E-4
2.6014875E-4
1.3031373E-4
2.171375E-4
2.636766E-4
2.0142773E-4
3.050511E-4
1.8520543E-4
2.5826663E-4
2.1180893E-4
2.9786202E-4
5.9027534E-5
2.7176485E-4
2.4390483E-4
2.439324E-4
1.377163E-4
1.688143E-4
1.068403E-4
2.8682998E-4
1.2127844E-4
2.0645888E-4
9.754761E-5
2.0330916E-4
6.506348E-5
1.6399568E-4
5.544751E-5
1.8005128E-4
-1.4064153E-5
1.5129156E-4
6.65657E-5
1.2015624E-4
4.22333E-5
1.05289364E-4
-2.4671477E-5
-9.833697E-6
3.5685356E-5
-5.0709412E-5
-8.097989E-5
-4.941956E-5
-6.901824E-5
-5.238739E-5
-1.5120664E-4
-2.3918403E-6
-1.3344821E-4
-7.162352E-5
-1.1256301E-4
-1.1490807E-4
-1.7357733E-4
-1.9401503E-4
-1.8051773E-4
-1.4048285E-4
-2.5718802E-4
-2.4216119E-4
-2.565856E-4
-2.4402745E-4
-3.4601247E-4
-2.0060399E-4
-3.8110238E-4
-2.8791642E-4
-4.267716E-4
-3.6115476E-4
-3.879785E-4
-2.8439003E-4
-4.11179E-4
-3.756758E-4
-5.198852E-4
-3.6601917E-4
-5.0789845E-4
-3.8743851E-4
-5.8329216E-4
-5.0674623E-4
-6.5559027E-4
-4.7280831E-4
-5.148699E-4
-4.1046168E-4
-5.684237E-4
-3.893995E-4
-4.7435722E-4
-4.7250855E-4
-5.524376E-4
-4.7779494E-4
-5.4326805E-4
-4.8996834E-4
-4.593605E-4
-4.5236817E-4
-4.0254422E-4
-4.6991892E-4
-4.5035398E-4
-4.0525742E-4
-5.2389095E-4
-3.903321E-4
-4.6022708E-4
-3.743025E-4
-5.57019E-4
-3.829146E-4
-4.044651E-4
-3.8693642E-4
-4.7880175E-4
-3.062019E-4
-4.0500326E-4
-3.149885E-4
-2.8804265E-4
-2.7890486E-4
-3.6276234E-4
-2.6609638E-4
-3.1663897E-4
-2.3820931E-4
-2.1457412E-4
-1.8114281E-4
-2.7413596E-4
-4.630245E-5
-1.0361783E-4
4.4522735E-6
-1.0635303E-4
-2.7380927E-5
-7.240641E-5
8.235055E-5
5.9053105E-5
9.5805415E-5
-8.419985E-6
1.7758683E-5
5.179765E-5
4.9675702E-5
6.8380315E-5
1.06959225E-4
6.462455E-5
1.6853528E-4
1.0491656E-4
1.1323689E-4
5.6280474E-5
7.8006306E-5
1.0580124E-4
8.132077E-5
1.0980514E-4
6.1022343E-5
1.8545495E-4
1.6467944E-4
2.2794279E-4
8.36269E-5
1.409214E-4
2.2894188E-4
7.4574426E-5
1.7485177E-4
1.907606E-4
2.9494238E-4
1.7610431E-4
3.0550704E-4
1.8172916E-4
1.5077992E-4
1.9668193E-4
3.334352E-4
2.3612796E-4
2.9658555E-4
1.8891372E-4
2.921289E-4
1.3025971E-4
2.5927107E-4
1.6654588E-4
3.2076787E-4
2.2568693E-4
2.5047793E-4
2.312903E-4
3.1073304E-4
2.6779476E-4
3.3203067E-4
3.0435203E-4
3.0619942E-4
3.1009535E-4
2.767834E-4
3.032469E-4
3.2441306E-4
2.325968E-4
2.838781E-4
2.0714123E-4
2.5760403E-4
1.6705561E-4
2.662076E-4
2.9892346E-4
3.3647788E-4
2.288508E-4
2.9191017E-4
3.4593174E-4
3.311039E-4
2.45353E-4
2.5071195E-4
1.0214591E-4
3.0477942E-4
2.706635E-4
1.9022718E-4
1.5146262E-4
2.8941024E-4
2.2467662E-4
3.0257794E-4
1.79954E-4
2.7057566E-4
1.7429214E-4
3.1365242E-4
1.4602691E-4
1.8248562E-4
2.1823402E-4
1.7277898E-4
1.8691635E-4
1.3699445E-4
3.0812592E-4
3.6861395E-4
1.9588221E-4
2.3558711E-4
3.425349E-4
2.9353146E-4
2.473655E-4
3.3146358E-4
1.7093672E-4
2.849188E-4
2.518193E-4
3.0064952E-4
2.6384398E-4
2.147307E-4
2.6683655E-4
2.8330393E-4
2.266413E-4
2.446739E-4
1.9756578E-4
2.4258015E-4
8.752404E-5
1.0368603E-4
3.309485E-5
1.645976E-4
1.6227052E-4
2.5085593E-4
2.2273048E-4
1.4663127E-4
8.853687E-6
1.6427148E-4
5.7625817E-5
1.1020352E-4
1.3349598E-4
2.0601557E-4
2.369851E-5
9.1954505E-5
-1.7744358E-5
7.044513E-5
5.730327E-5
-3.8181188E-5
4.7456247E-6
7.2357405E-5
-4.471112E-5
1.2664043E-4
2.0655943E-5
8.6054235E-5
-6.9112764E-5
-8.546172E-5
-2.3957576E-4
-1.2930624E-4
-1.3916212E-4
-8.404093E-5
-9.7527E-5
-8.0419064E-5
-1.794592E-4
-2.3479656E-4
-3.0520928E-4
-1.9805452E-4
-2.134502E-4
-2.9472026E-4
-3.3696208E-4
-2.870152E-4
-3.3860837E-4
-2.9374557E-4
-3.2511455E-4
-2.9048833E-4
-3.778717E-4
-2.8484297E-4
-4.163409E-4
-2.3134865E-4
-3.842788E-4
-3.7028227E-4
-4.1264103E-4
-2.7697437E-4
-3.458517E-4
-2.7432496E-4
-4.2730905E-4
-1.7228321E-4
-4.4220517E-4
-2.5302713E-4
-3.500838E-4
-2.296412E-4
-2.971054E-4
-1.592634E-4
-3.0565634E-4
-2.950485E-4
-2.2024898E-4
-1.5937714E-4
-3.1154483E-4
-2.0356436E-4
-1.8485289E-4
-1.3225274E-4
-2.225871E-4
-1.6422907E-4
-1.19995646E-4
-6.78144E-5
-1.3234127E-4
-9.130555E-5
-9.1647475E-5
-1.394164E-4
-4.1898915E-5
-5.896044E-5
-1.2660604E-4
-6.848219E-5
-1.48843355E-5
7.411834E-5
-1.1078983E-4
-7.379104E-5
-6.4219E-5
-8.552152E-6
-3.287133E-5
1.20760305E-4
6.122827E-5
9.2301314E-5
-3.6637266E-5
1.5199935E-4
1.934651E-4
2.380359E-4
7.6039236E-5
2.3480409E-4
9.800353E-5
1.3835433E-4
1.7453398E-5
1.4662219E-4
2.0161989E-4
2.5418095E-4
1.992346E-4
2.57251E-4
2.5029576E-4
2.5873896E-4
2.4943714E-4
3.427389E-4
3.2760212E-4
3.369607E-4
4.9251E-4
3.6450554E-4
4.031131E-4
5.501214E-4
4.9408124E-4
3.634621E-4
3.8596778E-4
5.542562E-4
5.049116E-4
5.202431E-4
4.9865595E-4
4.3996758E-4
4.521212E-4
4.2912626E-4
5.045734E-4
3.1795554E-4
4.443851E-4
4.7849407E-4
2.6266646E-4
4.072594E-4
3.2737083E-4
4.537414E-4
3.2738427E-4
4.6714136E-4
2.663043E-4
4.5298238E-4
3.3300972E-4
4.1154426E-4
2.0157683E-4
2.1807368E-4
1.8680477E-4
2.4248235E-4
2.2864215E-4
1.5980811E-4
1.471813E-4
2.407373E-4
1.0624977E-4
1.5259327E-4
1.2680574E-4
1.6789777E-4
3.0771236E-5
1.466592E-4
1.630986E-4
2.2940707E-4
9.173669E-5
6.195707E-5
7.117012E-5
1.1603342E-4
9.027683E-5
2.4885792E-5
9.557086E-5
1.0515663E-4
1.1614395E-4
4.795798E-5
-1.0062837E-5
9.666517E-5
-5.2012027E-5
1.7438314E-4
-3.326865E-5
-1.1022529E-5
-1.48258405E-5
-4.1493266E-5
-9.9911296E-5
9.037286E-5
-5.2160416E-5
-4.6391855E-5
-1.2950163E-4
-3.3370263E-5
-7.72632E-5
-7.998702E-5
-1.2447176E-4
-1.30836E-4
-1.5832117E-4
-3.773691E-5
-1.8449624E-4
-1.5771961E-4
-1.2070488E-4
-5.7034526E-5
-1.4359578E-4
-1.246663E-4
-1.6807612E-4
-2.7526592E-4
-2.4446927E-4
-9.354104E-5
-1.7485002E-4
-8.563015E-5
-1.0336317E-4
-1.5663236E-4
-4.5503602E-5
-4.7936446E-5
-1.0174816E-4
-1.0199536E-4
9.34167E-6
-4.074034E-5
-1.4432975E-4
-1.9843336E-4
-8.4768486E-5
-1.20994075E-4
-7.787986E-5
-1.12241796E-4
2.9548097E-5
-1.0360841E-4
-1.1517769E-4
2.158986E-5
-1.1818463E-4
9.632395E-5
-9.9679164E-5
-1.2128515E-4
-1.8535048E-4
-4.5237048E-5
-1.1903949E-4
3.322098E-5
-1.695228E-5
1.5372583E-5
-2.571784E-5
-4.1528E-5
-1.2225121E-4
-3.9836515E-5
-7.520326E-5
-1.0204336E-5
-2.2930797E-4
-6.732884E-5
-1.2285926E-4
-7.1941016E-5
-1.4891048E-4
-8.367273E-5
-8.820108E-6
-9.856755E-5
-9.093932E-5
-1.00661564E-4
-1.08826825E-4
-1.6082122E-4
-9.4937874E-5
2.7628228E-5
2.4069104E-5
-4.873909E-6
-5.0316252E-5
-1.0989049E-4
-7.993921E-5
-5.772294E-5
-9.2963775E-5
-5.1491843E-5
7.561556E-6
-2.2069917E-5
6.6104934E-5
-1.7194856E-5
5.5046752E-5
-7.5825636E-5
-1.8039556E-5
-3.7772045E-6
2.2118507E-5
6.379965E-5
-3.524768E-5
1.5277938E-4
7.6408825E-5
1.8953126E-4
8.5057436E-5
1.4967701E-4
9.2874216E-5
2.6002867E-4
2.3700549E-4
1.6742703E-4
1.2304785E-4
3.0698217E-4
2.0730085E-4
2.4916066E-4
1.0715809E-4
1.8697837E-4
1.573525E-4
1.9242412E-4
2.5203812E-4
1.9784374E-4
8.292674E-5
2.3297497E-4
1.20963E-4
2.83885E-4
1.636952E-4
2.3506011E-4
1.8941442E-4
1.4386058E-4
4.136012E-5
1.5174832E-4
1.2508933E-4
1.5356395E-4
1.5869392E-4
1.3860008E-4
1.4086855E-4
1.554197E-4
1.2497121E-4
2.2927203E-4
1.082024E-4
9.177292E-5
1.11656154E-4
9.563704E-5
6.114311E-5
1.4193097E-4
9.7077354E-5
1.7843941E-4
6.1180355E-5
1.5813408E-4
5.6676843E-5
2.0186312E-4
1.625761E-4
2.1566871E-4
1.5714695E-4
1.8743095E-4
1.6743355E-4
1.9201916E-4
7.855957E-5
1.7861594E-4
8.060315E-5
1.4841942E-4
9.00717E-5
1.5414416E-4
1.083975E-4
1.335727E-4
1.5371338E-4
7.9969235E-5
2.4141361E-4
1.8965056E-4
1.8510385E-4
8.459286E-5
7.678189E-5
1.4992662E-4
1.4350662E-4
9.232038E-5
1.0186439E-4
1.6356514E-4
1.463294E-4
1.16581854E-4
8.0477635E-5
1.8512306E-4
9.50265E-5
1.4326315E-4
1.8789338E-4
1.7184661E-4
1.5307694E-4
1.4183433E-4
1.3114724E-4
1.5401722E-4
1.4293182E-4
1.747539E-4
1.1595395E-4
2.6821188E-4
1.6716112E-4
2.0671703E-4
1.4352289E-4
2.5236714E-4
2.1700047E-4
2.1108647E-4
2.1854049E-4
1.1109594E-4
1.9347269E-4
2.2147303E-4
1.1492205E-4
1.3056413E-4
9.0152374E-5
7.9659316E-5
1.4814289E-4
2.1599254E-4
1.4863313E-4
1.4188232E-4
1.2132876E-4
1.0121366E-4
1.0274382E-4
5.7085654E-6
3.418504E-5
-1.5839852E-5
5.4120806E-6
1.293448E-5
5.6448123E-5
1.3954414E-4
-3.5841524E-6
6.153438E-5
-2.8655022E-5
-1.2502125E-4
-7.5940734E-5
-4.7019785E-5
7.422973E-5
-4.2251224E-5
5.9348663E-6
-1.9732424E-5
-8.689376E-5
-4.794756E-5
-5.376855E-5
5.1580733E-5
-9.881742E-5
1.7135637E-5
-1.0949545E-4
-1.3635874E-5
-9.1173126E-5
2.8725346E-5
-5.8562586E-5
9.012047E-6
-5.3642085E-5
-7.233572E-6
-9.071799E-5
-1.3479305E-4
-7.1561495E-5
-1.046866E-4
-4.477933E-5
-2.0908044E-6
-3.2890555E-5
-7.061896E-5
-1.2630745E-4
-5.6836485E-5
-1.0383273E-4
-7.775922E-5
-1.9271625E-4
-1.9349184E-4
-5.6296434E-5
-5.2569452E-5
-7.3764895E-5
-8.191403E-5
-8.651427E-5
-7.4494106E-5
-1.2008485E-4
-9.8141914E-5
-1.17895725E-4
-6.261523E-5
-1.2964546E-4
1.9746436E-5
-8.664452E-5
-8.7080385E-5
-1.8232904E-4
-5.0072405E-5
-8.342419E-5
-6.6107765E-5
-1.292642E-4
3.6977413E-5
-1.4404762E-4
-1.0115879E-4
-1.0394724E-4
2.964001E-5
-1.8198868E-4
-1.0322533E-4
-1.17646785E-4
-1.0506339E-5
-2.6629124E-5
-1.7102831E-5
-1.3623109E-4
-4.5524084E-5
-1.7781049E-5
-4.4796358E-5
3.0232724E-5
3.2567175E-5
-6.3841806E-5
1.6652457E-5
-1.2270053E-6
2.7043483E-5
1.066872E-4
-1.3420731E-5
3.8896625E-5
1.2502464E-4
1.0600178E-4
8.8057684E-5
2.4482024E-5
7.758454E-5
9.289924E-5
6.3997584E-5
1.2791378E-4
3.914122E-5
6.9196765E-5
2.0814144E-4
6.547272E-5
3.224958E-5
1.510575E-4
2.0198533E-4
1.2737967E-4
1.823942E-4
9.282312E-5
1.15686766E-4
1.6825173E-4
1.7952947E-4
1.8414544E-4
1.5945469E-4
7.1406546E-5
2.259838E-4
1.5554667E-4
1.5358714E-4
1.6276508E-4
1.5423365E-4
9.289153E-5
4.8154376E-5
3.2211346E-6
1.21177065E-4
1.6420531E-4
1.1715605E-4
4.466468E-5
5.7340145E-5
1.4490161E-4
1.0123756E-4
1.2021232E-4
1.3239037E-4
5.648011E-5
6.747881E-5
1.6796947E-4
1.2527617E-4
1.6127981E-4
2.170553E-4
1.2670738E-4
1.5052356E-4
1.2294808E-4
2.0276797E-4
1.2884305E-4
1.8347219E-4
7.355654E-5
2.3945447E-4
1.7426531E-4
2.5633816E-4
2.1999604E-4
2.8074483E-4
1.9233217E-4
1.4531663E-4
2.0390551E-4
2.3689076E-4
1.9640173E-4
2.3149706E-4
2.320121E-4
1.5510504E-4
1.70005E-4
2.2535534E-4
1.6904564E-4
1.9614791E-4
1.1050158E-4
1.9351645E-4
1.8454561E-4
1.1165194E-4
1.4546906E-4
1.4645552E-4
1.7201301E-4
1.7375548E-4
2.543173E-4
1.10595574E-4
1.5276964E-4
6.475267E-5
1.4453576E-4
1.2457273E-4
1.5458856E-4
1.4067812E-4
1.08336695E-4
4.301061E-5
1.8488924E-4
4.6861067E-5
1.816797E-5
4.1497544E-5
5.197098E-5
-1.3979145E-5
-8.886285E-6
2.881601E-5
4.1075546E-5
-4.9797425E-5
-1.2175534E-4
-2.9112378E-5
-1.188452E-4
-7.795357E-5
-1.2127963E-4
4.760219E-6
-1.5201775E-4
-1.4940553E-4
-1.0039338E-4
-3.5998848E-5
-8.566088E-5
-1.5482934E-4
-2.7645117E-4
-2.3422079E-4
-2.1803519E-4
-2.2071594E-4
-2.01122E-4
-2.5388927E-4
-1.3451239E-4
-2.4865923E-4
-2.4176006E-4
-2.5582485E-4
-2.0974826E-4
-1.9643865E-4
-3.023661E-4
-1.5027757E-4
-2.0631094E-4
-2.4974038E-4
-2.2375489E-4
-2.9870216E-4
-1.6387252E-4
-1.4310401E-4
-2.2504672E-4
-1.8241924E-4
-2.0011995E-4
-1.2118672E-4
-2.4806077E-4
-2.0053162E-4
-1.797889E-4
-1.5789692E-4
-2.1775786E-4
-1.7339556E-4
-2.1873796E-4
-1.130078E-4
-2.3837709E-4
-1.0947469E-4
-1.12514186E-4
-1.4204244E-4
-1.1254461E-4
-3.7399354E-6
-1.2620952E-4
-9.4852345E-5
-1.4130953E-4
-5.6085493E-5
-1.5247942E-5
2.9686084E-5
2.4083927E-5
7.137765E-5
4.432071E-5
6.476994E-5
-2.777612E-5
1.4804924E-4
1.4136122E-4
8.168994E-5
1.6607528E-4
2.1430587E-4
9.665593E-5
6.2331324E-5
3.5834793E-5
6.5396816E-5
9.6630356E-5
6.897961E-5
-3.0835414E-5
4.7506277E-5
2.3250486E-6
1.6100172E-5
9.029271E-6
-6.2898114E-5
-7.973248E-5
-1.3247636E-4
-5.923861E-6
-3.8113983E-5
-2.2445636E-5
-1.06815336E-4
-1.7848359E-4
-1.582605E-4
-1.2723621E-4
-1.1298263E-4
-7.958051E-5
-9.344393E-5
-1.7132015E-4
-1.7657386E-4
-2.1093838E-4
-9.973835E-5
-1.7642847E-4
-8.18415E-5
-1.3724242E-4
-1.08996464E-4
-1.3183658E-4
-5.7136344E-6
-6.6735897E-6
-4.7355672E-5
-1.2049873E-4
-4.167416E-5
-5.938049E-6
-7.245078E-5
-6.918379E-5
-2.4146811E-5
-8.11158E-6
1.5848107E-5
-1.29009095E-5
5.6013178E-6
-1.5089712E-5
-1.349783E-5
-1.3390447E-5
-7.4199656E-5
-1.5600865E-4
-1.1570876E-5
-5.4725733E-5
-4.2505068E-5
7.4265285E-5
2.345387E-5
-3.976056E-5
3.075044E-5
-6.510772E-5
-7.121988E-5
-5.080713E-5
-3.9019626E-5
6.406212E-5
-2.1178377E-5
1.19731005E-4
1.325072E-4
-2.2059383E-5
4.6422516E-5
8.009478E-5
1.622462E-4
1.5244664E-4
7.247432E-5
7.582935E-5
1.6016424E-4
6.5572225E-5
9.036419E-5
-8.562941E-8
1.0648394E-4
1.2454105E-4
1.6868781E-4
3.9132872E-5
1.0099027E-4
1.8386853E-4
9.962102E-5
1.3024165E-4
4.0104787E-5
6.17842E-5
1.1564845E-4
7.3968265E-5
1.621375E-4
8.3070794E-5
-6.971485E-6
1.9606107E-6
8.2552615E-5
7.761082E-5
3.9282924E-5
-2.5429548E-5
6.3499506E-6
6.326105E-5
-1.3828783E-5
2.7313865E-5
-1.0198693E-4
-4.1122847E-5
1.7550694E-5
1.5198837E-5
-8.971396E-5
-4.911782E-5
3.0056392E-5
-1.5520985E-5
5.0105653E-5
2.9802002E-5
-1.02773134E-4
-8.4919986E-5
6.613781E-5
-5.98193E-7
-5.740187E-5
6.317703E-5
-1.7148175E-5
-2.9966774E-5
2.8533557E-6
-4.313056E-6
-6.1301165E-5
-1.1673037E-4
-3.9384107E-5
5.4234257E-5
-4.6092523E-6
2.8557894E-5
6.0293976E-5
4.25146E-5
-3.466399E-5
-8.899101E-6
1.132859E-4
1.12220085E-4
1.8468005E-5
1.1954925E-4
7.239446E-5
5.53968E-5
-2.3217386E-5
-2.0466867E-5
-1.1427898E-4
-1.809192E-5
1.5342865E-5
3.2162097E-5
-6.552988E-5
-5.8827573E-5
6.8151036E-5
-8.5316045E-5
-1.369148E-4
-5.025268E-6
-6.3356914E-5
-1.6110248E-4
-6.825718E-5
-4.384334E-5
-1.04187064E-4
-1.3158254E-4
-2.231702E-5
-9.297719E-6
-7.6676435E-5
-5.5387707E-5
2.1650561E-5
-4.289315E-5
1.8377808E-5
-3.8447364E-5
-7.568756E-5
-3.024767E-6
-6.3308216E-5
-9.816828E-5
-2.9718234E-5
-6.751437E-5
-5.0435403E-5
-6.712662E-5
1.6293447E-5
3.0282263E-5
4.2135334E-6
1.3148614E-4
-1.7043365E-5
-1.5185317E-5
-6.2415296E-5
5.8611367E-5
1.2690579E-5
8.9705405E-5
6.754921E-5
2.5991054E-5
-8.893474E-6
1.09803535E-4
3.8949842E-5
2.9849318E-5
4.8217447E-5
6.254686E-5
-3.5147707E-5
-7.862775E-5
5.6689547E-5
1.7730807E-5
-7.286944E-5
-1.3049354E-4
-5.2141186E-5
-1.0179449E-4
-4.6596808E-5
-8.35732E-5
-6.519491E-5
-2.71947E-5
-1.2897305E-5
-9.562821E-5
-7.22967E-5
-7.634842E-5
-3.5059416E-5
-6.6498964E-5
-1.1822288E-5
7.714894E-6
-1.8043473E-5
-1.0221203E-5
-4.9355833E-5
9.66537E-6
-5.980361E-5
-5.6395213E-5
-6.4871914E-5
-6.3604144E-5
1.0954456E-5
-5.8255486E-5
-2.2264678E-5
-4.758591E-5
-2.319913E-5
3.8294573E-5
4.7340032E-5
9.63834E-5
2.1691407E-5
5.3642187E-5
-5.9205664E-5
2.7195882E-5
-9.975112E-7
9.964054E-5
3.731543E-5
9.764682E-6
3.0345635E-5
-4.7623846E-8
-1.8478564E-5
5.4406133E-5
4.9227212E-5
2.184795E-4
1.3171976E-4
3.707403E-5
1.1700249E-4
1.1838556E-4
2.606631E-4
1.4037076E-4
2.0966504E-4
1.4316285E-4
2.3488201E-4
2.1001586E-4
2.2307737E-4
1.266045E-4
2.8762498E-4
1.9547004E-4
3.0503518E-4
1.9616584E-4
2.1053971E-4
2.4392705E-4
2.757198E-4
2.2801859E-4
2.1126792E-4
2.0149234E-4
2.630298E-4
2.4210013E-4
2.212139E-4
1.7413167E-4
1.5913819E-4
2.0691089E-4
2.0007367E-4
1.6043824E-4
2.5392417E-4
1.8771386E-4
1.4167305E-4
1.8604504E-4
8.175438E-5
1.436833E-4
7.843096E-5
2.0004617E-4
4.838431E-5
9.7379976E-5
4.741751E-5
3.7685437E-5
4.2706943E-5
6.1479404E-6
1.2990707E-4
6.8948095E-5
7.622359E-5
1.9733203E-5
5.4082502E-5
-3.9397455E-6
1.3597515E-4
-3.1969597E-5
-3.9846864E-6
-5.6518587E-5
6.073959E-8
-5.239696E-5
-4.0819134E-5
-7.451674E-5
-1.0545265E-4
-1.21506004E-4
-1.266535E-4
-1.5507711E-4
-2.1558059E-4
-1.2903906E-4
-2.8474664E-4
-1.5871215E-4
-1.5628299E-4
-2.0934443E-4
-1.6720209E-4
-2.4564032E-4
-2.4017197E-4
-2.725327E-4
-3.2694294E-4
-1.8802314E-4
-2.170792E-4
-1.900475E-4
-2.4574556E-4
-3.20016E-4
-2.5668016E-4
-3.238647E-4
-2.7192693E-4
-2.517245E-4
-2.7961537E-4
-3.4017424E-4
-1.6623866E-4
-2.1881747E-4
-2.2192627E-4
-1.6559804E-4
-2.1704184E-4
-2.0217792E-4
-2.2267722E-4
-1.8507616E-4
-1.1248933E-4
-1.11601075E-4
-2.0467887E-4
-1.2389998E-4
-7.983622E-5
-1.2018706E-4
-9.623855E-5
-1.5870665E-4
-1.8267683E-4
-8.032485E-5
-5.090959E-5
-1.2200295E-4
3.173831E-5
-2.9746017E-5
-9.45497E-5
-1.0740285E-5
-8.712829E-5
2.2658285E-5
1.7734354E-5
2.6331165E-5
-8.467941E-5
-2.7108308E-5
-1.0566497E-4
8.64714E-6
5.8014808E-5
5.302903E-5
-4.6346962E-5
5.6220317E-5
6.834952E-5
6.271366E-5
1.1924169E-4
1.596324E-4
1.8394642E-4
1.7443339E-4
9.0919115E-5
1.5806012E-4
2.1787819E-4
1.773468E-4
1.699269E-4
2.0420704E-4
2.2933705E-4
6.5823435E-5
9.799906E-5
1.4114255E-4
1.9080208E-4
9.4273186E-5
1.3231188E-4
1.2455338E-4
1.10378045E-4
7.829735E-5
2.087984E-4
1.5545546E-4
5.5068682E-5
4.320695E-6
1.3038456E-4
1.6530401E-4
1.6484279E-4
7.378579E-5
7.153551E-5
6.1402134E-5
9.1948554E-5
1.2852863E-4
9.862086E-5
7.869787E-6
-3.8668186E-5
-3.0287065E-5
-7.057064E-5
9.965863E-5
-3.7743466E-5
-1.5524183E-6
-1.0625374E-5
2.3879582E-5
-4.024899E-5
-1.5610947E-5
-1.08750995E-4
-5.268195E-5
-8.852755E-5
-1.7422604E-4
-4.091571E-5
-5.056148E-5
-8.658175E-5
-2.8887098E-5
-3.3574364E-5
2.7452536E-5
-1.9170433E-5
-4.7707495E-6
-1.5576807E-5
-8.935835E-5
-6.820006E-5
-2.893039E-5
-2.527007E-5
-5.011203E-5
-9.115841E-5
-7.243336E-5
1.40945895E-5
4.650932E-5
4.809341E-5
2.904665E-5
1.15466304E-4
2.1907928E-5
2.6829714E-6
1.0549108E-4
1.7310526E-4
1.0403453E-4
4.4408636E-5
9.780556E-5
5.70542E-5
8.679137E-5
5.786224E-5
1.1674867E-4
6.458082E-6
1.4235766E-4
8.1498205E-5
9.551478E-5
1.9446811E-4
2.0737143E-4
8.91848E-5
2.235004E-5
1.6671565E-4
1.6223903E-4
2.5337774E-4
1.5475988E-4
1.4632194E-4
2.1592605E-4
1.7611556E-4
3.057251E-4
9.548306E-5
1.4065835E-4
1.4045957E-4
7.673329E-5
1.6164541E-4
1.3116833E-4
1.00026846E-4
6.933595E-5
8.424019E-5
7.876766E-5
6.871277E-5
5.8615926E-5
5.1176718E-5
8.441681E-5
8.7557295E-5
3.0451847E-6
-6.3351275E-5
-2.2763834E-5
5.9040147E-5
9.661726E-7
5.624681E-5
-6.5138665E-5
-9.849544E-6
-8.939855E-5
-1.7311148E-5
-1.0370678E-4
-7.4332216E-5
-1.4267399E-4
-9.50541E-5
-9.84377E-5
-1.7331397E-4
-1.9193841E-4
-1.2154803E-4
-1.2328564E-4
-1.5666377E-4
-2.4583956E-4
-2.067174E-4
-1.5437168E-4
-1.5990563E-4
-9.77138E-5
-3.323391E-5
-2.1728812E-4
-1.8811043E-4
-2.556674E-4
-2.538253E-4
-1.3439856E-4
-1.8641622E-4
-2.1808609E-4
-1.5388602E-4
-2.931129E-4
-2.171963E-4
-2.9359097E-4
-1.3014798E-4
-2.5732676E-4
-1.69452E-4
-1.6208779E-4
-9.049519E-5
-2.633779E-4
-1.4401732E-4
-2.6829558E-4
-1.2258122E-4
-1.8272722E-4
-7.0093345E-5
-2.2308393E-4
-1.780271E-4
-1.5683973E-4
-1.3328122E-4
-1.9169736E-4
-1.4033537E-4
-1.7470773E-4
-8.0735685E-5
-2.6037069E-5
-4.166358E-5
-5.9403363E-5
-5.5926987E-5
-1.9364695E-4
-8.7273096E-5
-1.1314594E-4
-1.0939227E-4
-6.0852875E-5
2.2146978E-5
-4.3595483E-6
-6.8886E-5
-7.9475154E-5
1.3524273E-8
-2.2422748E-5
1.2863692E-4
-4.4320026E-5
4.424595E-5
-5.2105974E-5
4.647933E-5
9.3422794E-5
4.8517955E-5
9.295768E-5
9.4715775E-5
-8.9807676E-5
1.8129242E-4
2.8222055E-5
3.0533938E-5
3.620446E-5
1.0085288E-4
-1.0487786E-4
1.2620771E-4
8.0981E-5
6.0192804E-5
3.357723E-5
1.3081147E-4
7.3843E-5
7.6558696E-5
-1.1131338E-5
5.7161047E-5
-8.9666275E-5
7.8100886E-5
1.3179143E-4
1.6558444E-4
8.989133E-5
6.217841E-5
2.0640662E-6
1.3769665E-5
-4.1218875E-5
-1.03442566E-4
-6.04034E-5
-8.13361E-6
-1.10486784E-4
9.193475E-5
-7.2995936E-5
2.0887235E-5
-1.4795245E-4
-1.8552484E-4
-1.16886426E-4
-8.172679E-6
-4.150869E-5
-8.576166E-5
-1.8214427E-4
-7.120957E-5
-1.4000364E-4
-5.16732E-5
-2.5976036E-4
-1.20753284E-4
-2.7972506E-4
-1.4278627E-4
-1.7858738E-4
-1.2415493E-4
-2.2645238E-4
-8.916518E-5
-2.5749303E-4
-1.9938983E-4
-2.1770396E-4
-2.4646087E-4
-1.5175059E-4
-1.9207114E-4
-1.94776E-4
-1.4599602E-4
-1.4506829E-4
-4.892705E-5
-1.6348735E-4
-1.3884703E-5
-1.4315128E-4
1.7860153E-5
3.3709217E-5
-2.0865933E-5
-2.621372E-5
-9.544608E-6
7.9904305E-5
4.0557195E-5
-1.9517274E-5
1.10511515E-4
1.0863975E-4
1.5318679E-4
8.1607286E-5
1.608339E-4
1.2265932E-4
2.1075166E-4
2.0106866E-4
2.2212802E-4
1.5781347E-4
2.2445062E-4
1.2654727E-4
2.3029216E-4
2.1977368E-4
2.5789152E-4
2.092799E-4
2.635511E-4
2.140471E-4
2.6197042E-4
2.6730026E-4
3.3116087E-4
2.1578997E-4
2.5672044E-4
2.4393274E-4
3.2706017E-4
1.6663819E-4
3.0953478E-4
2.3995512E-4
1.4060036E-4
2.8002207E-4
3.9713018E-4
3.1502236E-4
1.7201023E-4
2.2152915E-4
2.5936493E-4
2.6058685E-4
2.7803515E-4
2.3999093E-4
1.9301286E-4
2.5018558E-4
2.148101E-4
1.7061263E-4
2.3248124E-4
1.4617284E-4
1.4001782E-4
1.5307796E-4
1.07449414E-4
1.03061364E-4
5.5464676E-5
5.737491E-5
2.825789E-5
-8.451136E-5
1.01559745E-4
2.2537464E-5
-2.9565444E-5
6.123616E-6
-1.47357605E-5
-6.945816E-5
2.107463E-5
-3.5794823E-5
5.0682906E-5
-9.814755E-5
-2.3307965E-5
-6.8704816E-5
-1.1267415E-5
-5.257866E-5
1.0800005E-5
-4.505434E-5
-1.5905652E-4
-1.2575659E-4
-2.0473971E-4
-2.0854354E-4
-1.5264409E-4
-1.4156073E-4
-9.385079E-5
-2.5723907E-4
-2.3636165E-4
-1.7697953E-4
-2.7934578E-4
-2.970912E-4
-3.2387936E-4
-1.4061762E-4
-2.3225594E-4
-2.70653E-4
-3.229916E-4
-2.372993E-4
-2.3773476E-4
-2.514193E-4
-2.5057045E-4
-2.566166E-4
-2.800589E-4
-3.5557736E-4
-3.4855938E-4
-3.431445E-4
-2.4999588E-4
-3.7296236E-4
-2.811913E-4
-3.7567047E-4
-4.101996E-4
-2.9658095E-4
-3.385392E-4
-3.7221742E-4
-2.6767113E-4
-2.7521537E-4
-2.8445842E-4
-1.9387141E-4
-2.5187494E-4
-3.2593988E-4
-3.2255217E-4
-2.2863035E-4
-2.3012793E-4
-1.2722687E-4
-1.7268228E-4
-1.0879697E-4
-1.6965861E-4
-1.2484672E-4
-1.3109461E-4
-9.037294E-5
-1.05272986E-4
-7.656755E-5
2.3834056E-5
-9.130665E-5
-1.5481837E-5
-1.5280681E-4
8.5253734E-5
-1.8964357E-4
2.821336E-4
-4.431241E-4
2.629671E-4
-2.1700414E-4
-4.7838577E-5
4.282702E-4
-0.0010601046
9.111528E-4
2.1442008E-4
-1.7372689E-4
-8.7303735E-5
1.600615E-4
-1.9986866E-5
1.8749128E-5
1.6517477E-4
3.1418866E-5
-7.648683E-6
2.831E-5
-9.8831E-6
-3.5858353E-5
5.0334147E-5
-5.8666104E-5
-8.33625E-5
-1.03211154E-4
-2.0901945E-4
-1.2432628E-4
-6.963003E-5
-1.3349504E-4
-4.2056847E-5
-1.4006684E-4
-1.1384546E-4
-1.492835E-4
-1.6547115E-4
-5.6998717E-5
-6.504028E-5
-1.466494E-5
-1.0167643E-4
-3.8634706E-5
-1.8445126E-4
-1.388007E-4
-1.4014498E-4
-5.8494203E-5
-9.730961E-5
-2.829438E-5
-3.2829208E-5
-6.657637E-5
-1.5541719E-4
-1.6392447E-4
-1.5157927E-4
-1.3435264E-4
-1.4061091E-4
-8.0959995E-5
-2.3234189E-4
-1.1655306E-4
-1.226721E-4
-1.0991916E-4
-2.7476033E-4
-2.1006487E-4
-1.4891698E-4
-4.7841615E-5
-1.6064352E-5
3.872783E-5
-1.5228617E-6
8.18302E-6
-9.798252E-5
-1.9670124E-5
7.8284276E-5
4.782289E-5
1.2214587E-4
1.0263341E-4
6.29991E-5
1.032711E-4
2.9171224E-5
1.21315374E-4
4.159697E-5
2.0537675E-4
1.2390541E-4
1.6545223E-4
1.0015927E-4
1.03973376E-4
-1.1378705E-6
1.1063734E-4
-3.7374236E-6
1.1049898E-4
-2.3630952E-5
2.1823846E-4
2.2785902E-5
1.5578028E-4
-1.824029E-5
-1.5527154E-5
-2.3487977E-5
2.3973707E-4
9.104052E-5
2.383828E-4
6.558589E-5
2.1793316E-4
-6.7043125E-5
2.8924964E-4
-3.1860002E-6
2.8689994E-4
-5.3094223E-5
3.6290218E-4
-3.367579E-5
3.190611E-4
3.867641E-5
4.2199303E-4
-6.86073E-5
4.9368566E-4
-1.6907416E-6
5.854805E-4
1.9767544E-5
6.5571885E-4
-3.7757665E-5
7.887054E-4
-8.745335E-5
8.5097464E-4
-3.6288289E-4
8.411515E-4
-5.9619406E-4
0.0010697219
-8.8589627E-4
0.0014211966
-0.0013739348
0.0017928245
-0.0021223747
0.0023541888
-0.0032379832
0.0035573484
-0.004522682
0.0051883915
-0.0063462714
0.0071713547
-0.008715845
0.009680945
-0.011463617
0.01269406
-0.01395136
0.015612819
-0.01676168
0.017992001
-0.019099183
0.019400079
-0.020255934
0.019458244
-0.019222973
0.01804541
-0.013023876
-0.0072118114
0.05876342
-0.13014738
0.23175262
-0.26070237
0.33101803
-0.30993038
-0.4763583
0.84414035
0.5641618
-0.54588276
-1.0
-0.5601762
-0.16112456
0.38949364
0.5980092
0.6627251
0.40853247
0.082049526
-0.109760426
-0.115136676
0.09141243
0.21114136
0.31842253
0.07383818
0.12746215
-0.036979508
-0.1931519
0.036688205
-0.6301208
-0.030436497
0.43287882
-0.2054969
-0.6196086
-0.45128667
-0.24321154
-0.04517536
0.16427372
0.16978312
0.08346382
-0.06720662
-0.019921247
-0.027934814
-0.035821483
-0.019392133
0.043094832
0.035882972
-0.009396544
-0.061045263
-0.13011417
-0.12891297
-0.04696519
-0.04824645
-0.090789184
-0.07451282
-0.038232498
-0.053090364
-0.08962015
-0.061944757
0.0057500713
0.004357043
-0.013860409
-0.030545332
-0.052150674
-0.058226045
-0.043133747
-0.0055114287
0.060761
0.09511746
0.05347081
0.016211377
0.027224718
0.063545205
0.08335472
0.09501213
0.10511194
0.09062028
0.0657599
0.065534815
0.088623494
0.10617298
0.13015214
0.1298015
0.08016641
0.054474723
0.052973174
0.030129718
0.041146178
0.06312533
0.07351844
0.07252003
0.065326616
0.035413302
0.008176362
0.0074242833
0.01825899
0.0425231
0.055837538
0.055568986
0.044442285
0.029534403
0.03317717
0.031165196
0.029864993
0.049359363
0.05069681
0.044760883
0.03389192
0.022839358
0.012572169
0.009381264
0.022434583
0.030933669
0.020261135
0.019598925
0.019929837
0.009136919
4.3868445E-4
-0.007822254
-0.011604769
-0.008081552
0.009811333
0.018217793
0.019071149
0.020555483
0.016495872
0.0077248453
-0.003916822
-0.004713996
4.1821477E-4
0.008274372
0.02270033
0.02715617
0.017345436
0.0028143195
-0.011313286
-0.016761987
-0.020905552
-0.016251292
-0.0062930775
-0.0049261036
-8.415641E-4
-0.0065762894
-0.018423341
-0.0353844
-0.03891918
-0.03605272
-0.03140961
-0.02749874
-0.026975183
-0.026723603
-0.029398171
-0.035737913
-0.04022287
-0.04711389
-0.04540778
-0.04098948
-0.035073683
-0.02555289
-0.026576506
-0.032279015
-0.038448673
-0.040021583
-0.040952764
-0.039384827
-0.035418145
-0.03356709
-0.036289148
-0.033830192
-0.036268096
-0.04138558
-0.043596033
-0.039809458
-0.036008507
-0.034559157
-0.029656397
-0.027836306
-0.026437175
-0.029259391
-0.02773757
-0.023858525
-0.027974414
-0.029735133
-0.026657982
-0.019127397
-0.014958797
-0.012831538
-0.0125631755
-0.015906986
-0.017615842
-0.015579018
-0.0136915175
-0.012801336
-0.013067424
-0.013143621
-0.0128360335
-0.014396582
-0.013267399
-0.011271204
-0.010050309
-0.009937106
-0.0091027515
-0.007917988
-0.007341232
-0.006874387
-0.005933046
-0.005080485
-0.0045647575
-0.004016924
-0.0036931722
-0.0032243985
-0.0028561307
-0.0025662368
-0.002719722
-0.0028301615
-0.0028933745
-0.0026912119
-0.0022214493
-0.0016322131
-0.0011872494
-9.239321E-4
-7.057748E-4
-5.615318E-4
-4.283788E-4
-3.1462533E-4
-1.8523663E-4
-8.806846E-5
-2.9298059E-5
-6.288833E-6
-0.0
