* Impulse Response data saved by REW V5.20 Beta 12
* IR is normalised
* IR window has been applied
* IR is not the min phase version
* Source: Microfone (E-MU 0404 | USB), no input selected, Left channel, volume: no control
* Dated: 29/06/2017 16:19:14
* Measurement: jun 29 16:19:14
* Excitation:  128k Log Swept Sine, 1 sweep at -14,0 dBFS  Using a loopback as a timing reference
* Response measured over: 1,8 to 20.000,2 Hz
0.015570376068353653 // Peak value before normalisation
6003 // Peak index
6227 // Response length
2.0833333333333333E-5 // Sample interval (seconds)
-0.125 // Start time (seconds)
* Data start
0.0
-1.399273E-11
6.756645E-10
5.2074E-10
7.8024104E-10
8.557151E-10
3.373442E-9
6.592086E-10
5.13608E-9
6.9382655E-9
1.2151054E-8
-6.188199E-9
7.781327E-9
-8.768351E-9
-3.0913545E-9
2.3316439E-8
-5.931709E-10
1.3151135E-9
1.3756531E-8
4.6083617E-8
3.161022E-8
6.504499E-8
7.63223E-8
8.3145544E-8
7.893849E-9
1.1711157E-7
1.3979182E-7
1.4068324E-7
5.843438E-8
1.084294E-7
3.2270144E-8
3.8541664E-8
7.681939E-8
1.7123508E-8
1.7735267E-8
1.05532614E-7
1.0332535E-7
3.6014725E-8
7.27316E-8
-1.057971E-7
1.0485047E-7
-5.5609316E-8
7.431121E-8
-1.0056425E-8
1.300169E-7
2.6804292E-8
4.1526815E-7
1.315324E-7
3.8788792E-7
-1.0241488E-7
5.110034E-7
3.524324E-7
8.712141E-7
1.5925198E-7
3.6477243E-7
5.9405556E-7
8.123328E-7
3.4887682E-7
6.64252E-7
6.4473113E-7
4.596593E-7
1.2940349E-7
5.3186056E-7
3.013568E-7
3.0423212E-7
3.0490222E-7
4.3268447E-8
1.334134E-7
-2.7714092E-8
5.414095E-7
-9.143245E-7
-4.9812453E-8
-2.4893626E-7
-4.572191E-7
-1.5231589E-7
-2.5405456E-7
1.3089804E-7
-4.640901E-7
-1.937845E-7
4.835062E-7
2.7318944E-8
9.595427E-8
5.5107273E-7
3.918568E-7
5.2848947E-7
1.9192146E-7
1.0358011E-6
1.03058326E-7
6.8680845E-7
-1.7891266E-7
4.971169E-7
-2.770499E-7
-2.4258978E-7
-5.0380095E-7
1.1387112E-6
2.2568776E-7
-3.240523E-7
-9.553305E-7
2.947084E-7
-7.854935E-7
-7.9725106E-7
-1.597623E-6
-3.688231E-8
-1.4685957E-6
-4.4879192E-7
-5.247514E-7
-9.4155246E-7
-1.1917977E-6
-1.4915178E-6
-4.6033264E-7
-1.8835262E-7
-8.070251E-7
-4.46955E-7
3.261234E-7
1.621832E-7
7.264952E-7
1.4270805E-7
-1.209749E-6
-1.4519347E-7
-3.7785523E-7
-2.3078655E-7
-3.459379E-7
3.2268673E-7
6.18359E-8
1.4274409E-6
-1.6868313E-6
-1.7607758E-6
-2.2207985E-6
4.6226995E-7
9.886615E-9
-6.248056E-7
-8.536575E-7
-1.268964E-7
-2.700343E-6
3.9830235E-7
-6.5602455E-7
4.5085307E-7
-4.245904E-6
5.271144E-7
-2.583612E-6
9.629526E-7
-4.670908E-6
-1.6318703E-6
-4.7554403E-7
-1.5548864E-6
-4.858866E-7
-3.0142718E-7
-3.526635E-7
1.3208377E-7
-2.1866913E-7
-3.2319335E-6
7.796317E-7
1.2710733E-7
1.2358277E-6
6.3520235E-7
6.8006E-7
-4.91357E-7
2.3190958E-6
1.879035E-6
2.9266341E-6
2.4752158E-6
3.4644536E-6
8.9229854E-7
5.4912057E-6
3.0716346E-6
3.3552521E-6
2.9013265E-6
1.3748661E-6
9.86783E-7
-4.421864E-7
4.2082584E-6
6.9589595E-7
3.0794972E-6
-7.2561335E-7
6.980676E-7
-3.3966228E-6
2.0937082E-6
1.8561084E-6
2.995095E-6
-1.5626932E-6
3.9245447E-7
-1.0005624E-6
2.4563049E-6
3.2328586E-7
2.1675269E-6
4.6721793E-6
4.5037214E-6
6.2893864E-6
4.16225E-6
4.3559867E-6
5.2004657E-6
6.182418E-6
1.7278102E-6
4.1087155E-6
3.0994888E-6
3.1834254E-6
1.9937213E-6
3.906905E-6
1.9065775E-6
3.5236392E-6
3.715195E-6
-2.5430799E-8
-1.4389035E-6
2.2580623E-6
-7.4667395E-7
3.8213608E-7
1.3029666E-6
4.6182365E-7
-5.171996E-7
1.2540117E-6
-2.7317142E-7
9.647227E-7
5.8516875E-6
1.2586742E-6
7.726597E-6
7.084417E-6
1.0016413E-5
5.5003948E-6
1.22247075E-5
6.53248E-6
7.264192E-6
6.1038345E-6
6.199042E-6
8.982142E-6
1.0074105E-5
6.1442483E-6
5.1243273E-6
1.0073637E-5
8.824652E-6
2.1376995E-6
6.3307502E-6
3.7107297E-6
7.678887E-6
6.5699855E-6
7.2657413E-6
6.8957943E-6
3.6139743E-6
7.1976797E-6
7.002089E-6
5.5039027E-6
3.3894205E-6
1.227813E-5
6.4402743E-6
1.0372364E-5
7.2805196E-6
1.0130049E-5
3.5207248E-7
7.2700723E-6
3.3646409E-6
8.133201E-6
5.414451E-7
8.397453E-6
1.0076153E-5
9.546339E-6
6.6904176E-6
-5.9590633E-7
5.473127E-6
2.2959346E-6
5.123721E-6
-2.9934151E-6
5.0557064E-6
3.58066E-6
-1.0126793E-6
-5.32845E-6
-6.3346937E-7
-2.135774E-6
2.1174785E-6
3.881744E-7
-1.8904691E-6
-9.2447624E-7
5.8934506E-6
-1.9856266E-6
7.277994E-7
6.0401912E-6
-2.1792973E-6
-2.1950498E-6
3.1749067E-7
1.0900712E-5
-1.7058848E-6
1.5669435E-6
4.241134E-6
1.2517964E-6
3.011214E-6
1.3228661E-5
6.2124045E-6
1.2024992E-5
5.3168123E-6
1.0937975E-5
5.516413E-6
1.128659E-5
-2.4522926E-6
7.531734E-7
1.6406605E-7
-4.7166063E-6
-5.7626517E-9
1.8671226E-6
1.8872581E-6
9.39449E-6
-3.967377E-6
-2.1835613E-6
-1.9736958E-6
-1.5143281E-5
-8.242932E-6
-5.055022E-6
2.5156332E-6
1.8051014E-6
-5.5683336E-6
-6.0357065E-6
6.6210173E-6
-7.951507E-6
-1.7345038E-6
-3.9620136E-6
-5.598668E-6
-1.4647383E-6
-3.8055991E-6
3.283403E-6
-4.5081415E-6
-8.313445E-7
-6.815157E-6
-3.7847828E-6
-1.2231567E-5
-4.6976788E-7
-4.7604262E-6
9.419756E-6
2.5422617E-6
1.1430718E-5
-9.377931E-8
1.7262937E-5
4.7837093E-6
1.7324373E-5
4.1539647E-6
1.7983324E-5
3.7558968E-7
2.1691434E-5
1.1527578E-5
1.0569995E-5
8.105696E-6
1.174766E-5
3.1964605E-6
7.5961743E-6
-5.070175E-6
-1.0129333E-5
-1.1984902E-5
-4.8571173E-6
-2.7067715E-6
-6.904106E-7
-5.445349E-6
-1.1019926E-5
-1.9807205E-5
-4.367669E-6
-1.7732757E-5
-9.339329E-6
-1.5208443E-5
-1.5033295E-5
-6.3633584E-6
-1.1725207E-5
-1.779557E-5
-1.8953535E-5
-7.0998253E-6
-1.1201922E-5
-5.778713E-6
3.1933328E-6
-1.39790745E-5
-9.602089E-7
-1.3590855E-5
-1.695271E-6
-8.6963355E-6
1.27549965E-5
-8.872776E-6
-2.9051648E-7
-5.3747835E-6
7.3448327E-6
-1.4654262E-5
-1.7478346E-6
2.0181649E-6
1.4611622E-6
-2.5725189E-5
-1.4557933E-5
-7.2867724E-6
-1.4947812E-5
-2.390244E-5
-8.597572E-6
-1.7046812E-5
-1.2259408E-5
-1.52085295E-5
-8.4690655E-6
-1.8406672E-5
-1.5563566E-5
-2.1743797E-5
-8.7049875E-6
5.136711E-6
-1.1518366E-5
-4.4419658E-6
1.4851934E-6
1.7342547E-5
-4.7438975E-6
1.1562026E-5
3.2736284E-6
9.006962E-6
-1.22250885E-5
6.056784E-6
2.745941E-7
1.0428926E-5
3.866748E-6
-1.19344195E-5
1.2457778E-5
2.1245134E-5
5.8322034E-6
-4.217228E-6
1.050039E-5
-4.8405295E-6
6.1246424E-6
-1.0546441E-5
-8.010056E-6
-1.3848889E-5
-8.583538E-6
-2.3471122E-5
-6.6773355E-6
-1.606493E-5
-1.8423498E-5
-9.343126E-6
1.9097668E-6
-7.331892E-6
-1.1286671E-5
1.27274125E-5
2.8293485E-5
2.3047724E-5
1.921849E-5
1.5762584E-5
2.8715222E-5
2.7925314E-5
2.5411426E-5
2.7619973E-5
3.2973716E-5
2.74912E-5
2.2538936E-5
2.7861934E-5
1.5536547E-5
2.3746716E-5
4.6470086E-6
1.5955695E-5
1.5750478E-5
1.3364533E-5
-5.023392E-6
-1.5548538E-5
-3.6784434E-6
-2.6158921E-5
-2.0687072E-5
-2.9790717E-5
-7.787737E-6
-3.807017E-5
-6.8696972E-6
-6.3737184E-6
-2.4946494E-6
1.0003367E-6
8.072773E-6
1.4723192E-5
1.1520638E-5
-4.369196E-6
1.6481246E-5
1.6746202E-5
4.2410586E-5
2.2920998E-5
4.4672994E-5
4.1364056E-5
2.7502218E-5
1.5960342E-5
2.5841373E-5
1.5232447E-5
3.077265E-5
2.6548327E-5
2.2167515E-5
3.341584E-5
2.2597894E-6
9.000876E-6
-1.9782075E-5
-8.9099444E-7
-1.8267936E-5
1.1887596E-5
-1.6399974E-7
2.4484084E-6
-3.25928E-5
-8.266653E-6
-2.4616707E-5
-1.6420667E-5
-1.0462674E-5
-1.0290771E-5
-1.7129722E-5
-3.492654E-7
2.4482015E-6
-1.5724598E-5
-2.5556206E-5
-2.1605414E-5
3.975598E-6
-1.3827869E-5
5.486307E-6
1.03556495E-5
-6.1100177E-6
-1.27598105E-5
-1.084936E-5
-1.6943148E-5
-8.924017E-6
-9.154917E-6
7.871007E-6
-1.2973631E-5
5.7585853E-6
2.7592303E-6
2.4712255E-5
-4.4382214E-6
2.4169706E-6
8.737797E-6
5.150948E-6
1.4397249E-6
-3.7825885E-6
-4.3320424E-6
-5.12054E-6
1.192795E-5
2.9148825E-5
-1.6502057E-5
-2.4255967E-5
-7.394618E-6
-2.451272E-5
-8.374789E-6
-4.4040637E-5
-6.658506E-6
3.827804E-6
-2.9337885E-5
-1.036523E-5
-1.0278054E-6
-2.902241E-5
-1.9520694E-5
-3.6822035E-5
-7.2457497E-6
-1.2492089E-5
-1.0281612E-5
-3.923581E-6
-1.2580804E-5
2.6752778E-5
2.2169722E-6
3.7057613E-5
-5.938654E-6
-5.742443E-7
3.513958E-5
6.115752E-5
1.0044548E-5
1.948018E-5
-2.8690536E-6
3.171311E-5
-6.851156E-6
1.1434587E-5
-1.7924456E-5
-4.5525753E-6
8.446743E-6
-1.2633233E-5
7.45642E-6
-3.448744E-6
-3.0272702E-5
-8.964146E-6
-3.9957295E-6
-2.1399212E-5
-2.090513E-5
-3.560647E-5
-8.840324E-6
-1.8195326E-5
-2.303941E-6
-2.4257624E-5
1.9781031E-5
-3.618134E-5
1.8772747E-5
-2.1686696E-5
4.622302E-5
7.4471245E-6
3.3484237E-5
2.7679767E-5
2.1945662E-6
-7.9098805E-7
4.604764E-6
-2.2578197E-7
-1.2519788E-6
-3.897983E-5
1.497931E-5
-1.0230164E-5
4.6130435E-6
-3.0055198E-5
-3.434849E-5
-1.5247059E-5
-3.9497772E-5
-3.2181575E-5
-3.6965557E-5
-5.1451175E-6
-1.6592496E-5
7.0068145E-6
-2.42622E-5
3.6051194E-6
-3.2425665E-5
-6.1545575E-6
-3.5020028E-5
-4.1359494E-6
-1.02898075E-5
-1.262137E-5
-3.738724E-5
-1.7291606E-5
2.6174206E-5
1.1205792E-5
-6.236909E-6
-3.0269366E-5
2.0245972E-5
-6.1648066E-6
2.3903174E-5
-1.9784346E-5
-2.8167597E-6
-3.6365123E-5
9.587703E-6
-1.5030445E-5
2.2232323E-5
-1.874773E-5
-1.610203E-5
-3.287138E-5
-1.1614618E-5
1.9770703E-6
-6.723487E-6
-3.5917445E-5
2.4281731E-5
1.2723759E-5
-2.388804E-5
-1.2356191E-5
-1.9122084E-5
-1.601331E-5
-1.2438578E-5
2.8924143E-5
-4.8021437E-5
3.3476874E-6
-1.6522494E-5
6.245912E-6
-2.552789E-5
2.0918067E-5
-5.828734E-6
2.4088706E-5
1.9633668E-5
-3.1402407E-5
4.151352E-5
5.575361E-6
4.3879427E-5
2.0925632E-5
5.7731926E-5
5.2428135E-5
5.265942E-5
4.9225422E-5
7.100428E-5
1.8133029E-5
4.4965524E-5
4.133023E-5
5.6056175E-5
3.9521834E-5
1.9638099E-5
-3.156289E-5
-8.231406E-7
-7.0624405E-6
-3.6533877E-6
-3.786393E-5
4.5028332E-6
-1.2947141E-6
-1.5919612E-5
-3.0499094E-5
-2.7665179E-5
-1.4000056E-5
-7.3936303E-6
-1.1139329E-5
-1.6391441E-5
1.9206343E-5
-5.001401E-5
-2.1412716E-5
-6.606653E-6
1.9999865E-5
2.0755928E-5
4.4487573E-5
7.0462493E-6
-5.3908766E-6
1.3981039E-5
6.913312E-5
3.101795E-5
4.236216E-5
4.67174E-6
6.0407456E-5
-3.9131573E-6
-3.9409365E-6
2.5327683E-5
2.8588838E-5
-3.3349917E-7
6.898715E-6
2.3986937E-5
-1.1010247E-5
-1.8860641E-5
4.877341E-6
1.5224345E-5
3.7135258E-5
1.6507893E-5
-2.428923E-5
4.565342E-6
-1.34753855E-5
-1.4554073E-5
-3.52557E-5
-9.344447E-6
-3.867302E-5
-1.2542979E-5
-4.015335E-5
-3.8971702E-5
-5.9969247E-5
2.4665987E-5
-5.1403713E-5
4.6731525E-6
-5.0344337E-5
-2.6842456E-6
-9.7536424E-5
-1.037781E-5
-7.211213E-5
1.904713E-5
-3.202788E-5
3.0150946E-5
-1.219109E-4
3.232093E-6
-1.0243427E-4
1.1524706E-4
-9.812564E-5
2.7262044E-4
1.8763299E-4
-0.0026629916
0.003494973
-2.583538E-4
-8.940596E-4
-0.0010623971
5.3413655E-4
-2.684065E-4
1.9098184E-4
-1.4859976E-5
9.3141006E-4
9.6275785E-4
-5.5712648E-5
-7.2345213E-4
-0.0013351433
-0.0013422746
-7.7933655E-4
5.004451E-5
0.001337653
0.0016528881
0.0012070707
1.9877763E-4
4.8738605E-4
-0.0019962257
-0.0014343027
0.0010377353
-0.0011080034
-2.9878636E-4
-5.416685E-4
-1.5047817E-4
-3.9037393E-4
4.8984785E-4
2.7505272E-5
5.9664616E-4
2.0777235E-4
5.215852E-4
-2.3358644E-4
-5.9542916E-4
-3.4746432E-4
5.086378E-4
6.429716E-4
0.0011396786
8.1277237E-4
5.349369E-4
-3.1719092E-4
-3.4551747E-4
-8.7258796E-4
-6.505761E-4
-6.5778504E-4
-1.752232E-4
-5.705324E-4
-2.233865E-4
-6.170712E-4
-7.641633E-5
-4.146506E-4
1.8057466E-4
3.8876442E-5
4.3361142E-4
-9.726069E-5
3.6335734E-4
-2.2570812E-4
5.9379835E-4
2.844442E-4
6.938205E-4
1.5104827E-4
4.8659317E-4
-1.782207E-4
1.4358122E-4
-4.6904996E-4
2.7142797E-4
-1.6022E-4
3.8291758E-4
-1.0591675E-4
2.464405E-4
-4.090383E-4
1.2489056E-4
-3.7524564E-4
8.004162E-5
-3.7477372E-4
2.3016972E-4
-4.408059E-4
7.2225936E-5
-3.9624586E-4
1.0010719E-4
-2.8169996E-4
3.5776096E-4
-9.896584E-5
3.2523807E-4
-3.0443622E-4
2.1897504E-4
-2.7633988E-4
2.8786412E-4
-2.3384846E-4
3.1196757E-4
-1.793708E-4
4.280437E-4
-2.0697102E-4
3.105157E-4
-1.4465254E-4
3.6827638E-4
-1.720114E-4
2.7271963E-4
-3.151459E-4
1.9854741E-4
-3.4530796E-4
2.5066535E-4
-8.833399E-5
2.2684687E-4
-1.9637913E-4
2.64179E-4
-2.0085795E-4
2.3674009E-4
-1.4577717E-4
1.7449346E-4
-1.4133683E-4
1.7821518E-4
-8.5333E-5
1.3975136E-4
-1.2585244E-4
2.3299485E-4
4.6229085E-5
2.5852837E-4
5.751711E-5
1.765465E-4
-1.186591E-4
-2.9650593E-5
-2.0222906E-4
3.5633828E-5
-1.5247008E-4
1.6589524E-4
-2.3224069E-5
5.2883588E-5
-6.934853E-5
-2.1550883E-5
-1.9807338E-4
-5.509319E-5
-1.6976887E-4
5.2063944E-5
-4.9446066E-5
1.3140423E-4
-8.160738E-6
1.128394E-4
-3.0857074E-5
5.489111E-5
-2.5703082E-5
1.7030565E-4
1.3031301E-4
1.1919948E-4
1.6693759E-5
-5.169649E-5
-6.18327E-5
-3.5861816E-5
6.0793333E-5
7.4080584E-5
1.0133393E-4
5.1162573E-5
4.8928563E-5
-1.2500683E-4
-3.958479E-5
-7.2116614E-5
6.511322E-5
9.488974E-5
1.9409852E-4
4.8641446E-5
1.1762648E-4
-1.2296275E-4
-4.1648713E-5
-1.9705844E-4
-3.8041435E-5
-1.528189E-4
1.3762681E-5
-1.0958052E-4
9.247793E-5
-1.4509079E-4
-1.5254663E-5
-2.2771164E-4
-9.218742E-5
-1.6586552E-4
5.6262565E-5
4.2476627E-6
1.4703156E-4
1.703429E-6
1.4873351E-4
-1.3345551E-5
8.668623E-5
-3.6142555E-5
-8.782959E-6
-8.6769265E-5
-1.8697003E-5
8.204586E-6
1.0855938E-5
-9.402165E-5
-1.6343447E-5
-7.751479E-5
1.0521224E-5
-5.6184454E-5
4.999137E-5
-3.9330185E-5
3.4669818E-5
1.3088145E-5
4.14223E-5
3.1640462E-5
4.491703E-5
-1.1283716E-5
5.541748E-5
4.6172663E-5
5.3090283E-5
-3.4752105E-5
2.83993E-5
-1.1675733E-4
-7.414802E-5
-1.2570519E-4
-1.2691822E-4
-4.797693E-5
-5.7294692E-5
-3.2770164E-5
-1.8536548E-5
-2.5779373E-5
1.5248552E-5
3.836924E-5
-6.477613E-7
1.1446055E-4
1.5095355E-4
1.5917956E-4
2.8527077E-4
2.5905116E-4
1.5393809E-4
1.21473146E-4
1.0055868E-4
1.4436449E-4
1.1861354E-4
1.5751777E-4
3.699768E-5
5.5234177E-5
9.621203E-5
4.346919E-5
-1.000417E-5
-2.0406613E-5
8.872938E-5
1.4750253E-4
1.8219835E-4
8.698223E-5
1.14672504E-4
3.5812074E-5
1.9128107E-4
3.341118E-5
1.2005594E-4
6.510689E-5
1.7699235E-4
5.2240815E-5
1.4095013E-4
-1.863733E-5
6.273938E-5
-1.2865843E-4
4.764777E-5
-7.706828E-5
6.5230946E-5
-4.6753034E-5
2.6664587E-5
-7.09713E-5
5.7213634E-5
-4.411385E-5
2.0233114E-5
-5.8342997E-5
8.8159126E-5
-2.2505774E-5
9.668942E-5
6.4783E-7
1.3160953E-4
-1.4991868E-4
-3.937912E-4
3.280381E-4
2.3011864E-6
-1.2832652E-4
-3.6560194E-4
-9.022937E-5
-1.6540375E-4
-3.0254206E-4
3.1415667E-4
1.4862597E-5
3.7455717E-5
-4.1368444E-4
-4.4994427E-5
-9.398648E-5
6.791971E-5
6.7915804E-5
3.3316217E-5
-9.26396E-5
6.233577E-5
1.19431155E-4
9.6255164E-5
-3.254386E-7
-6.0964256E-5
-5.1364375E-5
-3.13685E-4
-5.999405E-4
-8.878887E-5
1.7686661E-4
8.422155E-5
1.2358794E-6
5.746537E-5
1.5098802E-5
1.14892704E-4
-2.8748947E-4
-5.4569406E-5
1.7290229E-4
2.7122285E-5
-1.133715E-4
-2.5874306E-4
-1.8850026E-4
-2.7018902E-4
-2.3903015E-4
-2.7646267E-4
-2.2044108E-4
-1.1966773E-4
-8.0771075E-5
-5.921132E-5
-5.3013635E-5
-1.3145214E-4
-9.922608E-5
7.2099974E-5
2.9758487E-5
1.1702608E-4
1.7422171E-4
2.0171235E-4
1.1769593E-4
1.711386E-5
8.189414E-5
5.341262E-7
1.2333412E-4
8.085749E-5
9.396634E-6
-8.276703E-6
4.6591416E-5
7.310851E-5
8.67067E-5
8.639628E-6
2.595647E-4
2.814127E-4
3.8219514E-4
3.0091335E-4
3.3741505E-4
3.1013277E-4
4.1706976E-4
3.2804837E-4
4.0141307E-4
4.055174E-4
4.584065E-4
3.9178718E-4
3.8544284E-4
2.5692343E-4
3.1198387E-4
1.9597632E-4
2.497677E-4
1.19455166E-4
2.5698688E-4
8.5520565E-5
1.8477917E-4
3.9010643E-5
-2.2227374E-5
-2.0213012E-4
-5.835915E-5
-2.1989379E-4
-7.382321E-5
-1.8267136E-4
-1.1616434E-4
-1.4933253E-4
-1.6853858E-4
-2.7522777E-4
-1.909355E-4
-3.618754E-4
-1.2732336E-4
-2.0325898E-4
-2.7095039E-5
-9.4021874E-5
-1.15461226E-4
-8.7112756E-5
-1.005366E-4
-1.0226807E-5
-2.2917851E-5
5.132642E-5
1.3519115E-4
1.8207428E-4
1.9373887E-4
3.6794325E-5
1.6474676E-5
1.02896985E-4
1.6581242E-4
1.897627E-4
2.0825063E-4
1.3656654E-4
1.7510432E-4
3.1377782E-5
1.0207146E-4
2.7770782E-5
3.4583398E-5
1.231921E-5
1.8727696E-4
-6.4277E-5
6.862027E-5
-8.714961E-5
-2.2664244E-5
-9.6336684E-5
-6.6460896E-5
-2.0632504E-4
-2.5732392E-5
-1.8241865E-4
-3.554262E-5
-2.5155765E-4
-8.973696E-5
-5.523572E-5
-1.20469056E-4
-9.003121E-5
-5.719351E-5
-8.32128E-5
-1.3620991E-4
-1.05278916E-4
-5.9581384E-5
2.9516268E-5
-2.642714E-6
-4.509581E-5
-2.637207E-5
-1.9314208E-5
-1.19465665E-4
4.6574547E-5
-6.033315E-5
-5.5168286E-5
-7.731596E-5
-4.907592E-5
-7.5848235E-5
-1.3223058E-4
-1.1300649E-4
-2.2258411E-5
-1.2602871E-4
-4.601487E-5
-8.825646E-5
-1.2643872E-4
-1.6854155E-4
-3.9815422E-5
-5.2210984E-5
-2.0471278E-4
-1.14730545E-4
-2.0102577E-4
-1.8590524E-4
-2.0399112E-4
-2.1273615E-4
-2.0975324E-4
-1.8046533E-4
-2.722534E-4
-2.2944709E-4
-3.0863142E-4
-2.409573E-4
-2.2527305E-4
-1.8321961E-4
-1.972095E-4
-1.9863024E-4
-2.3766774E-4
-2.1018728E-4
-1.2599901E-4
-1.3749916E-4
4.0625014E-6
-5.2057756E-5
-1.1123594E-5
-7.900153E-5
-1.8721323E-5
-2.5857747E-5
6.8096124E-5
1.0367329E-4
1.7515116E-4
1.0005743E-4
1.998579E-4
9.766258E-5
1.3039155E-4
8.966023E-5
1.7342408E-4
2.0891142E-5
9.90162E-5
8.599412E-5
6.9042515E-5
5.333445E-5
1.0516413E-4
1.3248847E-4
2.6950698E-5
3.5490644E-5
3.2879045E-5
-3.2655527E-5
-1.0450832E-4
-1.3795199E-5
-7.1451024E-5
-1.9132762E-5
-7.334256E-5
4.847255E-5
3.6371945E-5
5.4870816E-5
-8.337616E-5
-5.7298832E-5
-1.7987E-4
-2.002841E-5
1.2584704E-5
8.0557795E-5
4.440294E-6
-5.157982E-5
-2.1289532E-5
1.5904307E-5
8.721737E-5
6.233828E-6
6.023517E-5
1.320959E-5
6.858738E-5
3.1110627E-5
1.1667647E-4
5.279134E-5
1.124527E-4
1.021824E-4
1.3762858E-4
1.7810988E-4
2.5761654E-4
1.1911175E-4
1.3310346E-4
1.2576849E-4
1.9539133E-4
2.1035627E-4
2.8814937E-4
2.379512E-4
2.2491111E-4
1.9880146E-4
2.0817225E-4
2.4116319E-4
2.0755659E-4
2.5590832E-4
2.7867575E-4
4.052792E-4
2.7825977E-4
2.0356764E-4
1.7613039E-4
2.81025E-4
2.4484305E-4
2.8451972E-4
2.3753113E-4
2.3707142E-4
2.0731572E-4
2.006837E-4
2.7668272E-4
1.7026278E-4
3.145406E-5
1.15328905E-4
1.21508594E-4
3.6636757E-5
7.1886257E-6
3.904606E-5
2.4189016E-5
-1.05133935E-4
1.21447265E-4
3.1044776E-5
6.62555E-5
-1.5859406E-4
5.5123917E-5
-1.19857774E-4
7.630816E-5
-5.8725767E-5
2.8807768E-5
-1.2845558E-4
-8.394049E-5
-1.2319969E-4
-1.6111898E-4
-1.105422E-4
-1.8186495E-4
-1.12271315E-4
-6.7773915E-5
-1.5369311E-4
-1.5402597E-4
-2.7382124E-4
-3.4424048E-4
-1.7272744E-4
-1.82856E-4
-1.4804665E-4
-1.981698E-4
-2.0917912E-4
-1.7805664E-4
-1.9644682E-4
-1.22895E-4
-1.12148504E-4
-1.15740135E-4
-1.1282253E-4
-1.1679474E-4
-1.2611793E-4
-1.892095E-5
-1.262007E-5
4.4874403E-5
5.3867043E-5
1.0603622E-4
2.5779213E-5
6.706196E-5
8.933442E-6
1.4564185E-4
6.9258254E-5
1.1503542E-4
1.07935266E-4
2.0318317E-4
1.8714492E-5
1.10191024E-4
3.843744E-6
2.5936954E-5
-7.9369216E-5
-1.4323081E-5
-1.285023E-4
-1.13831426E-4
-2.1351695E-4
-1.8075122E-4
-2.0968774E-4
-2.8843808E-4
-3.9831092E-4
-2.8809663E-4
-3.02563E-4
-2.845971E-4
-2.496146E-4
-3.2479037E-4
-4.417489E-4
-3.5985687E-4
-2.8578486E-4
-3.2573935E-4
-3.6219292E-4
-4.7337954E-4
-3.4507565E-4
-5.1927555E-4
-3.022788E-4
-3.395538E-4
-3.1349497E-4
-3.5611604E-4
-5.045882E-4
-2.8489382E-4
-3.5083338E-4
-2.634778E-4
-3.0232675E-4
-2.9884288E-4
-2.6581105E-4
-2.935908E-4
-2.685977E-4
-2.1936152E-4
-2.9386923E-4
-2.1707632E-4
-2.5338493E-4
-1.26175E-4
-2.7099988E-4
-2.2044856E-4
-3.087258E-4
-1.0532488E-4
-2.965933E-4
-1.9593386E-4
-1.4129939E-4
-5.452068E-5
-1.2837186E-4
4.960077E-5
3.545222E-5
-8.449545E-5
-4.5310055E-5
-1.8406284E-6
-8.585446E-5
2.695817E-5
8.5082866E-5
-7.0596326E-7
9.632351E-6
-2.4406252E-5
-5.3133033E-5
3.476004E-5
-1.764056E-4
1.343502E-4
-8.084951E-5
1.5054597E-4
-9.911956E-5
-3.70894E-5
-1.5438296E-4
1.31628985E-5
1.4013439E-4
5.7245703E-5
6.944696E-5
8.124341E-7
-4.593145E-5
5.181227E-8
-1.3821268E-4
-1.3436572E-4
-2.610499E-4
-1.6962632E-4
-1.5273866E-4
1.047617E-4
-1.422846E-4
-2.3282871E-4
-1.7464295E-4
5.8057623E-5
-2.3400421E-4
-2.603697E-4
-2.8427038E-4
-2.0103029E-4
-2.955682E-4
-1.5525444E-4
-2.801117E-4
-1.5411057E-4
-2.2785243E-4
-1.2290316E-4
-2.5829658E-4
-1.3364089E-4
-1.7190438E-4
-3.420455E-6
-1.4510765E-4
3.789973E-5
-3.4797133E-5
9.343379E-7
-1.06743915E-4
6.0335984E-5
-3.6337173E-5
9.714394E-5
1.25123615E-5
5.470794E-5
-1.5115937E-5
1.00174E-4
-3.095239E-5
1.4212428E-4
4.1114752E-5
4.4767003E-5
6.330732E-5
1.2809667E-4
2.2854923E-5
1.01628604E-4
-1.7598019E-5
1.3604679E-4
-2.6322297E-5
2.0568492E-4
1.2940646E-4
2.8405277E-4
1.9336346E-4
3.2818777E-4
2.4891194E-4
3.566611E-4
3.6012958E-4
5.448807E-4
3.5544223E-4
4.8048267E-4
2.2057361E-4
3.6363638E-4
2.8639368E-4
3.1700058E-4
1.3329108E-4
2.0442932E-4
1.5775456E-4
9.644691E-5
-8.827546E-6
1.9383883E-4
6.195515E-5
4.0207346E-5
-1.4816382E-4
-8.776163E-5
-2.3794168E-4
-1.6611839E-4
-1.3091498E-4
-1.9008642E-4
-1.9722294E-4
-1.3886874E-4
-2.2855468E-4
-2.3241178E-4
-2.1918697E-4
-1.5364644E-4
-9.0043584E-5
-3.0444151E-5
-2.7460002E-5
5.795601E-5
-1.1356511E-5
9.5888216E-5
-7.932967E-6
3.4307438E-4
7.6803815E-5
2.2906733E-4
2.0160772E-4
2.892472E-4
1.1099591E-4
2.8786642E-4
2.4434895E-4
5.1792327E-4
3.8587934E-4
4.6837333E-4
6.328356E-4
4.6771564E-4
4.145961E-4
4.8310845E-4
4.6117825E-4
6.0215814E-4
5.4552284E-4
7.060325E-4
5.7579746E-4
5.452964E-4
3.983192E-4
2.929185E-4
3.4871124E-4
2.992115E-4
2.9281786E-4
4.3460316E-4
4.513048E-4
3.767863E-4
2.963662E-4
1.04505096E-4
1.052331E-4
9.9916455E-5
1.6343E-5
1.0562281E-4
-6.999521E-5
-4.2639895E-5
-4.9364637E-5
2.7739405E-5
-9.958601E-5
-1.876979E-5
-1.0411321E-4
-1.1103131E-4
-1.15473034E-4
-2.7153752E-5
-2.2368257E-4
-1.0523796E-4
-1.9085802E-4
-1.3354799E-4
-1.681571E-4
-1.4307063E-4
-2.0191849E-4
-2.239755E-4
-3.290896E-4
-2.1898342E-4
-2.5335976E-4
-2.1923071E-4
-2.2135886E-4
-1.7082016E-4
-3.4638122E-4
-1.7284373E-4
-2.4141849E-4
-1.1047534E-4
-1.050352E-4
-3.5088047E-5
-1.2957852E-4
-2.082822E-5
-1.2863195E-6
-8.071273E-5
-1.7300621E-5
7.6518074E-5
5.8784975E-5
7.831077E-5
1.2745922E-4
-7.3717774E-6
3.9127674E-5
8.9888024E-5
1.0601825E-5
1.4651981E-4
3.2882355E-5
1.9106595E-4
-1.8061426E-5
7.133063E-5
1.13955775E-5
6.763221E-5
-1.1541304E-4
-6.566044E-5
-1.0245649E-4
2.0836026E-6
-2.9281786E-4
-1.6424638E-5
-1.1136948E-4
-3.854534E-6
-8.274634E-5
-4.7080477E-5
-1.5617204E-4
-8.084692E-5
-1.6492698E-4
-1.0115727E-4
-1.0077037E-4
-3.692222E-5
-1.5697691E-5
1.5922253E-4
-1.4287786E-4
-2.201777E-4
-3.2139095E-4
-3.34793E-4
-3.3106838E-4
-2.0645552E-4
-2.3004449E-4
-1.11467925E-4
-2.3098507E-4
-3.1220692E-4
-3.936481E-4
-4.1230512E-4
-4.8039402E-4
-5.016335E-4
-5.662815E-4
-5.113544E-4
-5.376853E-4
-3.842791E-4
-3.725262E-4
-3.9761644E-4
-5.3533906E-4
-4.4476843E-4
-5.2372535E-4
-3.6353778E-4
-4.3836597E-4
-3.006239E-4
-3.287444E-4
-1.3381495E-4
-3.2524805E-4
-1.7779377E-4
-2.9146424E-4
-5.8066544E-5
-1.5112526E-4
-1.3509556E-4
-2.0199279E-4
-6.2308216E-5
-1.0929013E-5
-2.1936079E-5
-1.0292609E-4
6.594655E-5
1.2941673E-4
1.7126872E-4
7.735487E-5
1.6192075E-4
1.4568983E-4
1.02457605E-4
2.8378365E-5
7.754409E-5
1.2291652E-4
8.890352E-5
1.267684E-4
1.7218124E-4
1.3747523E-4
5.1313185E-5
-2.4422845E-5
-6.3693275E-5
-1.6260144E-4
-1.3853205E-4
-2.0149873E-4
-2.0925357E-4
-3.5502965E-4
-2.2942157E-4
-3.6289587E-4
-3.6885677E-4
-4.571188E-4
-4.8284745E-4
-5.667852E-4
-5.905938E-4
-6.7632104E-4
-6.170021E-4
-8.0101454E-4
-7.2610157E-4
-7.253394E-4
-7.009057E-4
-7.8871695E-4
-6.6586176E-4
-7.9001935E-4
-6.9407315E-4
-7.406452E-4
-5.6396314E-4
-5.4141245E-4
-4.67217E-4
-5.873966E-4
-5.050687E-4
-5.864456E-4
-3.292923E-4
-4.0785657E-4
-3.7245758E-4
-3.574838E-4
-2.455485E-4
-2.6299618E-4
-2.5661406E-4
-2.7880707E-4
-1.4772589E-4
-1.5135783E-4
-1.3116593E-4
-1.6906904E-5
-6.28436E-5
6.323821E-6
4.092455E-5
5.0465398E-5
1.0200147E-4
1.24439E-4
1.6064775E-4
1.14018025E-4
1.7000995E-4
2.3942147E-4
2.3692715E-4
1.347929E-4
1.5969285E-4
2.1594098E-4
2.7723925E-4
6.384133E-5
1.7142898E-4
1.13217095E-4
9.73099E-5
1.7504346E-4
2.2894435E-4
6.131242E-5
1.075275E-4
7.491145E-5
1.5174036E-4
8.475924E-5
2.3805538E-4
1.3227302E-4
9.3456845E-5
5.667947E-5
1.241431E-4
-2.2144436E-6
8.1520964E-5
2.1601318E-5
2.5161122E-5
-1.605292E-5
1.2628853E-4
-9.167526E-5
-1.08275235E-4
-2.2930697E-5
-5.572023E-5
-7.285592E-5
-1.05348154E-4
-3.4018896E-5
-5.428803E-5
-2.0535119E-4
-1.5476721E-4
-1.3014956E-4
-1.7780857E-4
-2.1991358E-4
-1.7912308E-4
-1.9099501E-4
-1.70357E-4
-1.1961271E-4
-3.547856E-5
-1.5897951E-4
2.3308867E-5
6.9556845E-5
8.2298604E-5
5.1015242E-5
2.0855851E-4
1.6775983E-4
1.8739096E-4
2.1771977E-4
3.8778916E-4
2.4854208E-4
3.6008967E-4
4.5218534E-4
5.865046E-4
5.7259307E-4
6.2250084E-4
6.3281134E-4
6.7793776E-4
7.207756E-4
6.060573E-4
7.1947085E-4
7.603416E-4
7.154569E-4
7.1953295E-4
7.5976324E-4
6.934015E-4
6.687321E-4
5.9747E-4
6.2390044E-4
5.3464936E-4
4.3802237E-4
4.952237E-4
5.702795E-4
3.4972577E-4
3.3390836E-4
3.4371347E-4
2.9616716E-4
1.5547237E-4
1.2833271E-5
6.0233157E-5
-3.6152087E-5
-1.3848916E-5
-8.350529E-5
-1.15787276E-4
-1.13583614E-4
-8.486336E-5
-3.246005E-4
-2.5166525E-4
-3.7665805E-4
-2.7397912E-4
-2.6694138E-4
-2.8903483E-4
-3.1612485E-4
-3.4263986E-4
-3.150308E-4
-8.8647386E-5
-1.0935384E-4
-1.8259988E-4
-1.114966E-4
-2.0054892E-4
-1.8633521E-4
-7.691138E-5
-5.850545E-6
1.3306978E-5
2.097879E-4
3.081093E-4
3.2441004E-4
2.2874774E-4
2.5905162E-4
3.2303046E-4
3.0932197E-4
3.3394745E-4
3.4795087E-4
4.0537643E-4
4.01597E-4
4.8249195E-4
5.267115E-4
4.916044E-4
5.945892E-4
5.3947617E-4
6.054053E-4
5.409696E-4
6.0367887E-4
5.3236214E-4
4.0588452E-4
4.2307272E-4
4.3915148E-4
3.054248E-4
3.9792046E-4
3.3037158E-4
3.054113E-4
2.0320041E-4
2.0746523E-4
2.260935E-4
3.1055238E-6
2.238717E-6
-4.464945E-5
-1.3919931E-4
-2.5415237E-4
-2.226171E-4
-4.3610585E-4
-3.3472292E-4
-3.7434432E-4
-2.9858635E-4
-3.3065432E-4
-3.5389504E-4
-4.8034402E-4
-4.6662995E-4
-6.3750724E-4
-4.920022E-4
-4.7372672E-4
-4.8408206E-4
-4.8795782E-4
-4.3128242E-4
-4.066988E-4
-4.0862078E-4
-3.6512892E-4
-3.3223318E-4
-3.5360214E-4
-2.7827994E-4
-2.3919447E-4
-2.7764088E-4
-2.7752473E-4
-1.3034305E-4
-1.731381E-4
-1.6329992E-4
-1.10709065E-4
-4.1371222E-5
-1.5235096E-4
-5.515105E-5
-1.1788674E-4
-7.2082454E-5
-5.0087914E-5
8.165356E-5
1.4212367E-4
1.6229015E-4
9.542138E-5
1.02402504E-4
1.6868826E-5
1.282465E-4
1.7401631E-4
1.300485E-4
1.5263361E-4
2.710675E-4
1.4087185E-4
2.1107505E-4
1.4087389E-4
2.574874E-4
1.9168953E-4
1.627275E-4
1.09212524E-4
1.3499126E-4
1.1951754E-5
1.1131192E-4
6.404287E-5
5.1211635E-5
-8.654614E-6
2.3252965E-6
-6.8628135E-5
-5.477095E-5
-7.1862116E-5
4.378526E-5
7.555939E-6
1.6691407E-6
-1.5387264E-4
-1.1801539E-4
-1.6489295E-4
-1.4862884E-4
-2.5928105E-4
-2.3478789E-4
-1.6656176E-4
-3.0010502E-4
-3.1790903E-4
-4.0422997E-4
-3.2021507E-4
-2.9846313E-4
-3.6804093E-4
-3.194997E-4
-3.6972517E-4
-3.7261285E-4
-4.0009513E-4
-3.2705622E-4
-3.9673294E-4
-3.1623154E-4
-3.1721414E-4
-3.0408383E-4
-2.9316157E-4
-2.575052E-4
-3.0856283E-4
-2.5238388E-4
-2.7310586E-4
-9.409032E-5
-2.2342267E-4
-1.118097E-4
-4.0469786E-5
-7.211303E-5
-1.0508634E-4
5.2261206E-5
-5.604651E-5
-3.007508E-5
7.603715E-5
1.0982543E-4
9.8043456E-5
1.2112227E-4
1.0847923E-4
1.4903687E-4
1.420185E-4
2.0572015E-4
2.1974652E-4
2.2741345E-4
1.556772E-4
2.2327989E-4
1.9415925E-4
1.8914281E-4
2.2350904E-4
1.4255119E-4
2.2934216E-4
2.3843901E-4
8.160581E-5
1.3088112E-4
1.7096568E-4
8.255948E-5
-1.4324158E-6
3.5573874E-5
6.6816196E-5
-2.5419242E-5
-9.994691E-5
-1.40288E-4
-1.4606192E-4
-1.8979887E-4
-2.8576725E-4
-2.9593048E-4
-2.2911245E-4
-3.2804545E-4
-3.5343115E-4
-3.5124525E-4
-4.0424312E-4
-3.5944278E-4
-4.93182E-4
-4.4834198E-4
-4.398335E-4
-4.9040734E-4
-3.7589003E-4
-4.1445042E-4
-3.2655848E-4
-4.0386085E-4
-3.7249344E-4
-4.4130243E-4
-3.8436882E-4
-2.8646665E-4
-3.4206818E-4
-2.4022478E-4
-1.759063E-4
-2.525796E-4
-2.6965357E-4
-2.2638311E-4
-1.6451417E-4
-1.253497E-4
-1.1341982E-4
-4.5268065E-5
-6.7828582E-6
3.7511536E-6
2.2396876E-5
5.476515E-5
8.764564E-5
2.751501E-4
1.2417792E-4
1.3813624E-4
2.8010053E-4
2.8122915E-4
1.8628349E-4
3.1360562E-4
1.9552764E-4
2.174133E-4
1.6944847E-4
1.3540706E-4
8.66355E-5
4.9234888E-5
5.842501E-5
7.558178E-5
3.0223114E-7
1.9413788E-5
-3.0102028E-5
-1.1946512E-4
-1.28537E-4
-1.057153E-4
-2.3971239E-4
-1.4299196E-4
-2.0988111E-4
-1.7608496E-4
-2.531852E-4
-2.7885786E-4
-2.92263E-4
-3.4390553E-4
-2.5992413E-4
-4.4195447E-4
-4.0284052E-4
-5.106642E-4
-4.6903652E-4
-4.139763E-4
-4.7094063E-4
-4.7108042E-4
-4.92873E-4
-3.5160684E-4
-4.7887428E-4
-3.1069768E-4
-4.122508E-4
-2.478032E-4
-4.1416066E-4
-3.004221E-4
-3.7883187E-4
-2.197135E-4
-3.6747087E-4
-2.1623493E-4
-1.8462926E-4
-1.0595511E-4
-1.242E-4
-2.7344373E-5
3.9637147E-5
-1.0781666E-5
7.2775474E-5
1.3744929E-4
-5.7145407E-6
5.2629217E-5
1.4466587E-4
1.7280335E-4
1.6268836E-4
2.4504634E-4
2.1026397E-4
2.5820525E-4
9.94059E-5
2.0936428E-4
3.2252804E-4
1.6811883E-4
1.7044373E-4
7.861901E-5
1.7662162E-4
1.516132E-4
1.2166538E-4
3.543267E-5
3.09684E-5
4.9178296E-5
-3.7800768E-5
-2.9207458E-5
-4.7518817E-5
-3.4947807E-5
-1.1413668E-4
6.0044463E-6
-1.7171999E-4
-9.514113E-5
-1.4255218E-4
-1.289163E-4
-1.9411535E-4
-7.959189E-5
-1.6179492E-4
-8.4571446E-5
-1.7201231E-4
-1.5732774E-4
-1.1316401E-4
6.4381317E-7
-3.4951023E-5
7.9597594E-5
1.2252327E-5
5.4197484E-5
7.754967E-5
-1.4632219E-5
1.2348521E-4
1.9095484E-4
2.2009351E-4
2.2171681E-4
1.7479992E-4
2.0471412E-4
2.1472288E-4
1.9605602E-4
2.3777591E-4
1.5350949E-4
2.715257E-4
1.7582085E-4
1.6608898E-4
1.435344E-4
1.7378601E-4
2.135256E-4
1.5877404E-4
1.16740586E-4
1.5095343E-4
9.709915E-5
3.2424035E-5
1.5064438E-4
1.0935728E-4
1.5896051E-4
7.1302034E-5
1.3501727E-4
1.1960666E-4
1.923758E-5
-1.0304844E-5
-1.4733152E-5
-2.0653964E-5
2.5053963E-5
-4.1318E-5
2.6792199E-5
2.5808024E-5
9.133748E-5
4.7844285E-5
4.7857662E-5
1.9617265E-4
1.8748798E-4
1.547342E-4
2.3856646E-4
2.869374E-4
2.168829E-4
1.570866E-4
2.3807002E-4
1.9651267E-4
2.838944E-4
1.6039753E-4
2.577816E-4
2.5254188E-4
7.939916E-5
2.1249088E-4
2.3155744E-4
2.7420587E-4
2.5866512E-4
9.461048E-5
1.4902417E-4
1.5738867E-4
1.2581321E-4
4.896109E-5
-2.7801438E-5
1.2140089E-5
-1.9432979E-5
7.0133383E-6
-1.3729742E-5
-6.207692E-5
-5.560052E-5
3.6864014E-5
-1.08429755E-4
-7.9684054E-5
-1.5529372E-4
-6.611717E-5
-7.491481E-5
-9.272314E-5
-6.876244E-5
-1.484905E-4
-8.553154E-5
-1.1823206E-4
-1.6122608E-4
-1.4097951E-4
-1.2763007E-6
-6.936392E-5
-1.7921277E-5
-8.046138E-6
7.997341E-6
-8.662157E-5
-7.201121E-5
-1.1828376E-4
-5.5349556E-5
-4.6134803E-5
-8.9587134E-5
-9.2234775E-5
4.921671E-5
1.7794967E-4
-1.4827006E-4
-2.063441E-4
-1.7564239E-4
-1.1419292E-4
-1.2354227E-4
-6.8072324E-5
-6.70496E-5
-1.1288494E-4
-9.704025E-5
-2.3990484E-4
-2.3254607E-4
-1.6162642E-4
-1.7348988E-4
-1.8241226E-4
-1.8061732E-4
-1.408186E-4
-1.563593E-4
-2.2239951E-4
-2.4402834E-4
-2.1515698E-4
-1.4434669E-4
-2.5375932E-4
-1.2591088E-4
-2.5839463E-4
-1.8083947E-4
-3.041622E-4
-2.0573723E-4
-2.9312904E-4
-2.7304274E-4
-3.6554708E-4
-2.2717296E-4
-1.4810552E-4
-1.8513447E-4
-1.6046505E-4
-2.1279183E-4
-2.4167047E-4
-2.3223528E-4
-2.6886823E-4
-2.2996397E-4
-2.4511173E-4
-1.7225149E-4
-2.517255E-4
-2.4070323E-4
-1.9767221E-4
-1.9980289E-4
-3.4172778E-4
-2.873997E-4
-3.4162743E-4
-1.8391982E-4
-2.929511E-4
-2.1667857E-4
-3.098132E-4
-3.151928E-4
-2.33608E-4
-3.0272777E-4
-3.7848516E-4
-3.0530032E-4
-2.8496975E-4
-2.0433665E-4
-3.196756E-4
-4.140547E-4
-3.031291E-4
-3.0000458E-4
-2.1806799E-4
-1.2953783E-4
-2.2521727E-4
-2.5756596E-4
-1.9679991E-4
-1.8185574E-4
-9.049394E-5
-4.1681265E-5
-4.8752172E-5
-1.0443594E-4
-1.16432944E-4
-1.0094606E-4
-7.5569646E-5
1.941538E-5
-7.2292685E-5
3.860663E-5
-3.74499E-5
4.2349253E-5
1.10070905E-4
-9.315431E-6
-6.5064145E-5
3.800038E-5
8.4261075E-5
5.925276E-5
3.527101E-5
-1.4792057E-5
-6.114101E-6
-7.530969E-5
3.185423E-5
2.9698778E-5
4.383341E-6
-1.0989378E-4
-8.919676E-5
3.0360172E-5
2.4320403E-5
-1.3392719E-5
-7.138077E-5
-1.1114449E-4
-4.3187578E-5
-5.4436252E-5
-1.00218E-4
-1.8862935E-5
-8.981361E-5
-5.3016436E-5
-8.507496E-5
4.6182602E-5
1.7714094E-5
-1.7004078E-5
-9.5782E-6
2.5687863E-5
-6.2976646E-6
7.782838E-5
-2.5296597E-5
5.5475826E-5
3.5753677E-5
9.047202E-5
8.4694475E-5
9.964456E-5
1.5393793E-4
7.763703E-5
8.86923E-5
1.2601305E-4
9.6167E-5
1.05443345E-4
2.003764E-4
1.7363048E-4
2.1351934E-4
2.7856563E-4
1.7079117E-4
1.4811961E-4
2.1104485E-4
1.9727401E-4
1.655437E-4
2.528035E-4
2.569206E-4
2.964171E-4
3.1907458E-4
9.531237E-5
1.1094526E-4
2.0643846E-4
1.8565374E-4
2.4035695E-4
2.5420068E-4
1.9935177E-4
1.7856358E-4
1.8886586E-4
1.439288E-4
1.5146466E-4
8.560934E-5
9.4875235E-5
2.3363772E-4
1.6552486E-4
1.1654263E-4
1.247744E-4
-2.7724253E-5
1.9986922E-4
1.5264902E-4
1.9890784E-4
1.7102037E-5
5.522244E-5
-3.5402532E-5
5.807391E-5
2.9778854E-5
7.4727366E-5
5.953151E-5
5.095977E-5
9.961139E-5
6.8624075E-5
5.7189838E-5
1.9053741E-5
1.2516457E-4
9.554313E-5
7.882118E-5
5.784768E-5
-4.154477E-5
-3.1065123E-5
3.2103533E-5
-8.702284E-5
-1.5609314E-4
-9.994464E-5
-1.0006544E-4
-1.2479472E-4
-1.7670974E-4
-2.3229691E-4
-2.1240079E-4
-1.8704924E-4
-1.3837538E-4
-1.7018065E-4
-3.2968892E-4
-1.8537407E-4
-1.9366764E-4
-7.811011E-5
-7.877026E-5
-8.380083E-5
-1.18125296E-4
-2.1431642E-5
-1.3312188E-4
-5.8687838E-5
-1.4994721E-4
5.7546666E-5
-6.848418E-5
1.4753867E-4
-2.1565695E-5
2.4380819E-5
-5.3759235E-5
1.8133229E-4
6.4088796E-5
3.5438487E-5
1.5762969E-4
1.4654595E-4
1.687367E-4
1.8510346E-4
2.0015905E-4
1.865233E-4
2.3535249E-4
1.9350249E-4
6.545107E-5
2.1515743E-4
5.082932E-5
4.0591705E-5
3.5835696E-5
7.942919E-5
5.043955E-5
7.253636E-5
-6.57588E-5
-1.622107E-5
-1.4463507E-4
-1.6902086E-4
-2.890442E-4
-1.7093439E-4
-2.4155248E-4
-1.3405948E-4
-3.6185302E-4
-2.9576593E-4
-3.551262E-4
-2.2476022E-4
-3.7194745E-4
-2.5668557E-4
-3.775372E-4
-2.7633243E-4
-3.201062E-4
-2.6224926E-4
-3.554202E-4
-2.7433605E-4
-3.4649888E-4
-2.190613E-4
-2.516216E-4
-1.9671887E-4
-1.8434612E-4
-1.8858709E-4
-1.0140384E-4
-1.8021003E-6
-4.32971E-5
9.181969E-5
8.1700586E-5
8.569009E-5
1.3430841E-4
1.0957858E-4
9.6773554E-5
1.3279327E-4
2.3038923E-4
2.624761E-4
2.0395784E-4
2.6478063E-4
1.7022455E-4
1.848834E-4
1.9027444E-4
2.8628123E-4
2.7551196E-4
2.8813924E-4
1.7906309E-4
2.2640104E-4
1.08014865E-4
1.9836887E-4
1.7557475E-4
2.4647312E-4
4.975604E-5
1.5621496E-4
3.8660266E-5
1.5300594E-4
7.2735515E-5
-1.3231505E-5
5.912938E-5
1.4641888E-4
1.0520223E-4
1.0731184E-4
4.063141E-5
1.6575659E-4
1.0413058E-4
1.950386E-5
4.8928974E-5
2.986933E-5
-8.454177E-5
9.227662E-5
-5.545151E-5
-2.4579418E-5
-3.314464E-5
-1.2021623E-5
-6.950811E-5
-1.15554736E-4
-6.942493E-5
-1.2304842E-4
-1.0414135E-4
-3.7898026E-5
-5.6013323E-5
-1.0224985E-4
6.3499806E-6
-1.6123451E-4
-9.320924E-5
-1.9602121E-5
3.2831376E-5
-7.583939E-5
1.7062786E-5
-3.188537E-5
-9.8630815E-5
-7.666418E-6
-7.888704E-5
2.4784886E-6
-2.1265903E-6
-1.6322161E-7
2.5951433E-6
1.21339915E-4
8.11988E-6
1.1993087E-4
8.450996E-5
1.14529874E-4
1.0309806E-4
1.8057511E-4
3.586566E-5
1.4753334E-4
1.848695E-4
1.170983E-4
1.3950701E-4
2.0743905E-4
2.1824683E-4
2.551271E-4
2.3345345E-4
2.7987655E-4
1.7034884E-4
2.797637E-4
3.7578415E-4
3.1677412E-4
3.6210098E-4
4.1225593E-4
2.1925534E-4
3.533076E-4
2.428001E-4
2.6309973E-4
1.6646259E-4
3.177541E-4
2.3364062E-4
2.1204852E-4
6.991859E-5
1.141122E-4
3.3289823E-5
7.53809E-5
-4.0691702E-5
-5.1379015E-5
-5.4817436E-5
-8.2413324E-5
-1.8808397E-4
-1.0001258E-4
-1.667977E-4
-1.3221294E-4
-2.3840326E-4
-2.2593053E-4
-3.6171149E-4
-2.0968582E-4
-3.259797E-4
-2.852613E-4
-3.238073E-4
-2.0889826E-4
-3.923702E-4
-2.2369616E-4
-2.6932592E-4
-1.6593427E-4
-3.5594657E-4
-2.1792308E-4
-3.3549036E-4
-1.6791972E-4
-3.5314236E-4
-5.0417504E-5
-1.19654986E-4
2.9658826E-5
-1.2296243E-4
-5.6689718E-5
-1.2476374E-4
5.4831587E-5
-3.1208135E-6
7.27669E-5
5.2500498E-5
1.4594736E-4
6.503551E-5
1.7057174E-4
7.82794E-5
1.3173383E-4
3.419598E-6
1.9009884E-4
4.8746107E-5
2.0476432E-4
1.5266238E-4
2.6770085E-4
1.6559509E-4
1.3337936E-4
6.040507E-5
4.8954913E-5
-7.151049E-7
1.4481136E-4
-5.4749416E-5
1.15058996E-4
-1.4118454E-4
-4.1469248E-5
-1.9339497E-4
-1.0681666E-4
-2.7744757E-4
-1.2909411E-4
-2.984225E-4
-1.419705E-4
-2.943209E-4
-1.2357716E-4
-3.7744362E-4
-2.1271702E-4
-5.307374E-4
-2.21645E-4
-3.7413114E-4
-2.3930219E-4
-5.097355E-4
-4.3879123E-4
-4.1229563E-4
-3.45342E-4
-5.0582655E-4
-3.7932856E-4
-3.686877E-4
-3.8138125E-4
-5.135825E-4
-2.2779884E-4
-3.9226047E-4
-2.3439253E-4
-3.9980965E-4
-1.853196E-4
-3.185182E-4
-2.3455372E-4
-2.6023466E-4
-1.7748153E-4
-1.8265114E-4
-2.0518496E-4
-2.3379181E-4
-1.4469406E-4
-1.3470597E-4
-2.387868E-4
-1.3323111E-4
-8.674684E-5
-1.0426852E-5
-1.2359716E-4
2.551027E-4
-2.1078917E-5
2.4057433E-4
-3.297667E-4
2.7285327E-4
-6.158499E-4
6.272151E-4
9.82244E-4
-0.003983957
0.0016988723
0.0024385701
0.0015793194
-0.004152872
0.0017268318
-2.0238623E-4
-0.0011176969
5.75801E-5
6.3678675E-4
-1.3497089E-4
-0.0014405033
-5.2686788E-5
0.001909463
-2.3397575E-4
-3.4625868E-5
0.001073619
7.078353E-4
-6.873915E-4
1.5034643E-4
5.742615E-4
0.0014756463
-4.3413808E-4
-2.87095E-4
2.937516E-5
-6.591842E-4
-0.0014304672
-4.41201E-4
-8.5132476E-4
-0.0016664722
-0.0017370231
-1.5058416E-4
9.890247E-5
4.945863E-4
9.5674617E-4
0.0014319238
7.400503E-4
9.047994E-4
6.053212E-4
2.6177068E-4
-1.231311E-4
7.602142E-4
6.6396256E-4
3.333959E-4
-1.6889347E-4
9.896756E-4
8.006944E-4
8.5580024E-5
-5.314336E-4
3.392932E-4
4.059773E-4
-2.2308406E-4
-0.001090837
-3.6540328E-4
2.9971914E-5
-2.1249314E-6
-4.1550968E-4
1.7973127E-4
5.8208813E-4
6.5642776E-4
7.37778E-5
2.304699E-4
4.0147617E-4
6.088355E-4
1.9799841E-4
5.9604557E-5
-8.261617E-6
5.703884E-4
2.9506176E-4
5.215426E-5
-2.3307604E-5
5.562993E-4
7.119256E-4
3.6254356E-4
-1.4526937E-4
2.2017007E-4
3.2374883E-4
3.4626166E-4
-1.2208374E-4
-1.692362E-4
-2.404258E-5
1.0462397E-4
-2.4772238E-4
-3.483174E-5
2.3446158E-4
6.048578E-4
1.9664707E-4
2.3671624E-4
-3.6102192E-5
1.5170939E-4
-2.0169941E-4
-2.7185757E-4
-3.017508E-4
1.4748973E-5
-1.7055756E-5
-3.823407E-5
-1.1277018E-5
3.6639042E-4
2.4932483E-4
1.3335086E-4
-6.139472E-5
2.179409E-4
2.5907813E-5
-7.57605E-5
-3.142329E-4
-7.76443E-5
-2.605317E-4
-1.65885E-4
-2.4502532E-4
4.62395E-5
-3.1574746E-5
3.8349417E-6
-1.03769926E-4
1.0657367E-4
-1.613285E-4
-1.397273E-4
-3.5340554E-4
-4.9447022E-5
-1.1995135E-4
-1.9919667E-5
-1.6170023E-4
1.8301478E-4
8.782053E-5
2.4672295E-4
-2.056557E-4
1.8983815E-4
-1.2248693E-5
1.4624823E-4
-2.526981E-4
8.025699E-5
-1.9390184E-4
1.3438331E-4
-4.0111097E-4
-3.4142472E-4
-1.726074E-4
1.9682576E-4
-6.486872E-4
-1.06070365E-4
-9.158533E-5
3.006436E-6
-6.416108E-4
-5.709377E-4
-6.3254515E-4
-9.169446E-5
-4.1806904E-4
-5.9323356E-4
-3.0941606E-4
2.4073014E-4
-1.9276486E-4
-4.0465442E-4
-3.187664E-4
2.6596192E-4
-1.9776775E-4
-4.6026666E-4
-4.0333913E-4
5.0620736E-5
-2.2694131E-4
-1.5257041E-4
-7.48952E-5
2.9295016E-4
-1.757102E-5
6.636339E-5
5.769559E-5
2.5046966E-4
-7.541474E-5
-1.4180089E-4
-2.7440136E-4
3.3936951E-6
-2.5553728E-4
-2.9171334E-4
-2.701679E-4
-1.454601E-4
-2.158564E-4
-9.312055E-5
-1.5974646E-4
1.5612732E-4
-1.379165E-5
3.4244375E-5
1.979217E-5
5.848553E-5
6.1462095E-5
1.262252E-4
8.513122E-5
1.0570773E-4
1.1944078E-4
7.1077644E-5
1.2029258E-4
3.859033E-6
6.4130654E-5
6.986636E-5
2.4570676E-4
1.0442265E-4
2.6738134E-4
1.2899152E-4
2.129528E-4
-1.2734148E-5
3.342398E-5
7.5209427E-6
4.1710668E-5
-1.23483205E-5
1.7524046E-4
6.131169E-5
1.984684E-4
7.58955E-5
1.05944775E-4
1.0209532E-4
2.2508038E-4
1.4152187E-5
1.8061434E-4
1.0523319E-4
4.6787776E-5
5.69551E-6
1.2099735E-4
9.971E-5
1.4339037E-4
3.9509556E-5
1.341439E-4
1.8029618E-4
1.340732E-4
1.139115E-4
1.4149776E-4
-5.7155637E-5
-2.2322096E-5
-1.03937644E-4
-2.952661E-6
-2.1268043E-4
-3.8529808E-5
-1.4888379E-4
-1.7406291E-4
-2.8681217E-4
-2.0709596E-4
-3.2968467E-4
-2.631173E-4
-3.0053454E-4
-2.2002071E-4
-2.7083847E-4
-3.0094222E-4
-4.0329687E-4
-2.856901E-4
-1.990155E-4
-2.2744446E-4
-2.7256462E-4
-2.2440798E-4
-2.2397716E-4
-1.683044E-4
-2.185948E-4
-9.110802E-5
7.155029E-7
-4.8320475E-5
-5.873086E-6
-8.421531E-5
-7.021333E-5
4.3386088E-5
-1.7140055E-4
-1.5163024E-4
-8.227911E-5
-7.5063535E-6
-1.5379777E-4
-1.3477268E-4
-4.548756E-5
7.6026576E-5
-1.5025541E-4
-4.701355E-5
-4.3150325E-5
4.354559E-6
-1.04210674E-4
-1.460905E-5
-1.6764176E-4
3.642492E-4
-5.1077985E-4
-5.7301635E-4
0.0010802669
4.5290505E-4
-1.7370786E-4
-5.2511174E-4
-3.2746323E-4
1.9889492E-4
3.2028486E-4
4.244957E-4
2.4706344E-4
1.8814071E-4
-4.0443233E-4
-1.1321281E-4
-1.5501487E-4
1.17583724E-4
8.119052E-6
-5.854421E-5
-1.5224998E-4
2.1219997E-4
-7.058381E-5
-9.828418E-5
-7.53972E-5
3.195509E-5
1.2064126E-4
2.55799E-4
1.9505002E-4
5.5994943E-4
4.2225354E-4
2.2341346E-4
-4.3631042E-4
-2.1262356E-4
1.8655567E-4
2.642506E-4
7.8722514E-5
2.740566E-4
1.955553E-5
-6.539729E-5
-1.0094684E-4
-7.88981E-5
-1.3809308E-4
-1.2049697E-4
-1.7095523E-4
-1.7819987E-4
-2.8368103E-4
-2.4713817E-4
-9.597011E-6
1.0363446E-4
-5.500828E-5
1.3061707E-4
1.9094533E-4
5.764831E-6
-8.695303E-5
1.2371154E-4
1.3789417E-4
8.909209E-5
8.842242E-5
2.8089253E-4
4.1194222E-4
5.298745E-4
3.1010268E-4
4.5683826E-4
2.2756074E-4
3.8189156E-4
-7.423607E-5
1.2017713E-4
1.9620697E-6
-8.324599E-6
-2.3092823E-4
4.8798793E-5
-1.1562836E-6
1.6010417E-4
1.5122566E-4
4.0448876E-4
2.370869E-4
8.750809E-5
-2.8491746E-5
1.2318086E-5
-1.4155585E-4
-1.6467474E-4
-2.9498828E-4
-6.5297304E-6
-1.8790468E-4
-1.3579814E-4
-1.5824278E-4
8.846091E-5
1.8744011E-5
-8.3624356E-5
-1.8143973E-4
-9.0301815E-5
-2.7610795E-4
-4.2819383E-4
-4.3094708E-4
-2.1109595E-4
-3.1958488E-4
-2.3608236E-4
-8.924488E-5
-4.227484E-5
5.7540634E-5
2.653652E-6
-8.039811E-5
-6.374323E-6
-2.1413744E-4
-2.6597126E-4
-2.1791455E-4
-1.9628169E-5
-8.107137E-5
-2.5741556E-5
1.0213614E-4
3.8421497E-4
1.6440045E-4
2.1322683E-4
2.6600785E-4
3.162616E-4
2.6667389E-5
-2.1911186E-5
-1.237285E-4
1.9245665E-5
-8.920146E-5
-1.11302805E-4
3.3715492E-5
2.8032326E-4
2.1734631E-4
1.652999E-4
1.7909404E-4
2.065813E-4
6.016251E-5
-8.7570115E-5
-1.414396E-4
-1.6673865E-4
-3.4123354E-4
-2.8230384E-4
-2.892561E-4
-2.6503653E-4
-2.506287E-4
-1.3738233E-4
-2.285229E-4
1.32322475E-5
-1.6403978E-4
-1.7033196E-4
-2.5701724E-4
-2.5808185E-4
-2.742408E-4
-3.3007766E-4
-3.5642576E-4
-3.8678574E-4
-3.1281702E-4
-2.1848803E-4
-3.4123915E-4
-3.172385E-4
-2.6854582E-4
-2.81265E-4
-3.2678142E-4
-4.8627003E-4
-5.852668E-4
-4.368885E-4
-6.4329413E-4
-5.615751E-4
-3.7672147E-4
-3.384939E-4
-3.1611806E-4
-3.0928655E-4
-1.8232544E-4
-1.101776E-4
-2.0728713E-4
-2.3912283E-4
-3.4515787E-4
-3.2259553E-4
-4.1489405E-4
-2.0192987E-4
-2.022746E-4
-2.6709913E-5
-1.7507895E-4
-1.3561248E-4
-1.8444954E-4
5.061384E-5
-2.8127104E-5
3.054831E-5
-6.38874E-5
-9.995683E-5
-1.5213859E-4
-1.8404971E-4
-3.708488E-4
-1.970578E-4
-1.9027373E-4
-1.3420857E-4
-3.0792935E-4
-1.1780099E-4
-1.8794506E-4
-1.4828933E-4
-2.1205128E-4
-1.4109632E-4
-1.0100242E-4
-1.1421727E-4
-1.2306536E-4
-2.8736627E-5
-5.625664E-5
1.7058414E-4
5.3305983E-5
2.6578121E-4
2.0779771E-4
2.0762897E-4
1.2149474E-4
1.3804942E-4
1.9252452E-4
1.556008E-4
1.7013571E-4
1.5139942E-4
1.576042E-4
3.0223338E-4
1.9395571E-4
3.6194132E-4
2.938062E-4
3.8689398E-4
2.7019082E-4
2.0750036E-4
1.4434362E-4
1.8455695E-4
1.2276713E-4
1.077495E-4
6.918689E-5
1.4623611E-4
7.216002E-5
1.8948555E-4
2.0172782E-4
2.1716475E-4
2.3943062E-4
3.0378834E-4
3.809932E-4
3.1651914E-4
3.0217454E-4
4.093448E-4
3.95498E-4
3.0990844E-4
1.4097783E-4
1.9708017E-4
2.5008377E-4
1.749443E-4
4.9284296E-5
1.6545189E-4
2.7623307E-4
2.4009502E-4
1.07398744E-4
8.413748E-5
1.6556277E-4
1.8026108E-4
6.645479E-5
-5.8497673E-5
1.085947E-4
1.0583792E-4
-4.9075716E-5
-9.206349E-5
-3.0336549E-5
3.8334234E-5
-3.1997715E-5
6.3181633E-6
-5.6352223E-5
8.33956E-5
1.2976502E-4
1.3471032E-6
7.447016E-5
1.5928365E-5
-2.572181E-5
1.8875157E-6
4.954618E-6
5.7580364E-5
6.19356E-5
-1.7391947E-5
-3.6129608E-5
-1.1639961E-4
-6.669757E-5
-5.1833376E-6
-2.23719E-6
5.3841395E-6
9.670794E-5
3.2474698E-5
6.4346714E-5
8.75255E-5
1.7061832E-4
1.3933383E-4
1.6822349E-4
1.06355714E-4
9.721204E-5
1.475086E-4
1.2046728E-4
1.2066451E-4
2.971638E-5
-1.6663822E-6
1.258985E-4
8.339606E-5
1.9668142E-4
2.2876359E-4
1.9331886E-4
1.9934733E-4
7.853181E-5
2.5045476E-4
2.5827286E-4
2.2091992E-4
2.5461763E-4
2.4872602E-4
3.0768488E-4
2.479176E-4
2.4759522E-4
2.8652698E-4
2.7470756E-4
3.3123075E-4
1.9710622E-4
2.3859413E-4
2.3240247E-4
2.0746041E-4
1.3102528E-4
2.3408275E-4
2.0031996E-4
1.1141272E-4
1.7671825E-4
1.872663E-4
1.326126E-4
1.9233974E-4
8.485549E-5
2.0419533E-4
1.4374645E-4
7.844616E-5
7.9254554E-5
1.7436924E-4
1.3262566E-4
1.650901E-4
1.2733127E-4
2.0365574E-4
1.5659457E-4
1.5661404E-4
1.581998E-4
1.7005313E-4
2.2888438E-4
1.777253E-4
2.1454325E-4
3.055288E-4
2.561739E-4
1.7746919E-4
1.05562984E-4
1.6748578E-4
2.1327945E-4
2.940158E-4
3.0516321E-5
5.5877405E-5
-1.0784126E-5
2.2429335E-6
-7.8910765E-5
-7.564242E-5
-1.2402824E-4
-4.345018E-5
1.2706568E-5
-1.4970638E-5
-9.9892575E-5
-1.37298E-4
-1.847629E-4
-7.0392096E-5
-5.366388E-5
-5.933596E-5
-1.6620326E-4
-1.5289635E-4
-1.5451673E-4
-1.666559E-4
-2.3499104E-4
-1.8297073E-4
-1.9028693E-4
-4.277166E-5
-2.5329582E-4
-3.4906119E-4
-3.0408808E-4
-1.4319087E-4
-9.118945E-5
-8.2897044E-5
-2.308065E-4
-1.6451525E-4
-1.446733E-4
-2.2194712E-4
-2.0256713E-4
-1.9766047E-4
-8.475303E-5
-1.9033077E-4
-3.1580322E-4
-2.9479858E-4
-2.6841526E-4
-2.504577E-4
-2.7507008E-4
-1.7254907E-4
-2.7690505E-4
-1.7827509E-4
-2.9746792E-4
-2.6040676E-4
-1.1798215E-4
-1.8096672E-4
-2.6659042E-4
-3.2566866E-4
-3.5968766E-4
-1.3802676E-4
-1.4259746E-4
-4.1034768E-4
-3.7862765E-4
-2.6163424E-4
-3.5359277E-4
-1.5386908E-4
-3.875905E-4
-2.807915E-4
-1.555874E-4
-3.01808E-4
-2.1705336E-4
-4.035426E-4
-3.6792443E-4
-2.896872E-4
-3.4864058E-4
-2.5730423E-4
-2.3542903E-4
-1.18400436E-4
-5.477177E-5
-2.1700042E-4
-2.5930293E-4
-4.0106164E-4
-3.1090438E-4
-1.6460204E-4
-7.9326666E-5
-1.2848378E-4
-2.0047057E-4
-2.8077036E-4
-9.93469E-5
-2.8318437E-4
-1.9986772E-4
-3.1424555E-4
-3.1035367E-4
-3.2484822E-4
-3.5799504E-4
-4.2104328E-4
-3.5907188E-4
-3.5886528E-4
-3.2358908E-4
-3.9291492E-4
-2.77791E-4
-2.7390142E-4
-1.5229479E-4
-1.3540193E-4
-2.201403E-4
-1.5625167E-4
-1.347275E-4
-2.0991373E-4
-2.0066142E-4
-6.1750936E-5
-7.4038886E-5
-5.8418504E-5
3.9257407E-5
2.7996848E-5
3.645584E-5
3.4012896E-6
-3.454208E-5
4.7390495E-5
-1.546202E-4
-2.4384151E-4
-2.3773932E-4
-1.2882274E-4
-2.7165353E-5
-1.3936943E-4
2.3251576E-5
8.692418E-6
9.100448E-6
-4.116213E-5
1.17668664E-4
-2.1125283E-5
-8.445028E-5
-9.954778E-5
-1.2515298E-4
-1.656226E-4
-1.19553406E-4
-5.342277E-5
-5.4647113E-5
5.4412736E-5
1.0934644E-4
1.2326134E-4
1.0865406E-4
1.2868359E-4
3.3432505E-5
8.555993E-5
1.3335518E-4
1.933953E-6
8.638488E-5
2.5893596E-4
1.4355929E-4
2.2745391E-4
3.4826522E-4
4.2627798E-4
4.0035267E-4
4.6674538E-4
3.5898873E-4
3.9904032E-4
2.7690784E-4
1.7808798E-4
1.5607654E-4
1.9205942E-4
2.1640137E-4
3.2631587E-4
3.837751E-4
4.4594225E-4
4.7854622E-4
4.428449E-4
4.6121795E-4
4.493259E-4
3.585517E-4
2.0493484E-4
1.1349136E-4
2.1517237E-4
2.2803029E-4
2.43242E-4
2.3286181E-4
2.8384745E-4
2.696283E-4
3.0528696E-4
2.761402E-4
1.8191902E-4
2.825109E-4
2.1330304E-4
1.5620959E-4
2.4410436E-4
2.7639445E-4
2.4130072E-4
2.2924275E-4
2.3877788E-4
2.405735E-4
1.9493666E-4
2.783765E-4
2.4556767E-4
1.5788877E-4
2.3036977E-4
2.7449842E-4
-2.7967675E-5
5.6592016E-5
8.645691E-5
1.0800196E-4
1.8641792E-4
1.2851002E-4
1.4307116E-4
2.3599884E-4
3.504327E-4
3.528773E-4
3.4724583E-4
4.2948045E-4
4.1064442E-4
3.886117E-4
4.5284387E-4
4.879395E-4
5.352221E-4
4.6011785E-4
4.2006533E-4
5.0531287E-4
5.064466E-4
6.070048E-4
5.3457957E-4
5.953598E-4
5.498866E-4
5.5902824E-4
5.0870306E-4
4.4874102E-4
4.047663E-4
3.236024E-4
3.9359368E-4
2.2619258E-4
2.9861572E-4
2.1361501E-4
2.4718282E-4
1.8210783E-4
1.2603968E-4
6.0107133E-5
1.3477493E-4
-2.2748072E-6
-7.999506E-6
4.242431E-5
-1.84555E-5
-1.6144532E-4
-4.618953E-5
-3.5824298E-5
-1.1826724E-4
-1.9611263E-4
-1.5249019E-4
-2.0318902E-4
-9.7881086E-5
-2.3738151E-4
-1.5505018E-4
-2.661244E-4
-2.1292381E-4
-1.5993784E-4
-1.8735332E-4
-3.1771936E-4
-3.0481903E-4
-2.2214775E-4
-2.2714197E-4
-1.975497E-4
1.10040615E-4
-7.097736E-5
-7.179983E-5
-1.0389633E-4
1.06351814E-4
-1.261482E-4
-1.5735951E-4
-2.943599E-4
-9.24479E-5
-5.883389E-5
-2.1772069E-6
-6.271984E-5
6.597505E-5
2.4120638E-5
-1.675397E-5
-1.0856368E-4
-5.275479E-5
-4.546478E-5
-4.9156773E-5
-9.38293E-5
-4.7226928E-5
-1.9428418E-4
-3.8215258E-5
-1.7333773E-4
-1.1544393E-4
-2.3143116E-4
-7.23756E-5
-2.6794564E-4
-1.1892334E-4
-5.9743135E-5
-5.198288E-5
-1.4299447E-4
-2.3580718E-5
-2.2253045E-5
-8.123187E-5
-1.1085895E-4
-4.043375E-5
-3.8207047E-5
-8.610749E-5
-6.277379E-5
3.462661E-5
5.757981E-6
5.07817E-6
-1.4591236E-4
-6.3255975E-6
-1.580307E-4
-1.9200044E-4
-1.910905E-4
-7.5286574E-5
-1.5752486E-4
-2.7837386E-4
-2.5322312E-4
-1.3437247E-4
-1.2345858E-4
-1.8696516E-4
-3.0932267E-4
-1.3140954E-4
-2.2874473E-4
-9.0993795E-5
-1.7355187E-4
-4.349809E-5
-1.1708288E-4
-1.9616837E-5
-2.0217706E-4
-4.726677E-5
-7.290694E-5
-4.510476E-5
1.6695163E-5
5.2114134E-5
-5.4175194E-5
-2.0832658E-5
1.0559271E-5
1.8785965E-4
6.050423E-5
1.4495899E-4
6.657785E-5
8.756972E-5
2.8002767E-5
1.9356364E-4
9.820465E-5
8.37196E-5
5.0814364E-5
2.0443826E-4
2.2296676E-4
3.6453572E-4
1.9635134E-4
1.9245569E-4
1.1795874E-4
1.1346739E-4
2.2492537E-4
1.35747E-4
5.5153934E-5
7.653443E-5
1.8059302E-4
1.5114695E-4
1.6057515E-4
1.8666868E-4
6.469951E-5
1.484271E-4
-1.7379887E-5
8.179946E-5
1.0032005E-4
2.3771661E-5
-1.0813044E-4
-5.9969465E-5
-1.0101987E-4
-8.345787E-5
-1.2400007E-4
-2.2684451E-5
-1.3136657E-4
3.416966E-5
-1.2628757E-4
-4.21337E-5
-5.30662E-5
5.165901E-5
-7.893954E-5
-6.408471E-5
-7.7108874E-5
-4.2421776E-5
-2.8590439E-5
7.654607E-6
-2.1442667E-5
-2.5737185E-5
-3.295203E-5
-1.7634829E-6
-7.934456E-5
1.3498127E-5
-2.2838612E-6
-2.0415633E-5
2.1487522E-5
1.0320643E-4
9.5997246E-5
1.9826635E-5
3.2306525E-5
-1.8330353E-5
7.94003E-5
1.068001E-4
4.872883E-5
7.654929E-6
-1.727931E-5
-2.174245E-5
-1.7668693E-6
1.298748E-5
4.7888774E-5
8.598599E-5
1.453881E-4
1.6073251E-4
1.2814917E-4
1.0937086E-4
4.8845075E-5
1.7443804E-4
9.1476024E-5
1.934389E-4
1.886299E-4
2.1966718E-4
1.08527616E-4
1.6227593E-4
2.2584776E-4
1.9953097E-4
2.5081952E-4
2.5905579E-4
1.0775957E-4
1.2107283E-4
1.0115718E-4
1.3781372E-4
1.149062E-4
1.3073877E-4
2.4751222E-5
5.588067E-5
3.1840133E-5
1.21383266E-4
4.4073226E-5
1.7197153E-5
-6.205015E-5
-5.8892332E-5
-9.689301E-6
-1.1252642E-4
-5.1485975E-5
-1.6750196E-4
-2.2788416E-4
-2.3888367E-4
-2.304475E-4
-1.7497051E-4
-2.111356E-4
-1.986912E-4
-3.192041E-4
-3.5500445E-4
-3.0455034E-4
-2.7260053E-4
-1.9311547E-4
-2.3695543E-4
-2.9931703E-4
-3.0491615E-4
-3.0484365E-4
-3.9379063E-4
-3.4025358E-4
-2.7049973E-4
-1.672378E-4
-2.5883492E-4
-3.9256795E-4
-4.1213116E-4
-3.6451567E-4
-2.0058914E-4
-2.5357414E-4
-2.5527264E-4
-4.0395855E-4
-1.6055368E-4
-4.0395182E-4
-4.1890275E-4
-3.3933815E-4
-1.4579255E-4
-1.7200175E-4
-2.3475813E-4
-2.7493763E-4
-2.6296833E-4
-1.9458527E-4
-2.3908283E-4
-1.8909431E-4
-2.6183802E-4
-2.3938848E-4
-2.2628196E-4
-6.5289365E-5
-1.4562174E-4
-6.5640095E-5
-1.4104179E-4
-9.170032E-5
-1.6705181E-4
-1.573821E-4
2.9243596E-5
6.9370566E-5
-1.3334227E-4
-5.9706803E-5
-3.983844E-5
-4.410365E-5
-9.375043E-5
-8.20395E-5
-6.59303E-5
-1.0189749E-4
-8.776291E-5
-1.9896179E-4
-1.5248361E-4
-1.0289132E-4
-2.8764141E-5
-2.405047E-5
-5.2947296E-5
-1.1790734E-4
1.2629262E-5
-3.292578E-5
6.787275E-5
8.024576E-8
7.754217E-5
8.4422754E-5
2.1454826E-4
1.6338356E-4
2.7203473E-4
2.9240642E-4
2.7724888E-4
1.8688216E-4
2.3663513E-4
2.4195907E-4
2.2719323E-4
2.8307003E-4
2.7823387E-4
3.3238655E-4
3.1776985E-4
2.6024127E-4
3.0145E-4
3.5052188E-4
3.549343E-4
3.1330116E-4
2.6268838E-4
1.0732812E-4
2.1761876E-4
1.7547995E-4
2.168804E-4
2.7194427E-4
2.4384781E-4
9.9336154E-5
1.6502352E-4
1.8752407E-4
1.5518769E-4
9.365188E-5
3.5610374E-5
4.7924743E-5
4.2686817E-5
-3.943785E-5
8.438679E-5
9.075152E-5
6.942327E-5
4.384807E-5
5.690475E-5
5.1892872E-5
3.8944178E-5
-5.515679E-6
4.813053E-5
8.641929E-5
1.439881E-4
4.663074E-5
3.8880185E-5
4.7493682E-5
2.5715095E-5
-1.6719025E-5
1.6886069E-4
2.084441E-4
5.0510098E-5
9.826996E-5
9.044712E-5
1.5582799E-4
2.1078362E-4
1.8452642E-4
1.4915838E-4
2.4983916E-4
2.2630203E-4
2.0196718E-4
1.5551035E-4
1.483593E-4
1.4942561E-4
1.12633476E-4
1.7123975E-4
2.0733621E-4
1.6758798E-4
2.0873283E-4
2.5226237E-4
2.6637808E-4
2.0087021E-4
3.1239662E-4
2.5322434E-4
3.5341765E-4
3.4992627E-4
2.549413E-4
2.534881E-4
2.2107002E-4
2.912466E-4
2.712709E-4
3.377434E-4
2.8242506E-4
3.1377128E-4
2.8572525E-4
2.9633055E-4
2.6284473E-4
2.9089683E-4
2.217153E-4
2.9409735E-4
3.6302756E-4
3.1242572E-4
2.5928998E-4
2.6334572E-4
2.4351687E-4
2.783E-4
2.3896013E-4
2.5804248E-4
2.0890933E-4
2.2655429E-4
1.6922569E-4
1.9113645E-4
1.2719227E-4
8.797001E-5
1.7196432E-4
1.4606603E-4
8.107421E-5
1.603339E-4
1.1996324E-4
-5.6560068E-5
4.9214697E-5
2.1898262E-5
-4.6708432E-5
-4.2267842E-5
-1.465527E-4
-1.2756493E-4
-1.2921522E-4
-1.4109092E-4
-2.0272653E-4
-1.1625151E-4
-1.5667015E-4
-1.026368E-4
-2.1952843E-4
-9.815101E-5
-6.246077E-5
-1.235749E-4
-1.0904488E-4
-1.0092202E-4
-1.401623E-4
-2.2313121E-4
-1.8863805E-4
-2.521703E-4
-2.4549905E-4
-2.7422313E-4
-3.0010703E-4
-2.3290672E-4
-3.4413827E-4
-3.70243E-4
-3.092282E-4
-3.5996316E-4
-3.6631664E-4
-3.854135E-4
-3.4883225E-4
-4.278351E-4
-3.9774002E-4
-3.9490036E-4
-4.4769948E-4
-4.10786E-4
-4.5045963E-4
-4.6508506E-4
-4.1230867E-4
-3.429945E-4
-5.024733E-4
-5.2232645E-4
-4.5073088E-4
-3.0502016E-4
-4.2529593E-4
-4.2755005E-4
-3.467704E-4
-3.7390212E-4
-4.3141792E-4
-3.9539137E-4
-4.3153725E-4
-4.8929325E-4
-5.0359033E-4
-3.7847992E-4
-5.212628E-4
-4.0423288E-4
-4.3428692E-4
-3.7793227E-4
-3.7847934E-4
-3.3874257E-4
-3.9616635E-4
-3.290067E-4
-4.182745E-4
-2.8112635E-4
-3.3995352E-4
-2.3918157E-4
-2.841697E-4
-2.113316E-4
-3.081556E-4
-1.5245384E-4
-2.0289377E-4
-5.379248E-5
-1.274829E-4
-3.4642104E-5
-3.310251E-5
1.2293946E-6
-8.599237E-5
-2.4245375E-5
-2.2593395E-5
-5.2783504E-5
-1.0404557E-5
6.847644E-5
8.310279E-7
3.3034E-5
5.137348E-5
1.9953965E-4
8.960778E-5
1.5705448E-4
2.5868707E-4
1.8969999E-4
1.8594705E-4
1.4181968E-4
1.9354443E-4
1.4812627E-4
1.4402885E-4
2.2028289E-4
2.4669527E-4
3.1626807E-4
2.0040153E-4
3.0417E-4
2.679091E-4
2.3458882E-4
1.7147916E-4
2.5825432E-4
1.7610758E-4
2.4618575E-4
2.492971E-4
4.3671986E-4
2.3342132E-4
3.0720382E-4
2.3167851E-4
3.1876843E-4
2.491107E-4
2.8149958E-4
2.2017848E-4
3.2413515E-4
1.9740939E-4
2.7949273E-4
2.0361126E-4
2.0829473E-4
1.1687817E-4
1.5830692E-4
2.0549033E-4
1.3357928E-4
1.0109522E-4
1.7799792E-4
1.9078155E-4
1.8432898E-4
1.7553449E-4
1.7744969E-4
1.4081193E-4
2.3008531E-4
1.617617E-4
5.4983895E-5
9.0246605E-5
2.3335764E-4
1.4032623E-4
2.6915804E-4
6.3892614E-5
1.3771707E-4
1.4391422E-4
2.3123677E-4
1.0503373E-4
1.6843097E-4
1.7592133E-4
2.5892627E-4
1.806891E-4
3.0933393E-4
1.5271093E-4
1.6997685E-4
1.6360608E-4
3.2676355E-4
2.6490397E-4
2.961567E-4
1.6293259E-4
2.9896564E-4
3.2176197E-4
4.4133174E-4
4.5789272E-4
4.011725E-4
4.995515E-4
4.7456168E-4
4.6111713E-4
4.5867823E-4
4.304711E-4
5.684056E-4
4.121721E-4
4.3179395E-4
3.1617488E-4
4.840146E-4
4.0713706E-4
3.7809796E-4
3.3695006E-4
4.3817222E-4
4.2211922E-4
3.677432E-4
3.8619395E-4
4.0699425E-4
4.4635052E-4
4.364753E-4
3.8209697E-4
4.3571502E-4
4.6596094E-4
4.0162558E-4
3.4556174E-4
4.548032E-4
3.4371484E-4
4.0378113E-4
1.9748653E-4
4.5444572E-4
2.6637604E-4
2.6881072E-4
3.0877985E-4
3.2638502E-4
3.490061E-4
2.7580326E-4
3.2444447E-4
2.9037613E-4
2.3767831E-4
1.890898E-4
1.4446814E-4
1.9546345E-4
2.4405569E-4
1.2479538E-4
2.4387315E-5
7.1756054E-5
8.885934E-5
6.144009E-6
1.0855045E-4
-1.9005038E-5
-2.6002059E-5
-1.1398626E-4
-1.0965713E-4
-1.721092E-4
-1.4560707E-4
-1.5932937E-4
-1.9559205E-4
-2.1993622E-4
-1.8597918E-4
-2.7421824E-4
-1.8196649E-4
-2.63151E-4
-2.103123E-4
-3.094328E-4
-3.3322038E-4
-2.425578E-4
-2.9003172E-4
-2.3764146E-4
-4.6005147E-4
-4.1278396E-4
-4.0186322E-4
-3.4733582E-4
-3.7638698E-4
-4.1113485E-4
-3.843056E-4
-2.5985544E-4
-4.0786242E-4
-3.7768556E-4
-4.1058942E-4
-3.128442E-4
-3.664551E-4
-4.155287E-4
-3.224579E-4
-2.8847723E-4
-3.1035393E-4
-3.58836E-4
-2.8432548E-4
-3.0551053E-4
-2.5979697E-4
-2.7270537E-4
-2.517213E-4
-3.3750228E-4
-3.3924417E-4
-2.2961937E-4
-1.5026657E-4
-1.1603757E-4
-1.9335173E-4
-2.9833318E-4
-3.0486632E-4
-2.3359827E-4
-1.2205767E-4
-1.8536695E-4
-1.6980605E-4
-8.7914814E-5
-1.9862958E-4
-2.1209828E-4
-1.6646825E-4
-1.8306807E-4
-2.8944333E-4
-1.6251004E-4
-2.6889006E-4
-1.9109942E-4
-1.277659E-4
-2.7483351E-5
-6.2934414E-5
-1.115251E-5
-8.118005E-5
-1.5344066E-4
-1.2462625E-4
-7.763247E-5
-3.450797E-5
5.00734E-7
-1.117305E-4
2.9114083E-6
-6.131911E-5
4.3587406E-5
8.941515E-5
1.07603155E-5
5.1092793E-5
4.178505E-5
1.2984297E-4
1.1627274E-4
1.2738079E-4
-2.4806724E-5
1.4194708E-4
2.20598E-4
1.7278241E-4
2.087691E-4
2.7685656E-4
2.7519313E-4
2.6669254E-4
2.2186444E-4
3.386403E-4
2.528201E-4
3.241957E-4
3.6477394E-4
2.7682827E-4
3.5444382E-4
2.9344193E-4
3.004566E-4
3.9028726E-4
3.719417E-4
3.591171E-4
3.374758E-4
3.5710676E-4
4.235458E-4
4.0327568E-4
4.0637533E-4
3.9058673E-4
3.9256315E-4
2.9744467E-4
3.7314976E-4
2.9599504E-4
3.23466E-4
4.2644746E-4
3.6511818E-4
3.0793267E-4
3.0581857E-4
3.8344145E-4
3.205642E-4
2.9147218E-4
3.0701622E-4
2.9333853E-4
3.384847E-4
2.4663124E-4
3.0242544E-4
3.4656696E-4
2.760524E-4
4.0908056E-4
3.772875E-4
3.695079E-4
3.5448032E-4
3.6194397E-4
3.2971657E-4
3.424695E-4
2.523635E-4
3.2755677E-4
3.309728E-4
3.4186008E-4
3.990202E-4
3.252891E-4
4.125184E-4
3.2156546E-4
3.3708834E-4
3.577744E-4
3.711874E-4
2.885376E-4
4.2821557E-4
3.342322E-4
4.1702157E-4
2.9515705E-4
2.793034E-4
3.7335747E-4
3.0566036E-4
4.2712636E-4
3.993606E-4
3.2160952E-4
3.1015757E-4
3.170621E-4
2.3781824E-4
2.3679738E-4
2.5122927E-4
2.6811892E-4
2.79136E-4
2.1133677E-4
1.5993077E-4
1.821592E-4
2.280492E-4
2.424493E-4
2.3890033E-4
1.536316E-4
1.4476619E-4
1.0655055E-4
1.4511457E-4
1.2665478E-4
1.6026886E-4
1.247405E-4
9.903767E-5
6.708229E-5
-2.1045276E-5
-1.19053175E-5
7.6677265E-5
6.752042E-5
-1.3245214E-5
1.4106428E-5
-1.2581112E-4
-4.79999E-5
-1.2893815E-4
-1.601208E-4
-5.6408495E-5
-1.0480471E-4
-1.3684777E-4
-1.153424E-4
-1.8252284E-4
-3.4448292E-4
-2.2544584E-4
-3.0148216E-4
-1.5028781E-4
-1.6756682E-4
-3.592321E-4
-3.1769037E-4
-2.532033E-4
-2.1004835E-4
-3.2364595E-4
-3.270714E-4
-3.402693E-4
-3.5419388E-4
-3.6647657E-4
-3.6038674E-4
-3.918516E-4
-5.0450745E-4
-4.5359813E-4
-5.119551E-4
-5.1181915E-4
-4.928887E-4
-4.411947E-4
-4.9001287E-4
-5.226959E-4
-4.918586E-4
-4.0838268E-4
-5.274119E-4
-5.2702095E-4
-5.3984905E-4
-5.139126E-4
-5.168495E-4
-5.149561E-4
-4.1835126E-4
-5.305196E-4
-5.579997E-4
-4.415352E-4
-3.9960994E-4
-4.5597693E-4
-4.0478862E-4
-4.7309278E-4
-4.3365092E-4
-3.728528E-4
-4.3105395E-4
-3.590786E-4
-4.432915E-4
-3.7237274E-4
-3.771483E-4
-2.6620814E-4
-2.3498994E-4
-1.7994974E-4
-2.1690897E-4
-2.818121E-4
-2.653926E-4
-2.1087473E-4
-1.7614526E-4
-1.0016897E-4
-1.3441312E-4
-2.211217E-4
-1.5694324E-4
-1.928228E-4
-1.3316364E-4
-1.2088656E-4
-4.5571658E-5
3.3904846E-5
-2.1701027E-5
-1.3092338E-4
5.8791396E-5
-7.288728E-5
-2.3430628E-5
-6.911679E-5
-1.4306509E-5
-1.6914643E-4
-5.0257775E-5
4.3758762E-5
4.4491833E-5
-3.4270204E-5
-7.050626E-5
1.4017382E-5
-7.565192E-5
1.9240855E-5
1.2664923E-4
9.0348636E-5
8.140864E-5
-5.1529874E-5
-6.188794E-6
4.1030995E-5
1.0039129E-4
6.3998245E-6
6.4773216E-5
1.21383884E-4
1.3849739E-4
2.0058537E-4
9.938767E-5
1.04197636E-4
1.3569447E-4
6.8221714E-5
1.7544394E-4
9.393689E-5
2.6952675E-5
7.579181E-5
1.7771313E-4
2.6039668E-5
1.228788E-4
1.1570489E-4
1.8939901E-4
6.272258E-5
2.0218529E-4
2.1754044E-4
1.9170814E-4
6.355251E-5
1.8883686E-4
1.4413559E-4
2.0505652E-4
9.5623654E-5
1.9668731E-4
1.2653603E-4
1.410449E-4
1.4501887E-4
2.0269385E-4
2.164323E-4
3.262126E-4
2.0410515E-4
2.1690442E-4
1.986561E-4
2.6206468E-4
2.3800194E-4
2.49769E-4
2.3127355E-4
2.917521E-4
2.0273452E-4
2.917803E-4
2.9019418E-4
2.5330813E-4
2.501401E-4
1.7231361E-4
1.9256526E-4
2.9150798E-4
1.7060728E-4
2.5287142E-4
1.9282107E-4
2.6456645E-4
2.5383878E-4
2.651364E-4
2.9276247E-4
2.7964383E-4
3.5820119E-4
4.291257E-4
3.056081E-4
3.981069E-4
3.276745E-4
3.0648726E-4
2.1183382E-4
4.009238E-4
2.7501164E-4
3.6570965E-4
3.280389E-4
3.079381E-4
2.3430662E-4
3.6752634E-4
1.788869E-4
2.5360144E-4
2.760367E-4
2.1858622E-4
1.2541805E-4
2.1793162E-4
2.5462976E-4
1.868038E-4
2.7709393E-4
1.958345E-4
1.6216081E-4
2.2205306E-4
1.1050298E-4
1.8705544E-4
2.2182766E-4
9.561907E-5
1.6487887E-4
2.343193E-4
1.2194992E-4
1.9032856E-4
1.539691E-4
1.06075786E-4
7.7050936E-5
1.1291445E-4
1.3593608E-4
1.4274905E-4
4.8593225E-5
-7.350033E-6
1.5835606E-6
-1.9184341E-5
-4.6684116E-5
2.466344E-5
-3.5664074E-5
9.449714E-5
-3.9174854E-5
2.6234246E-5
-7.6080905E-5
-4.3794425E-5
-1.3983849E-4
-1.3741276E-4
-1.410998E-4
-1.1415182E-4
-1.7563271E-4
-2.3529468E-4
-2.1674311E-4
-2.5635769E-4
-2.0420835E-4
-2.5264747E-4
-2.8757262E-4
-2.449426E-4
-2.1965084E-4
-2.6471194E-4
-3.187215E-4
-3.4972373E-4
-1.928341E-4
-3.1965715E-4
-3.5859153E-4
-3.5275964E-4
-3.0782755E-4
-2.3298102E-4
-3.419602E-4
-2.8688624E-4
-3.9285718E-4
-3.5425226E-4
-3.9533613E-4
-2.6335265E-4
-3.0462988E-4
-1.6038051E-4
-3.2463216E-4
-2.2286225E-4
-3.446488E-4
-2.3533883E-4
-4.036335E-4
-2.2090107E-4
-3.5304503E-4
-2.4714787E-4
-2.8687072E-4
-2.5389704E-4
-4.3674093E-4
-3.7925504E-4
-3.908003E-4
-2.7650944E-4
-2.9794002E-4
-3.4988613E-4
-4.2717636E-4
-3.0849548E-4
-3.36601E-4
-2.9216436E-4
-3.831351E-4
-2.0777696E-4
-3.0247628E-4
-3.0493143E-4
-2.7199584E-4
-1.944264E-4
-1.9863261E-4
-1.612879E-4
-1.9893031E-4
-1.415184E-4
-9.982168E-5
-1.4552269E-4
-1.6113938E-4
-8.6251835E-5
-1.0916128E-4
-6.223054E-5
-2.9130011E-5
-6.864084E-5
-1.11680565E-4
-3.9362167E-5
-8.911187E-5
1.3195396E-6
-6.517946E-5
4.5958728E-5
6.404157E-5
1.4010383E-4
9.75473E-5
1.597253E-4
5.7798676E-5
2.4530152E-4
1.7741875E-4
2.2742654E-4
1.8259662E-4
2.5070156E-4
1.679324E-4
1.9525432E-4
1.640113E-4
3.262313E-4
1.818021E-4
2.8354954E-4
1.722062E-4
2.1416541E-4
2.0726817E-4
1.9725437E-4
1.9979947E-4
2.6601253E-4
1.6366139E-4
3.2365252E-4
2.8424046E-4
3.4120187E-4
3.023049E-4
2.6495216E-4
2.7793E-4
2.745083E-4
2.2461932E-4
3.288825E-4
2.5468445E-4
1.759347E-4
2.4244444E-4
2.3119927E-4
1.6280355E-4
2.709475E-4
2.540452E-4
2.0443443E-4
1.1710396E-4
2.6160336E-4
7.2480216E-5
2.443244E-4
1.5742266E-4
3.211565E-4
1.883864E-4
1.6992711E-4
5.9960636E-5
2.4403897E-4
1.3134458E-4
2.5590596E-4
1.423004E-4
2.885865E-4
1.3794134E-4
1.5911477E-4
6.2081286E-5
1.5919059E-4
7.43174E-5
1.07069405E-4
2.8087477E-5
1.316286E-4
2.4645776E-6
8.4032916E-5
5.7995738E-5
1.09873785E-4
-1.15536815E-4
3.62453E-5
-7.937541E-5
4.1094874E-5
-6.2941544E-5
-1.3981583E-4
-1.3165914E-5
-1.1012505E-5
-1.6003348E-4
-8.059009E-5
-1.4769491E-4
-1.5633945E-4
-1.789255E-4
-9.7472985E-5
-9.6574266E-5
-9.616068E-5
-2.2705167E-4
-6.18329E-5
-1.00931145E-4
-7.924235E-5
-1.243832E-4
-7.634629E-5
-1.5387057E-4
-3.5644527E-5
-1.2346811E-4
-8.7660155E-5
-2.368269E-4
8.436293E-6
-9.314993E-5
-4.9192164E-5
-2.6670322E-4
-7.1904826E-5
-1.8287795E-4
-3.189938E-5
-1.6589838E-4
3.0721828E-6
-1.0601023E-4
-2.2966975E-5
-1.881751E-4
-5.8443664E-5
-1.4385239E-4
-8.835461E-5
-1.7508933E-4
-6.8897476E-5
-1.4880463E-4
-8.9262496E-5
-1.3372066E-4
-6.586859E-5
-2.1230614E-4
-8.122652E-5
-1.664619E-4
-9.963041E-5
-1.545794E-4
-1.8686661E-4
-2.3246255E-4
-1.9503135E-4
-2.2297488E-4
-2.5258955E-4
-2.760385E-4
-1.7780815E-4
-2.7558324E-4
-2.6822079E-4
-2.3011776E-4
-5.4186883E-5
-2.60438E-4
-1.8140045E-4
-2.6563628E-4
-1.8092623E-4
-2.681691E-4
-1.608392E-4
-2.169753E-4
-2.0501079E-4
-1.9104216E-4
-1.8475269E-4
-2.7345287E-4
-2.3321368E-4
-2.968449E-4
-1.0187321E-4
-1.8913027E-4
-1.1055313E-4
-1.5601292E-4
-1.0272156E-4
-1.5833207E-4
-1.8959025E-4
-1.2166072E-4
-1.1412754E-4
-7.404956E-5
-1.8519188E-5
-4.9463448E-5
-1.7016042E-5
-2.5059247E-5
5.290073E-5
-1.5182674E-5
8.383829E-5
6.141619E-5
-2.263805E-5
1.9233836E-5
4.7699697E-5
-7.08908E-5
1.3775542E-5
5.5830933E-5
1.16645046E-4
1.2768128E-4
1.9540326E-4
1.1879123E-4
1.4408866E-4
1.8614414E-4
2.463488E-4
3.959039E-6
4.2265994E-5
6.0867456E-5
7.101848E-5
1.3414283E-4
1.1430708E-4
-4.691633E-5
2.1062305E-4
1.0748158E-4
1.2313858E-4
7.206315E-5
1.1173632E-4
5.4937496E-5
1.08504675E-4
6.2557665E-5
6.0003957E-5
-7.856684E-6
9.050493E-5
1.5810121E-5
4.9231498E-5
6.446858E-5
1.5032671E-6
1.0725709E-4
4.5499673E-5
5.2886626E-5
5.17883E-5
6.806319E-5
1.16148476E-4
8.130507E-5
3.7335398E-5
1.753697E-4
1.16318384E-4
7.9007455E-5
7.903777E-5
8.836469E-5
1.3790945E-4
5.008246E-5
7.260086E-5
4.0516876E-5
6.370261E-5
6.765752E-5
1.0807474E-4
1.2487665E-4
2.3278134E-4
8.921768E-5
1.41309E-4
1.447662E-4
1.7561148E-4
-6.706558E-6
9.100125E-5
1.04062485E-4
1.827139E-4
1.0975072E-4
1.802175E-4
8.8419474E-5
1.19592376E-4
1.824098E-4
2.0831425E-4
3.2494023E-5
1.9549124E-4
1.2767215E-4
2.2015058E-4
9.037602E-5
2.302011E-4
1.34063E-4
2.053826E-4
7.828622E-5
2.270777E-4
2.0043703E-4
1.6076623E-4
1.3332702E-4
1.9611862E-4
2.026702E-4
2.4178017E-4
2.479146E-4
2.2275385E-4
2.0323467E-4
1.9185465E-4
2.9939532E-4
3.3324567E-4
2.9865577E-4
2.4823207E-4
2.0137259E-4
3.0436364E-4
3.276807E-4
2.6359668E-4
1.5834738E-4
2.5100049E-4
1.61453E-4
2.9134273E-4
2.2116468E-4
2.69019E-4
1.8011978E-4
1.2632347E-4
1.16614225E-4
8.995678E-5
9.729615E-5
1.5209743E-4
2.6553264E-5
1.9377102E-4
4.2811505E-5
9.786514E-5
-4.5734305E-5
1.8309687E-4
8.995854E-5
1.3300923E-4
4.8068534E-5
6.258996E-5
-2.6255742E-5
-4.1664023E-7
1.549949E-5
9.8994686E-5
-2.8750088E-5
-1.1386708E-4
-9.4454605E-5
2.3371887E-5
-2.1389314E-5
2.1943153E-5
2.904099E-5
1.8278546E-5
1.9216495E-5
9.641792E-6
2.5818148E-5
5.313757E-5
8.091336E-6
9.932754E-5
-1.2356347E-4
4.5258854E-5
2.5200816E-5
1.1887287E-4
-4.051422E-5
6.195625E-6
-4.4212287E-5
-1.8676581E-5
-1.673453E-5
9.7040596E-5
-9.5181604E-5
-5.045184E-5
-1.7450527E-4
-2.123805E-5
-5.9409253E-5
-5.7553658E-5
-6.81785E-5
-2.6017475E-5
-1.1826488E-4
-1.2249205E-5
-1.936982E-4
-6.7053494E-5
-1.3881526E-4
-1.1180866E-4
-1.10476E-4
-3.315278E-5
-1.7114467E-4
-4.765715E-5
-9.200165E-5
-1.2045621E-4
-1.1652011E-4
-1.2206728E-4
-1.17908865E-4
-1.0971969E-4
-2.1536913E-5
-1.2365892E-4
-1.5435102E-4
-9.632583E-5
-4.9712482E-5
-1.3802653E-4
-1.7377334E-4
-5.513811E-5
-1.02751554E-4
-1.06241925E-4
-1.17632524E-4
-4.375678E-5
-6.2475716E-5
-7.4828844E-5
-1.5253107E-4
-1.21249E-4
-1.4825093E-4
-1.2741989E-5
-8.917308E-5
3.3708313E-6
-4.9411276E-5
6.5992484E-5
-1.18603624E-4
-9.873713E-6
-7.048879E-5
4.3594056E-5
3.716074E-5
3.3052954E-6
-5.273655E-5
5.8935228E-5
-1.3959545E-5
5.9860653E-5
1.3653492E-5
7.251275E-5
8.766716E-5
1.486141E-4
8.705905E-5
6.787949E-5
1.03022314E-4
6.170187E-5
1.5975063E-4
1.9020642E-6
5.374356E-5
5.6378096E-5
8.770415E-5
4.3948767E-5
6.0096027E-5
9.1906746E-5
7.898956E-5
5.077195E-6
1.16004485E-4
5.4494343E-5
8.37407E-5
1.1437712E-4
5.4951026E-5
6.887875E-5
6.5240754E-5
5.100544E-5
6.468149E-5
1.4511088E-4
2.3611718E-5
1.0606532E-4
8.577799E-5
1.788681E-4
1.0364187E-4
2.764079E-4
7.3306524E-5
1.285991E-4
1.7037465E-4
1.6322287E-4
6.223307E-5
2.702267E-4
2.3944966E-4
1.6763386E-4
3.676886E-5
1.26171E-4
2.7374594E-4
2.5619537E-4
2.065039E-4
1.7556154E-4
2.7194055E-4
2.67784E-4
2.1727555E-4
1.3585934E-4
3.324119E-4
2.1508837E-4
1.9620256E-4
1.960121E-4
2.50458E-4
2.658725E-4
2.0034246E-4
2.201556E-4
2.5586117E-4
2.5938023E-4
2.5473637E-4
2.2925808E-4
1.7133828E-4
2.5397827E-4
2.0967408E-4
1.5311038E-4
9.638884E-5
1.8975034E-4
8.141765E-5
2.1684945E-4
2.1715964E-4
2.5456006E-4
2.0127732E-4
2.4979856E-4
1.2628932E-4
1.959384E-4
1.7740024E-4
2.1031772E-4
1.6578718E-4
1.5740549E-4
8.286479E-5
1.1376034E-4
4.8187976E-5
1.0566356E-4
1.2941138E-4
1.6223307E-4
7.915056E-5
7.3601266E-5
9.7868906E-5
1.03430226E-4
3.302632E-5
9.677977E-5
-1.7342036E-6
8.4055006E-5
-7.037195E-6
-2.9058792E-5
-4.764926E-5
4.6924097E-6
-4.7595084E-5
-3.7849815E-5
-6.2153675E-5
-6.77964E-5
-1.6939892E-4
-1.0323261E-4
-1.8497976E-4
-1.4820324E-4
-1.2465358E-4
-9.0538844E-5
-2.5773523E-4
-1.6883445E-4
-1.7489158E-4
-8.606064E-5
-1.0575098E-4
-1.4653303E-4
-2.0750689E-4
-1.9385126E-4
-1.8960664E-4
-4.8020975E-5
-1.8062477E-4
-6.779971E-5
-2.0351782E-4
-2.6010463E-4
-3.1133305E-4
-9.807676E-5
-2.294148E-4
-1.2759403E-4
-1.6529435E-4
-1.908473E-4
-2.364641E-4
-1.4714285E-4
-2.2958576E-4
-6.0187554E-5
-2.4680048E-4
-1.7541839E-4
-1.6228312E-4
-9.011405E-5
-2.413259E-4
-1.9632187E-4
-1.223264E-4
-1.1078594E-5
-9.4722476E-5
-1.3463991E-4
-9.566351E-5
-5.80991E-5
-1.0295846E-4
6.4411746E-5
1.2293393E-5
4.1999003E-5
5.974856E-6
-9.493454E-6
-7.3897056E-5
5.2109273E-5
4.8635115E-6
4.8369267E-5
-1.13957976E-4
8.955952E-5
-5.79463E-5
2.4850575E-5
-1.0960345E-4
4.9011353E-5
-8.2211256E-5
3.895466E-5
-7.366234E-5
-2.1447797E-5
-1.264954E-4
-8.759212E-6
-1.2929148E-4
6.1612314E-5
-1.1025699E-4
-5.0351904E-5
-1.6129718E-4
2.292364E-5
-1.11633366E-4
6.179651E-6
-6.5346685E-5
-8.42887E-5
-1.5907745E-4
-1.278926E-4
-1.2480427E-4
-1.3004322E-4
-2.3915101E-5
-5.3984135E-5
-1.5678967E-4
-1.5947454E-4
-2.2254756E-4
-5.760666E-5
-7.263944E-5
-9.010217E-5
-1.7181956E-4
-3.9988492E-5
-1.5031248E-4
2.3052819E-5
-1.3054865E-4
3.1594853E-5
-5.1017403E-5
-8.94386E-5
-1.0963617E-4
6.0121307E-5
-4.4918714E-5
6.7455E-5
-8.2432525E-5
-4.7655565E-5
1.0229138E-5
-2.6926396E-5
-1.4413366E-4
3.885247E-5
-1.15219824E-4
-1.0601604E-5
-1.3459726E-4
2.187418E-6
-7.8197496E-5
8.647741E-6
-3.297416E-5
1.1851957E-5
-3.5385816E-5
-1.9513804E-5
-4.1690724E-5
4.2622516E-5
5.538516E-5
5.3424574E-5
-5.863044E-6
1.7397391E-5
1.19782535E-5
-2.2889213E-5
-4.9101352E-5
5.7248573E-5
-2.6561673E-5
4.760183E-5
6.045111E-5
2.6661359E-5
-4.5202414E-5
-3.9131595E-5
1.0162791E-4
9.8096825E-5
-3.1672917E-5
-3.643818E-5
-1.0856677E-5
4.7845104E-5
-2.802872E-5
4.193402E-5
-4.5804092E-5
1.6396629E-5
-1.6198957E-5
3.905938E-5
-4.246238E-5
6.71659E-5
-3.1246214E-5
3.4341167E-5
-3.662971E-5
4.921964E-5
-8.6258864E-5
-1.0078877E-5
-8.00046E-5
1.03843166E-4
-8.3491286E-5
6.414019E-5
-3.450403E-5
1.1285213E-5
-3.315352E-5
-1.4755514E-5
4.7308703E-7
4.3366355E-5
-2.0229362E-4
6.203594E-6
6.9748808E-6
6.437395E-5
7.1958726E-5
2.4884017E-5
-6.2910244E-6
1.3093677E-5
1.6782997E-5
3.737364E-5
3.44503E-5
6.1731967E-6
9.092044E-5
5.0358067E-5
1.0002414E-4
8.72154E-5
2.3108545E-5
1.1089457E-4
-4.0689683E-5
1.5335652E-4
7.355712E-5
5.8152174E-5
2.2761953E-5
1.3142478E-4
-4.6383753E-5
8.0191145E-5
-4.6821075E-5
6.741107E-5
-1.8881847E-5
1.5010964E-4
-9.629014E-6
1.0609159E-4
-7.33919E-5
6.0392806E-5
1.3128632E-5
5.288841E-5
-1.309888E-5
1.4553808E-5
-1.0885844E-5
7.6728225E-5
-4.269889E-5
6.601662E-5
2.6814247E-5
5.4084743E-5
-1.1505966E-5
1.6167995E-5
-6.1872124E-5
-6.631085E-5
-1.0460042E-4
-5.7196205E-5
-3.5508306E-6
-1.5467023E-5
-1.01719765E-4
-1.8224165E-4
-7.192418E-5
-8.712885E-5
-9.111835E-5
-8.285461E-5
-4.3612545E-5
-2.154966E-5
-1.3071732E-4
-3.3718083E-5
-7.927948E-5
8.159647E-5
-1.2579918E-5
1.5545527E-5
-2.6156766E-5
-5.6336943E-5
-1.1318116E-4
1.2545941E-5
-8.720453E-5
8.5600484E-5
-8.501267E-5
-1.4002723E-5
-2.0374196E-4
4.097881E-5
-1.4984878E-4
2.0724692E-5
-1.7437497E-4
1.4264297E-5
-2.6290482E-4
-7.7744415E-5
-1.1530799E-4
-6.193826E-5
-1.401845E-4
-3.803198E-5
-1.773842E-4
-1.6984977E-4
-1.3711909E-4
7.935893E-6
-8.4650805E-5
-1.8969935E-4
-8.964744E-5
-5.0282262E-5
-1.5876335E-4
-4.051889E-5
-9.798275E-5
-1.5111815E-4
-1.9259478E-5
8.228762E-5
-5.76139E-5
-6.7170135E-5
-1.0840064E-4
-2.5012907E-5
-9.867902E-5
-6.564656E-5
-7.5759424E-5
-1.3761788E-5
-1.671758E-4
-6.5459444E-6
-2.6490318E-6
6.532087E-5
-7.9159276E-5
2.5792662E-5
-5.268677E-5
5.5109504E-5
-2.448106E-5
9.864719E-5
-3.243253E-5
7.832144E-5
-5.9848742E-5
7.969202E-5
-1.07186344E-4
1.5563873E-4
6.5274166E-5
1.588157E-4
1.6813174E-4
2.0692669E-4
9.149156E-5
1.213231E-5
1.6750049E-4
1.9425635E-4
8.986871E-5
1.2854981E-4
9.941549E-5
1.6405401E-4
1.20973105E-4
1.20679986E-4
1.7303681E-4
1.4612141E-4
2.298582E-4
1.5986025E-4
1.8864401E-4
1.9360508E-4
2.276495E-4
3.2170344E-4
2.6961678E-4
2.8806718E-4
2.9157352E-4
2.7198918E-4
2.3394785E-4
3.6224886E-4
2.7869045E-4
3.595793E-4
2.2166246E-4
3.3213914E-4
1.9848296E-4
3.5624547E-4
2.5538699E-4
3.0771774E-4
1.8410089E-4
2.3818362E-4
1.9573056E-4
3.1633317E-4
1.8708542E-4
2.7171E-4
1.7870353E-4
3.0688173E-4
2.1292712E-4
2.1410728E-4
1.7279848E-4
1.6660627E-4
1.0888499E-4
1.7559025E-4
1.3464369E-4
1.427055E-4
1.6316306E-4
1.5038323E-4
9.991721E-5
1.1358446E-4
7.150915E-5
1.1528455E-4
9.013829E-5
-8.4311085E-7
6.0690247E-5
1.6164178E-5
-8.0901205E-5
-3.4805784E-5
-1.2656496E-4
-6.505769E-5
-8.400668E-5
-5.489713E-5
-1.7851061E-4
-9.786562E-5
-1.9163688E-4
-6.3169835E-5
-2.141476E-4
-9.307381E-5
-1.889081E-4
1.0075942E-5
-2.641738E-4
-1.3335737E-4
-2.5074297E-4
-2.5764646E-4
-1.9966823E-4
-1.0658423E-4
-3.3210026E-4
-1.481994E-4
-2.5786963E-4
-1.973171E-4
-2.462282E-4
-8.483452E-5
-2.5178192E-4
-1.4500058E-4
-2.6664266E-4
-1.9154155E-4
-2.1037424E-4
-1.5880167E-4
-2.113471E-4
-2.0888327E-4
-2.662484E-4
-1.640093E-4
-2.0876898E-4
-1.517671E-4
-1.0096845E-4
-1.5926872E-4
-8.044572E-5
-6.146773E-5
-1.154461E-4
-6.0715538E-5
-4.516505E-5
-1.4725406E-5
-8.475503E-5
-5.7089464E-6
-3.5347304E-5
-8.308735E-5
-2.2746359E-5
-5.4229364E-5
-1.0484954E-4
5.500541E-5
4.3900316E-5
1.8007735E-5
-8.326208E-5
5.582982E-6
-9.766579E-5
5.1741554E-5
-6.489445E-5
1.204748E-4
-4.3752134E-6
7.5424534E-5
4.2231983E-5
1.5053265E-4
4.8078662E-5
1.3823075E-4
-4.105411E-5
5.430847E-5
5.315856E-5
1.9195747E-4
8.868727E-5
7.8509176E-5
1.2031489E-4
1.2293625E-4
1.09871326E-4
1.2295219E-4
9.4967145E-5
5.890282E-5
1.1105416E-4
3.3145545E-5
7.053639E-5
8.827843E-5
1.2639817E-4
1.09512446E-4
1.1140923E-5
-1.0750948E-5
1.0749769E-5
6.78454E-5
-9.1173795E-5
-4.3248037E-5
8.524933E-6
7.1126204E-5
2.1489193E-5
4.343242E-5
-3.092267E-5
1.9970974E-5
1.0883224E-5
1.3819484E-4
-4.8258484E-5
9.773799E-5
-1.2071664E-5
-1.3034885E-5
-1.1230175E-4
-1.6725736E-6
-1.12275986E-4
6.0282993E-5
-6.482707E-5
8.446583E-6
-1.321813E-4
3.0619885E-6
-1.0488452E-4
-8.588341E-5
-8.5400156E-5
-3.8382124E-5
-5.0870927E-5
-8.389573E-5
-1.0334708E-4
-1.7067086E-5
-1.3654272E-4
-3.5260353E-5
-1.05842155E-4
-5.2043957E-5
-5.5410514E-5
-9.8212E-5
-1.14101196E-4
-8.659305E-5
-1.096017E-4
4.69446E-5
-3.7952042E-5
2.4528259E-5
-2.9394444E-6
3.125536E-5
-5.5247765E-5
3.431655E-5
-1.22018435E-4
-2.277507E-5
-4.11745E-5
5.8125966E-5
5.689175E-5
1.5930488E-4
-6.67883E-5
1.4172062E-4
9.712978E-6
2.7542995E-4
1.7156747E-4
2.6556134E-4
9.5589174E-5
2.6434587E-4
1.3898747E-4
3.0140133E-4
2.8065278E-4
2.5812144E-4
1.450317E-4
3.2346736E-4
2.2352053E-4
2.9412145E-4
1.7650347E-4
2.2226744E-4
2.0253734E-4
3.0118503E-4
2.0207009E-4
2.4893592E-4
1.8001474E-4
1.2520295E-4
2.6389334E-4
2.6396784E-4
2.1737212E-4
2.2910157E-4
2.216613E-4
2.011669E-4
1.00363126E-4
1.780757E-4
9.529978E-5
1.7228887E-4
1.00913174E-4
2.039274E-4
1.3666821E-4
8.607977E-5
1.243114E-4
1.6511627E-4
-5.1936377E-6
6.9633265E-5
2.4046618E-5
1.2683251E-4
-8.317278E-5
1.4120234E-4
-4.524189E-5
1.1725123E-4
-9.3822666E-5
2.1488911E-5
-1.6372403E-4
9.163154E-5
-2.0218817E-4
-4.130561E-5
-2.0651118E-4
-6.193119E-5
-1.5706576E-4
-3.1292053E-5
-7.220392E-5
-1.0111762E-4
-9.002103E-5
-1.116575E-4
-1.7809564E-4
-1.6798623E-4
-1.084794E-4
-1.44695E-5
-1.06809544E-4
-1.3708335E-4
-1.0294951E-4
-1.7133028E-4
-1.9527784E-4
-1.1002962E-4
-1.5546624E-4
-1.5824499E-4
-1.7404134E-4
-1.512672E-4
-2.2857447E-4
-1.1477164E-4
-1.946883E-4
-5.9972415E-5
-2.4264112E-4
-3.5983754E-5
-2.6337744E-4
-2.5143658E-5
-2.521581E-4
-7.666773E-6
-1.7879895E-4
-8.291397E-5
-2.398653E-4
-9.751897E-5
-2.6522027E-4
-8.098407E-5
-2.0744574E-4
-1.5830845E-5
-1.6950759E-4
-2.5404135E-5
-1.3212641E-4
2.5418982E-5
-1.7364134E-4
8.632907E-5
-2.2515135E-4
1.8942788E-5
-8.815926E-5
4.180786E-5
-7.0179565E-5
-4.7969414E-5
-4.8182403E-5
7.566382E-5
-4.1120726E-5
5.781344E-5
-5.378176E-5
-6.482209E-5
-1.1857902E-4
4.6037E-5
-9.922213E-5
-5.141028E-6
-1.5803624E-5
6.396141E-5
-3.8355636E-5
4.1638385E-5
-4.3550357E-5
3.7673628E-5
-1.345565E-4
1.7008299E-5
1.4446555E-5
1.15808616E-4
-5.8747155E-5
1.192077E-4
-9.1464775E-5
5.0505947E-5
-9.089954E-5
1.12881135E-4
-3.8208604E-5
1.0694941E-4
-1.3104446E-4
1.4690806E-4
-1.1970707E-4
2.2189022E-5
-1.4420044E-4
5.6697254E-6
-2.2660603E-4
7.2791086E-6
-1.6007981E-4
8.335663E-5
-2.0131785E-4
-5.005311E-5
-2.3890407E-4
-6.0416432E-6
-2.5812566E-4
-9.975581E-5
-2.1802925E-4
-5.4730037E-5
-1.0269968E-4
-8.950104E-5
-2.1290281E-4
-2.4027859E-5
-2.1657119E-4
-2.3125726E-4
-2.363103E-4
-1.1530278E-4
-1.7498819E-4
-8.108444E-5
-3.6388132E-4
-1.0641035E-4
-2.611314E-4
-1.13878974E-4
-2.771298E-4
-1.1454478E-4
-2.712611E-4
-5.973228E-5
-2.3977875E-4
-1.4904398E-4
-2.9326143E-4
-8.758182E-5
-2.3971937E-4
-6.329478E-5
-1.8241754E-4
-7.7411525E-5
-1.8353092E-4
2.5987792E-5
-1.07137836E-4
9.3986535E-5
-1.8510564E-4
3.3342927E-5
-7.9907295E-5
1.482688E-4
-7.967428E-5
1.8460247E-4
8.970705E-6
1.1787222E-4
-3.941112E-5
2.140214E-4
2.1409023E-5
2.2016677E-4
6.13102E-5
1.5634837E-4
1.3442208E-4
1.7046383E-4
1.3651529E-4
2.875282E-4
9.897694E-5
2.1904464E-4
1.9377936E-4
3.551295E-4
1.5419777E-4
2.9732284E-4
1.8765987E-4
4.0811626E-4
2.5485523E-4
3.5864956E-4
2.0121348E-4
3.6406817E-4
2.0064795E-4
3.654423E-4
2.5609558E-4
3.911104E-4
3.270208E-4
4.3411244E-4
2.49231E-4
4.0142148E-4
1.9763052E-4
3.8893463E-4
2.1731362E-4
4.3245967E-4
1.609341E-4
4.2812774E-4
1.5263417E-4
3.2738343E-4
8.1483966E-5
2.912552E-4
8.351077E-5
2.724007E-4
8.5214255E-5
2.242559E-4
6.272174E-5
1.1823071E-4
2.4170355E-5
1.9225162E-4
-5.619543E-6
1.7270797E-5
7.542427E-5
1.6411478E-4
5.9032205E-5
1.3613781E-4
8.954227E-5
1.0368512E-4
7.2573143E-6
1.3207273E-4
-5.959214E-5
4.3493263E-5
-8.297674E-5
1.0618926E-4
-1.0766914E-4
4.693605E-5
-2.0165658E-4
1.1897548E-4
-1.9933235E-4
4.5619494E-5
-1.5711218E-4
9.113887E-7
-1.8743394E-4
1.6807648E-5
-2.112176E-4
-1.4579209E-5
-1.8645146E-4
9.987263E-6
-1.8337934E-4
-4.7809415E-5
-2.847427E-4
2.8521159E-5
-2.2405402E-4
-1.0343294E-4
-2.5023703E-4
-9.545096E-5
-2.1033778E-4
-1.6511111E-4
-2.528497E-4
-1.6495786E-4
-3.32627E-4
-1.1094868E-4
-2.548775E-4
-1.3169237E-4
-2.4606547E-4
-1.9114459E-4
-3.6827408E-4
-2.601642E-4
-2.75491E-4
-6.188404E-5
-3.0180207E-4
-1.4789426E-4
-3.1193564E-4
-1.8770555E-4
-2.371277E-4
-6.606538E-5
-2.3859029E-4
4.933086E-5
-2.9088143E-4
2.289848E-5
-1.7864851E-4
7.421218E-5
-2.1491032E-4
2.0275531E-6
-2.0432385E-4
1.416502E-5
-1.6206711E-4
1.6344151E-4
-2.0874721E-4
1.703851E-4
-2.2453358E-4
2.830617E-4
-3.013705E-4
3.4262933E-4
-4.3524415E-4
3.5936316E-4
-2.5260352E-4
1.0221659E-4
2.5077732E-4
-8.226876E-4
5.178214E-4
5.2460656E-4
-1.1274988E-4
3.661022E-5
6.423201E-5
1.6884391E-4
4.9068945E-5
1.7007656E-4
8.390196E-5
1.6875073E-4
-4.287884E-5
8.578565E-5
-1.12656046E-4
1.9939314E-4
-8.6774664E-5
1.5575335E-4
-8.877825E-5
1.4759021E-4
-2.0867826E-4
1.4883784E-5
-1.8406694E-4
6.764183E-5
-3.1208218E-4
3.8182283E-5
-2.6246966E-4
6.135109E-5
-2.5057833E-4
5.3271684E-5
-1.8040481E-4
1.1484869E-4
-1.752586E-4
8.974896E-5
-2.3045912E-4
5.7613524E-5
-3.5478198E-4
1.1557967E-4
-1.8769581E-4
6.163601E-5
-2.8983186E-4
5.5610217E-5
-2.7984742E-4
-4.576131E-5
-3.5936252E-4
7.3341915E-5
-2.3159626E-4
4.917804E-7
-2.0887532E-4
7.212885E-5
-3.351686E-4
-1.3192219E-5
-2.6944248E-4
5.252588E-5
-2.5775697E-4
1.4967161E-4
-1.262514E-4
6.090913E-5
-1.2797891E-4
1.5666858E-4
-2.599657E-4
1.10431145E-4
-1.2731356E-4
2.984862E-4
-9.3937015E-5
1.8679701E-4
-1.1323349E-4
2.0491163E-4
-1.4137613E-4
2.887549E-4
-9.325812E-5
2.848691E-4
-1.1564522E-4
2.6750498E-4
-1.8828042E-4
1.3228967E-4
-2.2287932E-4
3.256363E-4
-1.1011813E-4
2.9911107E-4
-1.2397923E-4
3.30961E-4
-8.572756E-5
2.552879E-4
-1.2350555E-4
2.7967835E-4
-3.2575256E-6
3.6523858E-4
-4.432004E-5
2.5550593E-4
2.3316594E-5
3.5973272E-4
-9.587325E-5
2.89854E-4
2.00432E-5
3.2794266E-4
1.2720858E-4
3.123321E-4
-9.483462E-6
3.6174103E-4
8.683444E-5
3.727341E-4
1.8382717E-4
3.9876899E-4
2.203841E-4
3.563904E-4
2.2079208E-4
4.340849E-4
1.7123588E-4
2.3681553E-4
2.7193496E-4
2.144287E-4
4.766915E-4
-5.779826E-5
4.5274894E-4
-2.8422519E-4
6.9572974E-4
-5.513679E-4
0.0010893489
-0.0013338103
0.0016875492
-0.002181853
0.0027123566
-0.0034897462
0.0042576008
-0.005232743
0.006263753
-0.0075476645
0.008723336
-0.010196785
0.011738006
-0.0128295105
0.014812972
-0.015731908
0.017461594
-0.018610243
0.019283036
-0.019974612
0.020038052
-0.019868884
0.019762907
-0.015679197
-0.0029180392
0.053974483
-0.12575749
0.23128852
-0.26558515
0.3452038
-0.33978713
-0.45363808
0.8600192
0.55212486
-0.5708299
-1.0
-0.55759096
-0.15160248
0.3988497
0.60436726
0.6663043
0.4032047
0.07885769
-0.11463777
-0.10931565
0.09338529
0.220618
0.31320098
0.07922567
0.11916754
-0.03162935
-0.19118214
0.07241598
-0.5933059
-0.19084625
0.44010952
-0.053657047
-0.5856842
-0.508206
-0.34379673
-0.15771034
0.09206883
0.16334294
0.09570249
-0.038219634
0.007778377
0.007221409
-0.012607199
-3.306491E-4
0.07377873
0.09148227
0.05393809
-0.007379947
-0.08905903
-0.10238378
-0.0272029
-0.022702722
-0.07384578
-0.07055453
-0.039279055
-0.045939524
-0.08650771
-0.070435874
-0.004655317
0.0015616522
-0.02499029
-0.044125948
-0.069496624
-0.082153186
-0.075284295
-0.04460249
0.022238374
0.07439013
0.044670723
0.0015806581
0.0032153304
0.036461554
0.053720683
0.06744541
0.08399483
0.08077305
0.06038785
0.059619416
0.079569876
0.0936818
0.11421997
0.11869239
0.074506596
0.050910965
0.053832453
0.03521201
0.040852897
0.060802296
0.07046639
0.06961797
0.06002262
0.03161561
0.008255299
0.009665105
0.018655743
0.043773588
0.05865094
0.057385396
0.04359657
0.027650312
0.03217087
0.03767735
0.037385553
0.05755067
0.061920103
0.055689175
0.04258695
0.028656747
0.014896233
0.011192606
0.025714008
0.040976726
0.033617143
0.029741315
0.025947535
0.011894533
2.2487743E-4
-0.0069758226
-0.009813283
-0.0045725917
0.0140416855
0.02357291
0.021424936
0.020804612
0.016617885
0.008848187
-0.0018420218
-0.0011379423
0.0047640353
0.012518366
0.026470492
0.03267022
0.023413658
0.008935656
-0.005728236
-0.011730403
-0.01564761
-0.010917979
-7.1818713E-4
0.001084028
0.0042646676
6.0869975E-4
-0.010883849
-0.02835257
-0.03393883
-0.0314034
-0.026107227
-0.021420233
-0.020442193
-0.019055283
-0.021840457
-0.028948098
-0.034323096
-0.040507212
-0.038947027
-0.034630395
-0.028899092
-0.018790679
-0.01933422
-0.025096113
-0.031253748
-0.033638556
-0.036381222
-0.0362173
-0.032522693
-0.02965916
-0.0325169
-0.030339148
-0.032663055
-0.039215576
-0.04402556
-0.041397713
-0.037310056
-0.035197146
-0.030195313
-0.02757883
-0.026700975
-0.031177739
-0.031627983
-0.027545499
-0.0315562
-0.03399549
-0.030752832
-0.021795502
-0.016994718
-0.014555497
-0.014798011
-0.018782193
-0.021563469
-0.019440804
-0.017135065
-0.015424269
-0.015294844
-0.015129795
-0.01520112
-0.01781405
-0.017210394
-0.015079596
-0.013431103
-0.012963842
-0.011575115
-0.0097124325
-0.009003793
-0.008972121
-0.008607158
-0.008107499
-0.0076970947
-0.006607874
-0.0057436917
-0.0047480008
-0.00404233
-0.0035949186
-0.0041449443
-0.004603593
-0.005114653
-0.0049384977
-0.0043486753
-0.0031942807
-0.0024484564
-0.0019444162
-0.0017017081
-0.0015170515
-0.0014315296
-0.0012576879
-9.643733E-4
-6.248585E-4
-3.5676E-4
-2.1985667E-4
-1.4403976E-4
-1.0757612E-4
-7.8688754E-5
-4.197145E-5
-1.0352781E-5
-0.0
