* Impulse Response data saved by REW V5.20 Beta 12
* IR is normalised
* IR window has been applied
* IR is not the min phase version
* Source: Microfone (E-MU 0404 | USB), no input selected, Left channel, volume: no control
* Dated: 29/06/2017 16:26:18
* Measurement: jun 29 16:26:18
* Excitation:  128k Log Swept Sine, 1 sweep at -14,0 dBFS  Using a loopback as a timing reference
* Response measured over: 1,8 to 20.000,2 Hz
0.01568572409451008 // Peak value before normalisation
6003 // Peak index
6222 // Response length
2.0833333333333333E-5 // Sample interval (seconds)
-0.125 // Start time (seconds)
* Data start
0.0
-2.8078345E-12
2.2001215E-11
-4.555425E-10
7.293431E-10
-3.6696588E-9
-2.885575E-9
-2.0116457E-9
2.3902071E-9
-1.06090186E-8
-1.4083296E-8
-2.3833312E-8
-7.1986235E-9
-2.8262543E-8
-3.4045087E-9
-2.3782167E-8
-1.9630669E-8
-3.685815E-8
5.254148E-8
4.2184687E-9
-6.5125967E-9
2.2330326E-8
2.5301649E-8
8.500242E-9
3.0571172E-8
4.4739952E-8
1.195586E-7
6.866307E-8
3.264422E-8
3.635979E-9
-2.0770253E-8
-1.4387234E-7
-1.8543748E-8
-7.648301E-9
-7.675756E-8
-1.6538642E-7
-2.0652924E-7
-3.3438664E-7
-2.1616874E-7
-2.8250275E-7
-2.1854274E-7
-1.9116946E-7
-9.147323E-8
-6.93553E-8
-1.5049976E-7
-3.0356895E-7
1.255067E-7
4.1135685E-8
1.8242488E-7
1.317667E-7
3.9403866E-7
2.5208527E-7
5.6791083E-7
1.4261877E-7
4.3051165E-7
5.677258E-7
7.1812855E-7
1.6338767E-7
1.7107183E-7
-2.757798E-7
4.0232985E-7
-1.333117E-7
4.0605147E-7
-4.179598E-7
1.1852233E-7
-4.9642705E-7
5.176528E-8
-6.0792473E-7
-4.974514E-7
-6.64094E-7
-5.5058143E-7
-2.118988E-7
9.9282865E-8
7.556896E-7
5.544862E-7
3.8317202E-7
1.563277E-7
5.078374E-8
7.720724E-7
1.2615626E-6
4.136748E-7
7.2698566E-7
5.5515335E-7
7.526035E-7
1.1056154E-6
8.521671E-7
3.0657887E-7
1.06075554E-7
5.724335E-8
9.0806054E-7
-2.0494957E-9
-5.5868014E-7
-5.5170347E-7
-1.2216302E-7
4.868889E-7
-6.6802835E-7
-9.37306E-7
-7.337422E-7
-3.3749788E-7
-1.1643693E-6
-1.265385E-6
-1.3075905E-6
5.964623E-7
-3.3570257E-7
1.2627986E-7
-1.3929314E-6
3.5759444E-7
7.0032866E-7
-1.627862E-6
-7.9078184E-8
5.482434E-7
-4.3094983E-7
1.0596963E-6
-2.0272499E-7
-1.3842526E-7
8.1904477E-7
6.251681E-8
1.6821528E-7
-9.087155E-7
-6.3653994E-7
3.1276567E-8
-1.7849767E-6
-1.2240079E-6
-3.7744604E-7
-1.2812444E-6
-1.1205257E-6
-1.3332912E-6
-7.5397463E-7
-2.5891137E-7
-1.225078E-6
-1.4603446E-6
-2.5235279E-6
-1.6637764E-6
-1.9473778E-6
-2.1063313E-6
-2.6956068E-6
-6.210503E-7
-1.6894427E-6
-3.133843E-6
-6.2713315E-7
-1.3790816E-6
-1.8850689E-6
-4.1970625E-6
-2.7506494E-6
-1.3691043E-6
-3.8804005E-6
-1.4292066E-6
-2.193095E-6
-1.9455265E-6
-3.7437076E-6
-2.4732046E-6
2.1892481E-7
4.0893502E-7
-2.1030644E-6
1.193516E-6
-2.2712122E-6
-5.0056855E-7
4.7027595E-7
6.273377E-7
-7.826959E-8
-5.486645E-7
6.506492E-7
-1.7944697E-6
-1.918261E-6
2.6359427E-7
-3.6890478E-6
-5.7175913E-7
-8.930457E-7
-2.6378093E-6
-3.2613518E-6
-7.4146277E-7
-1.1768026E-7
-4.9108585E-6
-3.7153668E-6
-9.158474E-8
-1.058277E-6
-1.8717493E-6
-2.758338E-6
-1.9033145E-6
-2.3737832E-6
7.877679E-7
2.629384E-6
3.2660287E-6
4.278123E-6
9.189453E-6
3.5171297E-6
2.0860728E-6
3.40875E-6
1.3700392E-6
-2.252258E-6
4.9792657E-6
-3.7132597E-6
3.556871E-6
-3.166618E-6
-1.8818793E-6
-4.564354E-6
-2.2084416E-6
-5.2902924E-6
-3.7487398E-6
-1.1480231E-5
-3.51307E-6
-2.2225536E-6
-2.0271275E-6
-3.1677175E-6
1.2608221E-7
-4.210927E-8
1.8219102E-6
-4.248134E-6
9.656566E-7
-6.991172E-7
3.392953E-6
5.2683768E-6
4.9511873E-6
5.568139E-6
3.106837E-6
1.8252848E-6
3.3134338E-6
6.8574404E-6
5.255918E-6
4.0216585E-7
4.3073287E-6
-1.7398233E-6
1.4906366E-6
-8.100061E-6
-4.276315E-6
-7.511536E-6
-4.8553684E-6
-8.790084E-6
-3.674701E-6
-7.861809E-6
9.807898E-7
-7.0721344E-6
1.3410582E-6
-3.8060646E-6
-1.0344157E-6
-3.7714299E-6
2.8554468E-6
1.4064129E-7
6.340728E-6
4.013749E-6
6.2503236E-6
7.2705493E-6
1.1013558E-5
4.829675E-6
1.1776879E-5
3.0778713E-6
1.3834736E-5
3.727068E-7
4.1404937E-6
1.1903903E-6
3.6153283E-6
4.851582E-6
8.394427E-6
2.3256332E-6
6.394624E-6
5.650246E-6
8.2891875E-6
4.570315E-6
2.9569514E-6
9.134567E-6
2.9797525E-6
4.7288236E-6
3.2088394E-6
8.1502485E-6
1.0980468E-5
6.02109E-6
7.8074925E-7
-3.5906328E-6
1.3695708E-6
1.0748938E-6
4.348097E-6
1.3809167E-6
3.972881E-7
-2.8658674E-6
8.4495065E-7
-1.5258258E-5
2.5009144E-6
-7.9452075E-6
-1.4039007E-6
-4.3817577E-6
1.5372814E-6
-3.8116264E-6
-6.550244E-6
-1.4672412E-5
-6.365933E-7
6.1053756E-6
1.150638E-5
4.599269E-6
1.3770186E-5
1.0646476E-6
8.488077E-6
-1.165884E-6
7.245666E-6
2.9261616E-6
7.3551846E-6
-2.0427372E-6
1.3638274E-5
8.897275E-6
1.8402238E-6
4.0525533E-6
3.2001305E-6
-3.7467867E-6
-6.600868E-6
-5.978383E-6
-9.919909E-6
-5.3844283E-6
-9.4571715E-6
-1.3328542E-5
-2.2872002E-5
-1.9824274E-5
-2.5162847E-6
-1.5293463E-5
-7.134143E-6
-7.335683E-6
-8.832681E-6
-8.320262E-6
3.22617E-6
-4.7728813E-6
5.5345445E-6
-6.503426E-9
3.0454062E-6
4.3346963E-6
1.2470697E-5
-4.4164008E-6
1.6415948E-5
-1.5884921E-6
1.2090658E-5
4.6224463E-7
9.655876E-6
-6.2318627E-6
-1.0543413E-5
-4.0653163E-6
-5.438278E-6
-8.132867E-6
-8.850056E-6
-1.1262452E-5
-1.7081924E-5
-1.0480791E-5
-1.4809706E-5
-8.23985E-6
-9.05066E-6
-1.4272175E-5
-4.3923715E-6
-3.7443162E-6
2.1884534E-6
-1.8354554E-6
8.330654E-7
-6.338703E-6
1.1597286E-5
1.0477809E-6
4.386663E-6
2.9300713E-6
1.4880434E-5
2.9463113E-6
5.5860505E-6
4.895079E-6
1.5096093E-5
5.3594244E-6
1.3459513E-5
-5.4489444E-8
6.6887956E-6
-7.0128E-7
2.1508691E-5
3.2659993E-6
1.9987749E-5
-4.298396E-7
6.1344067E-6
-1.4954134E-5
1.474608E-5
-6.9537023E-6
3.2046335E-6
-1.2587362E-5
-9.675726E-6
-1.3986249E-5
-1.2292135E-6
-1.4785835E-5
-3.5356184E-8
-1.3114292E-5
1.5940103E-6
-1.6583084E-5
-6.6981293E-6
-1.684648E-5
-2.0550501E-6
-3.1410368E-6
4.6826954E-6
-4.051072E-6
-2.0010913E-5
-1.6749229E-5
-1.1010438E-5
-1.5222925E-5
4.7641843E-6
5.2138485E-6
-2.114807E-6
3.858723E-6
1.5473731E-6
9.100172E-6
2.5689507E-5
5.4499324E-6
1.8597979E-5
5.4998413E-6
1.7825429E-6
-3.2441746E-6
8.43806E-6
-2.2388992E-6
3.5147914E-5
-5.68911E-6
2.2770606E-5
-1.5736512E-5
-2.8906454E-6
-2.1259246E-5
-5.9771974E-6
-3.637467E-5
-1.7068189E-5
-3.2426764E-5
-1.0650229E-5
-3.579821E-5
-2.4743238E-5
-3.7748152E-5
-3.6374022E-6
-4.2265983E-5
2.7512488E-6
-8.542245E-6
1.0092612E-5
-8.159851E-6
1.384848E-6
-4.4271274E-6
1.3157659E-5
3.1691878E-5
2.6409403E-5
7.0372967E-6
3.427149E-5
1.9992101E-5
2.8579938E-5
2.6974532E-5
3.4941593E-5
3.296986E-5
2.7141405E-5
3.5624923E-6
1.4669545E-5
1.4478253E-5
2.8253842E-5
1.5333237E-5
1.8816418E-5
-1.3394452E-5
8.399585E-6
-3.292334E-5
6.82095E-6
-5.744468E-7
8.275186E-6
-2.8269515E-5
1.7484228E-5
-5.249535E-6
3.1768047E-6
1.9513675E-6
1.47284645E-5
4.7590916E-7
1.48722675E-5
2.5065572E-5
3.6102607E-5
3.7152033E-5
4.9013128E-5
3.1813328E-5
3.5503715E-5
1.6691374E-5
3.9307106E-5
3.347816E-5
3.5728066E-5
1.1160709E-5
1.2590266E-5
1.8394664E-6
6.5114077E-6
2.1878894E-5
1.23741565E-5
-2.64842E-5
2.372513E-5
2.3043962E-5
2.1927639E-5
1.4501643E-5
1.52643E-5
-2.965352E-6
-2.6265684E-6
-5.61622E-6
4.894493E-7
-1.8144583E-5
1.4912922E-5
1.1806369E-5
3.218574E-5
1.2069622E-5
4.0019007E-5
1.690182E-5
1.8715366E-5
-1.3520128E-5
1.219626E-5
-1.3059457E-5
5.263507E-6
-1.5685126E-5
1.1825737E-5
-1.9485811E-5
1.0292084E-6
-5.982846E-6
-8.764644E-6
-4.1136114E-5
-1.254331E-6
7.0436354E-6
2.8768409E-5
3.5099488E-6
1.9424753E-5
1.6142167E-5
2.7374199E-5
6.9655275E-6
1.1132238E-5
3.7625284E-6
1.8896299E-5
3.960925E-6
5.1158117E-6
2.6734846E-5
1.5040015E-6
1.9308575E-6
1.3583131E-5
7.758809E-6
-1.2879989E-5
-1.9454726E-5
-1.1640379E-5
-8.780517E-6
-2.9580437E-5
-1.4943181E-5
-4.2784297E-5
-8.527455E-6
-5.5501496E-5
-4.521518E-5
-2.6631295E-5
-4.463475E-5
8.683214E-6
2.7822493E-6
2.2580349E-5
-2.2677537E-5
2.8433225E-5
3.7063117E-5
4.383214E-5
1.8254654E-5
4.3882388E-5
1.9695966E-5
5.5377455E-5
4.2034957E-5
2.081632E-5
2.9277136E-5
1.0735965E-5
3.7563786E-5
1.2846774E-5
-1.03355205E-5
6.180989E-6
-3.0007445E-6
3.6543097E-5
1.0807674E-6
-7.4497956E-7
4.23882E-6
8.464621E-6
-6.448356E-6
2.2789213E-6
-6.8262484E-6
1.7519292E-6
9.165565E-6
9.1784227E-7
1.6943344E-5
2.815057E-5
6.904184E-6
1.1743914E-6
4.6438294E-5
2.6796333E-5
5.059689E-5
6.120653E-5
3.4362696E-5
2.7676386E-5
1.1102774E-5
1.9214473E-5
1.7474297E-6
3.7020466E-6
-6.672969E-5
4.9079037E-5
-2.7561695E-5
6.7450246E-6
-3.997244E-5
-4.324285E-6
-5.031577E-5
1.2175215E-5
-2.3265706E-5
7.916265E-6
-1.889739E-5
8.214718E-6
-2.9153109E-5
1.02664035E-5
6.5499776E-6
4.3012013E-5
3.068395E-5
7.698085E-5
4.2609514E-5
4.6493256E-5
3.076061E-5
3.460298E-5
3.0789466E-5
4.0641804E-5
3.4287215E-5
3.6797173E-5
5.881079E-5
3.1012376E-5
1.4537832E-5
4.1412655E-5
-1.021806E-5
2.2843538E-5
-2.7831917E-5
2.2843746E-5
-6.2876206E-6
3.6815277E-6
-6.7933365E-6
-7.6158053E-6
-4.9529666E-5
-7.6228944E-6
-1.2144456E-5
1.18827165E-5
-7.532665E-5
1.0834796E-6
-2.721216E-5
-7.5587986E-6
-2.3333447E-5
-1.1100955E-5
-8.129103E-5
8.386203E-7
-1.570225E-5
-3.5372072E-6
-1.1424887E-5
1.7204131E-5
3.9604265E-6
2.9491874E-5
2.6717086E-7
2.876787E-5
-2.0077532E-7
3.545085E-5
2.6784459E-5
2.6041562E-5
-1.2015731E-5
-1.9718805E-6
-1.4496983E-5
2.0517999E-5
3.1268628E-5
4.677465E-5
1.5462714E-5
8.245156E-6
1.3861114E-5
7.552427E-7
-3.149263E-5
-3.0451758E-6
7.652435E-6
-1.6310065E-5
-8.036926E-6
1.417573E-5
-3.1935567E-6
5.2029404E-6
-6.3396936E-7
3.881817E-5
-1.5052511E-5
4.5046618E-5
-9.1449065E-6
2.5141017E-5
3.344824E-6
1.9496E-5
-4.5316654E-7
4.6658035E-5
1.2173578E-5
5.3087908E-5
1.4902669E-5
4.6155845E-5
3.460645E-5
7.7611025E-5
3.3004355E-5
5.139668E-5
3.8112677E-5
4.159284E-5
1.0230117E-5
2.9364026E-5
3.39979E-5
8.509697E-5
4.7293954E-5
2.9678655E-5
2.4290857E-5
2.9518773E-5
5.095236E-5
4.1172418E-5
4.1249805E-5
1.5104611E-5
1.6816028E-5
-1.8652474E-5
2.0818368E-5
5.069452E-5
-1.1903743E-5
1.3227316E-5
5.3820848E-5
1.554175E-5
2.7531163E-5
6.159068E-5
7.841221E-6
4.5275116E-5
2.5063882E-5
9.745104E-5
-3.1758082E-6
4.6618632E-5
-3.767017E-6
3.8076745E-5
-1.7756085E-5
7.8333265E-5
1.5165041E-5
6.149035E-5
-7.927661E-5
3.931398E-5
-5.6615565E-5
8.874669E-5
-3.336756E-6
7.969294E-5
-6.74179E-5
6.765378E-5
-1.6376184E-4
7.7534576E-5
-1.0998848E-4
1.6973238E-4
-8.081392E-5
2.5557837E-4
2.2875538E-4
-0.0026511822
0.003549539
-2.066713E-4
-8.594689E-4
-0.0010141948
4.9764436E-4
-2.496597E-4
2.0230144E-4
7.25174E-5
9.019494E-4
0.0010287482
-8.5645814E-5
-6.8698375E-4
-0.001408537
-0.0012994034
-8.9080766E-4
2.0475051E-4
0.0011923857
0.0019111542
9.865392E-4
4.7387023E-4
-2.6805484E-4
-7.231666E-4
-0.0010839686
-7.8516884E-4
-4.696749E-4
5.1510226E-5
-9.9597884E-5
7.546238E-5
-3.9109966E-4
-3.1814234E-5
-5.2777974E-5
4.8811574E-4
1.5429956E-4
5.35137E-4
3.0939505E-4
2.1948968E-4
1.320838E-4
3.050364E-4
2.5185617E-4
4.2006528E-4
1.5292846E-4
-1.3278036E-4
-2.0033569E-5
-3.9641655E-4
3.9235002E-4
-0.0014578186
-6.341678E-4
0.0018959843
-0.0010710608
-4.009451E-4
-8.892446E-4
-2.692639E-4
-2.662917E-4
6.244014E-4
-8.964302E-5
3.4038536E-4
-1.5093133E-4
2.6958826E-4
-7.237E-4
-4.763027E-4
-3.8598166E-4
7.8762433E-4
6.4344204E-4
0.0012219965
8.613491E-4
0.0010761463
-1.7723344E-4
2.2488082E-4
-5.9045234E-4
-3.350632E-5
-5.134216E-4
2.7362598E-4
-2.7588417E-4
1.510954E-4
-4.6702035E-4
3.3110156E-4
-3.526266E-4
2.9601928E-4
-1.8444518E-4
3.1794212E-4
-3.0854065E-4
1.7139174E-4
-2.737526E-4
4.975674E-4
-4.8369475E-5
2.7028218E-4
-4.3829347E-4
-4.985112E-5
-6.956881E-4
-1.5251708E-4
-5.209343E-4
1.8015473E-4
-1.4434286E-4
4.0457922E-4
-2.1729093E-4
1.791115E-4
-4.5392456E-4
5.9231217E-5
-3.4674958E-4
2.4056759E-4
-1.4770811E-4
5.883355E-4
-4.5881872E-5
3.5687306E-4
-8.051928E-5
2.8941073E-4
-6.405628E-5
4.6736991E-4
1.1966121E-4
6.090138E-4
9.3981405E-5
4.973129E-4
-1.0541058E-4
3.006074E-4
-1.658562E-4
3.0589904E-4
-1.1600401E-4
3.686511E-4
3.483576E-5
2.950985E-4
-8.512744E-5
1.8601505E-4
-2.7208825E-4
-6.0701175E-5
-3.4717983E-4
-2.5339039E-5
-2.4131424E-4
1.2310277E-4
-1.0236325E-4
-3.6324032E-5
-2.7655455E-4
-1.607383E-4
-3.12601E-4
-1.12957234E-4
-2.0763508E-4
4.5032113E-5
3.614241E-5
1.754176E-4
-6.916469E-6
5.1930896E-5
-9.592537E-5
-2.7998713E-5
4.7688536E-5
2.1176154E-4
2.154215E-4
2.804602E-4
1.02594975E-4
2.8668286E-5
-1.0011152E-4
-9.102042E-5
-5.4660028E-5
1.2361289E-4
1.21292534E-4
1.8089035E-4
9.731768E-5
4.7407313E-5
-1.6635068E-4
-1.2312748E-4
-2.7195672E-5
1.02756465E-4
1.19054035E-4
2.2147025E-4
1.1483396E-4
4.4757784E-5
-8.787052E-5
-8.49495E-5
-1.334672E-4
-1.776475E-5
5.3119013E-5
2.1954123E-5
-5.0627892E-5
-6.529989E-5
-1.391194E-4
-1.6796654E-4
-1.3055037E-4
-3.0138073E-5
-1.6607644E-5
3.5888665E-5
-1.3550676E-5
-1.2569662E-5
-1.3353845E-5
-1.0516338E-4
-5.906219E-5
-9.9716686E-5
-5.1589064E-5
-1.10584944E-4
-9.849675E-5
-1.3532287E-4
-1.7155442E-4
-1.5457264E-4
-1.6169353E-4
-1.8143648E-4
-1.2943943E-4
-8.686302E-5
-1.3771903E-4
-7.093509E-5
-1.1396289E-4
-5.029349E-5
-7.404827E-5
4.7056903E-5
4.88604E-5
8.911274E-5
3.560978E-6
2.0336648E-4
1.872002E-5
7.645708E-5
4.704401E-6
8.058404E-5
-5.021877E-5
3.8916103E-5
-6.0015507E-5
-1.965739E-5
-4.8241887E-5
8.170011E-5
4.673656E-5
9.980176E-5
4.1521038E-5
7.500156E-5
3.2109245E-5
3.5728444E-5
1.11744375E-4
9.379725E-5
1.4226988E-4
1.629898E-4
2.5871786E-4
8.4037325E-5
5.697744E-5
2.0817823E-5
-4.8686154E-5
-3.0175888E-5
1.7905746E-5
-8.689729E-5
-2.9558127E-5
-8.361253E-5
-3.7238213E-5
-1.0234785E-4
-6.001107E-5
-3.1907755E-5
-2.7757018E-5
1.4622049E-5
7.189861E-5
-7.2897237E-6
9.153136E-5
7.304682E-5
1.2693305E-4
8.360941E-5
1.1753744E-4
-7.846746E-6
3.3209668E-5
-9.214461E-5
1.1294684E-5
-4.4860085E-6
-1.9931767E-7
-1.072119E-4
-2.5736797E-6
-7.857652E-5
-4.3002656E-5
-8.1814374E-5
5.3252817E-5
-2.506801E-5
1.4123732E-4
-1.01180565E-4
6.636375E-5
-9.52618E-5
8.150998E-5
-1.06948755E-4
1.1518037E-4
-2.605637E-4
-4.7896252E-4
2.9511645E-4
5.242096E-5
-2.3583895E-4
-3.336895E-4
-3.295842E-4
-1.7641314E-4
-7.95154E-6
-1.2858916E-4
-4.525471E-5
-1.7146731E-4
-1.1594882E-4
-2.1768166E-4
-9.460352E-5
-1.6075176E-4
3.3844506E-5
-1.1753871E-4
-1.3361318E-4
-6.1303974E-5
2.165359E-4
1.1693974E-4
1.248934E-4
-8.975181E-5
7.6596385E-5
-2.745309E-4
-4.6575832E-4
-3.022497E-4
9.303347E-5
1.4612699E-4
1.9555724E-4
-1.8214517E-4
-4.7332036E-5
5.497413E-4
9.3440554E-5
1.4851186E-4
-5.345624E-4
-1.3853898E-4
-3.265908E-4
-4.9571576E-5
-2.642191E-4
-2.4470003E-4
-3.7714554E-4
-2.5241333E-4
-3.3081527E-4
-2.0059629E-4
-1.7171353E-4
5.9650873E-5
-3.057887E-5
1.3218186E-5
-1.5201044E-4
1.1968538E-4
-5.6518875E-5
-1.5826974E-4
-2.2125868E-4
4.2818956E-5
-3.340935E-4
-3.259709E-4
-6.0941104E-4
-1.5396521E-4
1.6690894E-4
1.6327096E-4
7.582641E-5
-1.512832E-4
-5.000041E-6
-1.0481292E-5
1.297004E-4
1.5060488E-6
2.1257592E-4
1.3458983E-4
1.7325577E-4
2.4709661E-5
1.5531908E-4
7.9354766E-5
1.0681256E-4
1.696056E-4
4.1147473E-4
3.598659E-4
4.4731272E-4
3.848121E-4
4.4660582E-4
3.9381708E-4
2.854136E-4
1.19216376E-4
1.1949786E-4
1.2220556E-4
1.513772E-4
6.2316845E-5
-1.1867457E-4
-1.3489493E-4
-1.6084433E-4
-2.002828E-4
-2.4494246E-4
-1.5089936E-4
-1.21343866E-4
-1.8031396E-4
-1.4685749E-4
-1.866901E-4
-9.909408E-5
-8.069133E-5
-3.7063005E-6
1.1600361E-4
1.3354149E-4
1.2382114E-4
2.13612E-4
2.3926793E-4
1.3433257E-4
1.5777307E-4
2.2841552E-4
2.9834922E-4
2.3746118E-4
2.9716792E-4
3.9490918E-4
2.8023025E-4
2.701282E-4
1.6234479E-4
1.5696122E-4
2.2011226E-4
2.6896314E-4
2.2312101E-4
8.932548E-5
5.450273E-5
1.2105632E-4
1.5294642E-4
-1.3524055E-4
-1.6322317E-4
-1.4282695E-4
-8.0312384E-5
-1.3977612E-4
-3.0862182E-4
-1.6176993E-4
-2.3592087E-4
-2.7455625E-4
-3.0154642E-4
-2.677882E-4
-2.7890032E-4
-2.4492724E-4
-3.1116247E-4
-3.3053377E-4
-3.0289916E-4
-2.645454E-4
-1.9664849E-4
-7.116438E-5
-1.20007375E-4
-2.5697162E-5
-8.6760905E-5
-1.144189E-4
-1.277582E-4
7.924488E-6
-2.033815E-7
5.230653E-5
1.24937E-4
1.5857621E-4
1.2625684E-4
4.269696E-5
9.744762E-5
6.194999E-5
1.311556E-4
1.2284427E-4
1.8966717E-4
2.9494142E-4
2.565877E-4
2.0650981E-4
3.3675416E-4
1.777747E-4
2.1926305E-4
1.0828203E-4
1.550935E-4
6.5345835E-6
2.0337578E-4
5.873958E-6
-3.415803E-5
-9.540152E-5
-5.3921565E-5
-1.7879484E-4
-7.329989E-5
-1.3567481E-4
-1.9209228E-4
-1.7455322E-4
-2.8516047E-4
-4.084947E-4
-2.5898303E-4
-3.4635494E-4
-3.4582661E-4
-4.2580967E-4
-3.6683417E-4
-3.3734593E-4
-4.3810147E-4
-4.0768844E-4
-3.8328985E-4
-3.3145075E-4
-3.2572678E-4
-3.647797E-4
-2.6722718E-4
-2.2147507E-4
-1.4806856E-4
-8.053832E-5
-3.0516017E-5
-6.13938E-6
5.886221E-5
-6.33241E-5
1.8233365E-4
5.6160465E-5
1.08971675E-4
8.151638E-5
1.4157637E-4
2.1709938E-4
2.6747512E-4
2.0039485E-4
2.1896175E-4
1.866941E-4
2.3653058E-4
8.942812E-5
2.1152885E-4
1.4415814E-4
2.4789473E-4
1.447551E-5
1.2639925E-4
-3.0837018E-5
1.255044E-4
-1.32339765E-5
9.286204E-5
1.3447304E-5
1.3899911E-4
2.2714796E-5
1.13670816E-4
7.840148E-5
7.384845E-6
-8.8515895E-5
-7.629226E-5
-8.3324645E-5
5.0578725E-5
-6.273392E-5
8.787974E-5
4.3644843E-5
6.4088636E-5
9.6465184E-5
5.051652E-5
9.173133E-5
4.5507215E-5
9.999641E-5
7.835723E-5
8.728497E-6
1.5566102E-4
1.3918961E-4
2.7433512E-4
1.341986E-4
2.2612093E-4
1.667176E-4
1.733055E-4
2.0055931E-4
1.3232374E-4
1.8379037E-4
2.776334E-4
9.840328E-5
1.5722356E-4
5.7108613E-5
2.836966E-4
7.35742E-5
1.0984281E-4
-2.9894782E-5
6.0771206E-5
-3.8530863E-5
1.021816E-4
-1.6487054E-4
2.5361684E-5
-4.2345833E-5
-8.47306E-6
3.2953998E-5
6.880622E-5
-7.271996E-5
4.1512347E-5
6.194056E-5
1.03061575E-4
-8.754413E-6
5.1458508E-5
-2.2037682E-5
2.0601852E-4
1.4950222E-4
2.5296933E-4
1.2005535E-4
2.1275491E-4
3.5391774E-4
3.2654885E-4
3.1700372E-4
4.160456E-4
3.786893E-4
3.9949123E-4
4.5066595E-4
5.365941E-4
4.6971467E-4
3.954747E-4
3.305632E-4
3.908424E-4
3.2042226E-4
3.1417323E-4
1.8731708E-4
3.8885142E-4
2.0765397E-4
1.0971403E-4
-3.336261E-5
8.0978476E-5
-8.3573184E-5
1.0224552E-4
-1.1922301E-4
2.9612207E-5
-2.1540742E-4
-6.3109655E-5
-1.8062817E-4
-2.4402946E-4
-3.3373732E-4
-1.8000914E-4
-3.704065E-4
-2.043303E-4
-4.193006E-4
-3.650464E-4
-3.4362593E-4
-2.4896552E-4
-2.2099825E-4
-2.013158E-4
-3.4222857E-4
-1.7764552E-4
-1.5466425E-4
-4.5822213E-5
-1.4011483E-5
6.6992834E-6
-9.7423734E-5
-5.5930705E-6
8.345745E-7
7.150427E-5
-7.659741E-5
-3.7697493E-5
9.983953E-6
3.28748E-5
3.6599547E-5
2.1425512E-5
-3.17727E-5
9.1564805E-5
1.4253771E-7
2.33302E-4
-6.9272587E-6
1.2872486E-4
-3.8042395E-5
1.3351832E-4
-3.584878E-5
9.840995E-5
1.4903337E-7
1.6154972E-4
-5.122191E-5
7.6123724E-5
-8.428835E-5
1.4034653E-4
-4.170925E-5
-1.2223308E-5
-9.394566E-5
-3.9640494E-5
-3.2574546E-5
4.5760684E-5
-3.8968064E-5
-5.3522945E-5
-1.6749224E-4
-2.3280554E-5
-1.9215647E-4
-5.113575E-6
-6.844485E-5
-4.3004402E-5
-1.6438926E-4
-1.0756592E-4
-5.7146215E-5
-1.720149E-4
-1.0267667E-4
-8.648821E-5
-3.960021E-5
-1.38344E-4
-5.349066E-5
-8.959394E-5
-1.4407284E-4
-2.039191E-4
-8.7680724E-5
-1.1288496E-4
-3.97924E-5
-6.159448E-5
-1.9483524E-4
-1.6022292E-4
-1.7642416E-4
-1.275997E-4
-2.1432166E-4
-1.9458872E-4
-4.4947083E-4
-2.1209859E-4
-3.7356745E-4
-1.8373875E-4
-3.6912726E-4
-3.2889505E-4
-5.5521267E-4
-2.9698457E-4
-2.1443029E-4
-3.0617244E-4
-5.2690785E-4
-1.175022E-4
-2.7769094E-4
-1.681472E-4
-3.15313E-4
-1.8759286E-4
-5.0366507E-5
-1.025403E-4
1.1848055E-5
-2.0856665E-5
2.456319E-5
9.485062E-5
7.3612464E-6
1.03840364E-4
1.4834531E-4
6.1335086E-5
3.1724697E-4
3.6086794E-4
2.007901E-4
2.0386168E-4
2.1673298E-4
2.3434947E-4
5.3221644E-5
4.3638627E-4
3.9364025E-4
3.4354595E-4
9.545556E-5
2.4361274E-4
2.1445152E-4
3.2868414E-4
2.4279657E-4
1.606715E-4
6.633599E-5
1.5865585E-4
1.8809542E-5
1.5231267E-4
-5.119796E-5
7.115063E-5
-6.641985E-5
-7.280182E-5
-2.4295709E-4
-4.8012993E-5
-1.17451076E-4
-1.657754E-4
-7.7410994E-5
-4.5769535E-5
-1.1147575E-4
-2.6757488E-4
-3.659194E-4
-2.138217E-4
-2.8970203E-4
-2.344659E-4
-2.0799668E-4
-1.2903826E-4
-2.4833038E-4
-2.4880707E-4
-1.5973933E-4
-2.5318962E-4
-1.2585272E-4
-1.3973819E-4
-5.100777E-5
-2.3217848E-5
-3.2089988E-6
1.4880965E-5
7.8326644E-5
1.8771055E-4
3.432791E-4
4.229238E-4
3.836608E-4
3.417143E-4
2.8379165E-4
3.650736E-4
3.184681E-4
4.3066434E-4
2.9116782E-4
3.7490705E-4
3.1320297E-4
4.1756502E-4
1.8749462E-4
3.492662E-4
2.3288975E-4
3.0008188E-4
2.3975765E-4
2.8610023E-4
2.455651E-4
2.9576104E-4
2.5102173E-4
3.10561E-4
1.7428306E-4
1.8530346E-4
2.518861E-4
2.890389E-4
1.2483093E-4
2.3144149E-4
2.9169145E-4
2.55641E-4
2.0245001E-4
1.922863E-4
1.9418831E-4
1.3715048E-4
1.2410332E-4
1.711718E-4
2.284501E-4
1.8815168E-4
2.204156E-4
1.7967734E-4
4.8532762E-5
3.0053689E-5
-5.0452796E-5
2.1449364E-4
2.5846768E-4
2.5085817E-4
1.2238654E-4
1.4582297E-4
7.7853816E-5
7.735185E-5
1.0926813E-4
2.815669E-4
1.7483157E-4
3.844874E-4
1.3044197E-4
2.3994174E-4
-7.125287E-5
1.6618207E-4
8.892984E-5
3.6810103E-4
2.6499742E-4
3.9229123E-4
2.7329847E-4
2.7629058E-4
8.882129E-5
1.630463E-4
2.4891834E-4
2.416171E-4
3.8444407E-5
3.544777E-4
3.9011237E-4
3.3924964E-4
2.4560638E-4
3.318425E-4
2.7084484E-4
2.9480088E-4
1.8466215E-4
4.2313096E-4
5.073072E-4
5.296014E-4
3.0644855E-4
3.8063288E-4
2.6497748E-4
1.9739482E-4
2.2104003E-4
3.2972993E-4
3.4315942E-4
4.638883E-4
5.1621685E-4
4.9657066E-4
2.7075724E-4
3.0624302E-4
1.2393961E-4
2.2199548E-4
1.3865362E-4
2.2790942E-4
3.459635E-5
2.3320597E-4
-1.29001855E-5
2.2802447E-4
5.1585062E-5
9.316831E-5
-1.06102714E-4
2.1297086E-5
-1.7546125E-4
-1.3620601E-4
-2.1841333E-4
-1.7904303E-4
-2.3965944E-4
-3.2794467E-4
-5.080408E-4
-5.155057E-4
-6.022454E-4
-4.4301982E-4
-5.3973123E-4
-5.876849E-4
-5.816108E-4
-6.0259574E-4
-5.643212E-4
-5.230466E-4
-5.522786E-4
-5.3722685E-4
-5.1441893E-4
-3.9868592E-4
-3.1434253E-4
-3.353661E-4
-3.0403104E-4
-1.8081818E-4
-4.5493856E-5
-6.864334E-5
-6.212544E-5
-5.5715933E-5
-6.479665E-6
1.7228689E-4
2.0479396E-4
3.785275E-4
1.9654319E-4
3.500255E-4
1.0191239E-4
3.044521E-4
1.3394073E-4
2.2782962E-4
2.4945688E-4
4.2166645E-4
3.2169468E-4
3.7773495E-4
3.4500248E-4
2.7462107E-4
3.924741E-5
6.371327E-5
6.316301E-5
2.1196827E-5
5.7832942E-5
6.0818915E-5
-1.9470321E-4
-4.4536777E-5
-2.3018774E-4
-2.4113273E-4
-2.9391234E-4
-3.1125871E-4
-1.684951E-4
-2.5043712E-4
-2.9570158E-4
-3.322192E-4
-3.0473343E-4
-3.769866E-4
-5.707743E-4
-6.279739E-4
-5.910589E-4
-5.439938E-4
-4.7345206E-4
-3.8724992E-4
-4.3841306E-4
-3.671361E-4
-4.0298144E-4
-4.2688038E-4
-4.924758E-4
-2.9022765E-4
-4.6804108E-4
-2.4390116E-4
-2.705122E-4
-1.9612184E-4
-2.155709E-4
-9.2246104E-5
-2.567868E-4
-1.5619502E-4
-1.4035116E-4
8.387831E-6
-1.635515E-4
4.4673998E-5
-8.708981E-5
7.693048E-5
-1.1116877E-4
2.11096E-5
-4.918622E-5
-3.955536E-5
-1.327706E-4
-2.8130141E-6
-1.18457516E-4
-6.443567E-5
4.959822E-5
4.0004168E-5
-9.358603E-5
-3.970028E-5
-9.256547E-5
-7.853116E-5
-8.303622E-5
-1.3042432E-4
-9.720827E-5
-7.0718044E-5
4.6238023E-5
-2.6528594E-5
2.194016E-5
-4.1370906E-5
-1.5274652E-4
-1.047767E-4
-6.4037304E-5
-1.4842984E-4
-1.4184973E-4
-5.1730916E-5
-1.581967E-4
-8.9038775E-5
-1.7466648E-4
-1.5720885E-4
-1.5885095E-4
-1.2267615E-4
-3.4545353E-4
-3.1936303E-4
-4.0027805E-4
-2.7627317E-4
-5.0878624E-4
-3.6977523E-4
-6.092938E-4
-4.1443057E-4
-5.9457007E-4
-4.218307E-4
-5.2682194E-4
-4.4200043E-4
-5.5139646E-4
-5.1372714E-4
-6.1151857E-4
-4.6899903E-4
-4.8374027E-4
-5.3432246E-4
-5.96573E-4
-4.6457365E-4
-5.19383E-4
-5.3819973E-4
-4.491231E-4
-4.7967475E-4
-3.1659173E-4
-3.107758E-4
-2.2158705E-4
-2.6212173E-4
-1.4544785E-4
-2.1423455E-4
-4.9918635E-5
-5.9382994E-5
1.2551212E-4
9.353357E-5
2.2131544E-4
3.5231406E-4
3.073088E-4
2.076842E-4
4.0203828E-4
3.6024052E-4
3.7526974E-4
4.7667374E-4
4.1827484E-4
5.3938926E-4
3.9778213E-4
6.88766E-4
5.914504E-4
6.415696E-4
4.7497856E-4
4.5365817E-4
3.6175628E-4
4.4210698E-4
2.7091123E-4
3.767166E-4
3.2721928E-4
2.0327067E-4
2.295452E-4
1.857058E-4
1.4527336E-4
4.4572906E-5
1.0511363E-4
-5.6212462E-5
-4.5817265E-5
-1.9117256E-4
-1.0827022E-4
-2.1440467E-4
-1.8301027E-4
-1.6959364E-4
-9.0869165E-5
-2.948849E-4
-2.7784472E-4
-2.883003E-4
-1.7082666E-4
-2.8818604E-4
-1.9006256E-4
-3.4140935E-4
-1.7477314E-4
-2.149242E-4
-1.3279614E-4
-1.4615153E-4
-5.0524817E-5
-1.5046101E-5
4.1235362E-5
2.3362174E-5
-1.34684E-5
1.3692348E-4
1.141736E-4
1.8793023E-4
2.2117615E-4
2.4469092E-4
2.156034E-4
2.6278387E-4
2.3776524E-4
3.9642284E-4
4.150391E-4
5.634369E-4
5.372395E-4
4.6744966E-4
5.4000685E-4
5.2248366E-4
5.911735E-4
5.629557E-4
5.19977E-4
5.2154256E-4
5.4072443E-4
5.2726164E-4
4.54399E-4
4.9634627E-4
5.6870043E-4
4.1744442E-4
5.678078E-4
4.3147322E-4
4.5052596E-4
4.273111E-4
5.3779327E-4
4.4703393E-4
3.800468E-4
3.2988488E-4
3.5643473E-4
4.822545E-4
3.9831386E-4
2.6065388E-4
2.3492935E-4
2.1133825E-4
1.6631348E-4
1.7516814E-4
5.5182983E-5
1.7383411E-4
1.2847786E-4
1.2461924E-4
4.3553257E-5
2.6281885E-5
1.1654746E-4
8.34587E-5
-1.5134871E-4
-5.93743E-5
-1.5671173E-4
-5.352708E-5
-1.8183701E-4
-1.194448E-4
-1.6616097E-4
-7.727461E-5
-2.2312287E-4
-1.228068E-4
-9.359757E-5
-9.168754E-5
-9.070078E-5
1.6436017E-5
-1.2329937E-4
-1.325766E-4
-7.421689E-5
-9.664124E-5
3.523484E-7
6.02339E-5
1.6859117E-4
7.0451286E-5
9.102437E-6
8.59304E-5
2.0816035E-4
4.706307E-5
1.7973915E-4
1.932809E-4
2.5011264E-4
2.0085224E-4
1.957437E-4
1.2020167E-4
1.2474005E-4
3.240604E-4
2.4303322E-4
3.9877303E-4
3.303973E-4
3.298329E-4
2.2408216E-4
2.777703E-4
1.2799827E-4
2.0847633E-4
2.1675086E-4
2.7736777E-4
2.3410082E-4
2.3801526E-4
1.2576477E-4
2.3864568E-4
8.3988556E-7
9.277475E-5
-9.298519E-5
-1.320147E-4
-1.2750614E-4
-1.7937977E-4
-8.52856E-5
-1.02169804E-4
-2.8612462E-4
-2.1825719E-4
-2.888692E-4
-2.696083E-4
-2.208628E-4
-4.1151102E-4
-2.984826E-4
-3.8322632E-4
-3.4094197E-4
-4.185495E-4
-4.163628E-4
-3.8558964E-4
-3.4038175E-4
-3.3671208E-4
-3.8625754E-4
-3.6352535E-4
-4.6071777E-4
-4.0550838E-4
-3.9626457E-4
-5.0127174E-4
-3.4343835E-4
-2.9624492E-4
-3.8512555E-4
-3.0476757E-4
-3.2869176E-4
-3.12788E-4
-3.3326584E-4
-2.5234633E-4
-1.5264167E-4
-1.8756915E-4
-2.0158902E-4
-6.5149245E-5
-1.4336038E-4
-3.713525E-5
-5.327273E-5
1.0598948E-4
-3.1358482E-5
9.6683194E-5
1.5127682E-4
1.8478211E-4
2.1687913E-4
1.7188238E-4
1.7107498E-4
3.5891897E-4
2.5015857E-4
2.557034E-4
2.2941035E-4
2.5030825E-4
3.1232936E-4
1.3448631E-4
2.2565125E-4
2.294498E-4
3.0821894E-4
1.6716443E-4
2.490278E-4
1.1225911E-4
1.2458794E-4
1.3837115E-4
1.0240164E-4
4.5673907E-5
1.2396938E-5
-4.8167065E-5
-1.634435E-5
-3.535207E-5
-1.3813988E-4
-1.2215418E-4
-1.5656068E-4
-1.4593957E-4
-3.0359122E-4
-3.0886708E-4
-3.9618387E-4
-3.825961E-4
-4.4930723E-4
-3.926082E-4
-4.5131918E-4
-4.2446028E-4
-4.8382054E-4
-4.1634092E-4
-5.258313E-4
-4.911263E-4
-5.4173724E-4
-4.0352021E-4
-4.141203E-4
-3.8019582E-4
-3.586371E-4
-2.2645161E-4
-2.3716672E-4
-3.2240374E-4
-1.4927954E-4
-2.2656046E-4
-2.3941572E-4
-1.1400409E-4
-7.116668E-5
1.2475444E-5
-7.48429E-7
-6.290519E-5
1.1431113E-6
8.512427E-5
4.993137E-5
6.5422864E-5
1.8362362E-4
1.5797594E-4
2.280985E-4
1.7701593E-4
2.1303832E-4
2.1732291E-4
2.493601E-4
2.1313639E-4
1.8138325E-4
2.5307585E-4
1.389704E-4
1.9049423E-4
9.5556905E-5
2.4268779E-4
7.7331E-5
2.2085526E-4
-1.16524625E-5
1.7022091E-4
-5.3465546E-6
3.3692642E-5
-1.4051544E-5
-3.2241069E-6
-5.121681E-6
-9.567105E-5
-2.099941E-4
-1.7260415E-4
-2.2499237E-4
-2.458261E-4
-3.1998986E-4
-2.3970973E-4
-2.794944E-4
-2.868807E-4
-2.8170264E-4
-3.2156165E-4
-1.840636E-4
-4.0031975E-4
-3.9695264E-4
-3.6330213E-4
-2.3324804E-4
-3.152106E-4
-2.3066108E-4
-3.0429824E-4
-2.2105024E-4
-3.4508752E-4
-6.9190864E-5
-1.6632676E-4
-1.4559912E-4
-1.2522546E-4
-1.8105567E-4
-1.0397004E-4
-2.2044123E-4
-1.6327744E-4
-1.3260086E-4
-9.975189E-5
-1.194618E-4
-2.4723578E-5
-8.163465E-5
8.463415E-5
-3.3530932E-6
2.0360003E-5
-4.370302E-5
1.7554437E-4
-9.446001E-5
5.6567467E-5
9.520468E-5
1.300097E-4
4.7138717E-5
2.0593245E-5
8.2846935E-5
-2.5993324E-5
4.1786152E-5
7.065046E-5
5.6303972E-5
8.474749E-5
1.1186562E-4
8.827021E-5
7.301024E-6
-1.3761202E-4
-5.306914E-6
8.658707E-5
1.2214064E-4
6.186786E-5
7.878438E-5
-3.9249942E-5
8.907266E-5
6.491524E-5
1.3527497E-4
1.2119119E-5
-8.478663E-6
1.8677087E-5
8.230214E-5
1.9587882E-5
-4.7141955E-7
9.36354E-7
-4.926832E-5
-7.706338E-5
-9.865805E-5
-9.883533E-5
-2.076717E-4
-1.5773118E-4
-3.2282618E-4
-5.836119E-5
-2.2273688E-4
-2.4201065E-4
-2.983182E-4
-1.8989659E-4
-3.246519E-4
-1.3320213E-4
-2.5542808E-4
-2.3972194E-4
-2.481708E-4
-2.221356E-4
-3.427725E-4
-2.6824002E-4
-3.2957253E-4
-2.0938998E-4
-2.745894E-4
-2.1108842E-4
-2.2525915E-4
-1.4031191E-4
-1.4952735E-4
-1.5386513E-4
-3.4044544E-5
-1.5814598E-4
4.0605744E-5
-6.689486E-5
1.1580701E-4
2.505415E-5
1.1046002E-4
1.2476023E-4
1.7326328E-4
2.0829798E-4
2.3932004E-4
1.8431639E-4
2.8357017E-4
3.1278774E-4
3.3270632E-4
2.897146E-4
4.0289928E-4
3.4284015E-4
3.845725E-4
2.827598E-4
3.5717452E-4
4.8252588E-4
3.8840767E-4
4.815987E-4
3.009863E-4
3.5261392E-4
2.494444E-4
2.711263E-4
1.4671455E-4
1.091144E-4
1.10813045E-4
1.962517E-4
1.5396402E-4
1.5032814E-4
1.0013511E-4
7.067077E-5
4.8822436E-5
2.958417E-5
-4.391489E-5
-1.07285356E-4
2.3583569E-5
-1.3502198E-4
-6.0269344E-5
-1.4371963E-4
4.433317E-5
-5.3419757E-5
1.7780287E-5
-8.0640035E-5
-3.8301918E-5
-1.1691302E-4
5.938464E-5
-1.2228946E-4
8.666177E-6
-2.115238E-5
3.547632E-5
9.901437E-5
8.0219346E-5
1.2426263E-4
3.3635736E-4
2.7462761E-4
2.8970375E-4
1.2508513E-4
2.2395197E-4
2.8418523E-4
3.065868E-4
3.517525E-4
2.676815E-4
3.1127458E-4
3.4213183E-4
3.5870873E-4
2.8135633E-4
2.8068543E-4
1.9473945E-4
3.3589278E-4
3.5941164E-4
2.5594977E-4
2.756116E-4
2.1444395E-4
3.0451422E-4
2.1907141E-4
3.5521144E-4
1.8312219E-4
2.3549845E-4
3.1215796E-4
2.392663E-4
1.5919682E-4
2.7452406E-4
1.0501879E-4
1.8637317E-4
4.264757E-5
1.9636213E-4
1.3908553E-4
2.0462084E-4
1.5534088E-4
1.6882065E-4
6.206126E-5
1.9856353E-4
4.594452E-6
7.4789445E-5
1.03639895E-5
1.6272259E-4
-1.4085448E-6
1.2645716E-4
-3.2060074E-5
5.6840232E-5
-2.9030265E-5
-7.438947E-5
-1.0202433E-4
-1.2429983E-4
-2.3055503E-5
-8.084283E-5
-8.841083E-5
-3.9364375E-5
-1.4961213E-4
-1.3683947E-4
-1.475211E-4
1.1321633E-5
-2.834498E-5
-6.434706E-5
-1.6078101E-4
-2.407913E-5
-1.0109558E-4
-1.2991937E-5
-1.01132486E-4
-1.15342984E-4
-3.753853E-5
-4.806167E-5
2.9520714E-7
3.036467E-5
4.2710206E-5
5.263646E-5
-8.126731E-5
-3.6153492E-6
-9.262491E-5
1.2738841E-4
1.3303192E-4
2.1455355E-4
-7.8136596E-5
-6.131184E-5
-1.0398379E-4
-1.2745248E-6
-9.713568E-5
8.6217886E-5
9.435695E-5
3.9153354E-5
-4.035624E-5
1.3405791E-5
-3.594533E-5
-4.477697E-5
-5.6400044E-5
-9.3562725E-5
1.558043E-5
-1.0026576E-4
-7.407351E-5
-1.00777805E-4
-6.145952E-5
-2.4604693E-4
-1.5072584E-4
-2.3290972E-4
-1.4459637E-4
-1.994912E-4
-6.06369E-5
-1.859238E-4
-9.195387E-5
-2.2924117E-4
-1.5269013E-4
-1.5812954E-4
-2.0720907E-4
-2.1215502E-4
-1.4546623E-4
-2.5031972E-4
-1.501257E-4
-1.3114169E-4
-1.3696143E-4
-7.2356874E-5
-5.6666257E-5
-1.4017253E-4
-1.7793829E-4
-1.0292396E-4
-9.055175E-5
-1.2801557E-4
-1.3940573E-4
-8.551462E-5
-1.225608E-4
-4.7535614E-5
-7.42829E-5
-7.557425E-5
-2.1239172E-4
-1.06665466E-4
-1.8373555E-4
-2.1939346E-4
-1.2351217E-4
-2.1746045E-4
-1.1526441E-4
-2.1111924E-4
-1.376018E-4
-1.9131355E-4
-1.593991E-4
-3.3978402E-4
-2.0448156E-4
-3.0695106E-4
-2.655417E-4
-1.9516631E-4
-1.0671733E-4
-3.471965E-4
-1.3772651E-4
-1.5708545E-4
-5.0804527E-5
-1.0841832E-4
-2.2688517E-5
-1.0845264E-4
-9.6728225E-5
-1.3726995E-4
-1.1005182E-5
8.3471314E-5
1.538858E-4
7.677953E-5
1.173505E-4
2.1666389E-4
1.4456087E-4
7.359374E-5
1.2805419E-4
1.7144211E-4
1.1543571E-4
1.7885551E-4
1.5175682E-4
1.3461303E-4
8.0324935E-5
1.3552308E-4
2.651819E-4
1.459648E-4
7.174512E-6
5.712123E-5
5.7541416E-5
1.02923725E-4
1.5220327E-4
6.0558967E-5
5.8096688E-5
2.4481724E-5
-4.5502566E-5
-5.1112045E-5
2.707095E-5
-8.7202876E-5
-4.8652586E-5
-1.9721396E-5
-3.727068E-5
-1.633252E-4
2.03121E-5
2.825129E-5
9.007329E-5
-1.6015794E-5
7.6534605E-5
-3.023441E-5
-2.8920846E-5
4.463651E-6
1.269518E-4
-5.000806E-5
1.1932604E-4
2.4073767E-4
1.2969825E-4
1.6994087E-4
2.0782877E-4
2.4661375E-4
1.517128E-4
1.7209911E-4
2.1091252E-4
2.6720267E-4
2.9477043E-4
2.6559524E-4
2.980358E-4
3.0053456E-4
2.9803815E-4
2.7360203E-4
2.509667E-4
3.8846818E-4
3.143053E-4
3.0797455E-4
2.4729533E-4
1.7667786E-4
2.3898814E-4
2.501606E-4
2.8898864E-4
9.956311E-5
2.819933E-4
1.7823094E-4
3.2196622E-4
1.7677252E-4
2.1764668E-4
1.0068167E-4
2.9519026E-4
6.950915E-5
1.6153643E-4
1.46519E-4
5.7675443E-5
-8.172372E-6
6.007163E-6
3.919656E-6
5.924712E-5
-3.3621163E-5
-9.434988E-5
1.2900538E-5
-3.1732285E-5
1.7793005E-5
-6.172813E-5
-1.2118822E-6
-3.2508033E-5
1.579595E-4
4.134775E-6
1.28889E-4
-1.0271595E-4
2.8352397E-6
1.9280343E-4
4.5037224E-5
1.9690096E-5
1.472364E-4
4.8938353E-5
6.926808E-5
3.0571446E-5
4.3051114E-5
3.856286E-5
-1.1457512E-6
2.4760555E-5
-3.6152924E-5
3.498226E-5
-1.057758E-4
4.8873615E-5
-1.5357928E-5
4.8561422E-5
-1.8899744E-4
-2.6641153E-5
-9.533121E-5
-7.230696E-5
-2.1819914E-4
2.1185011E-5
-1.3564722E-4
-2.4730218E-7
-1.8657168E-4
-1.7466617E-5
-5.6919187E-5
-1.2790952E-5
-1.2812651E-4
-1.0130692E-5
-1.5460938E-6
5.4963017E-5
-1.1845279E-4
-1.732378E-4
3.9628365E-5
-7.2927614E-5
7.2369934E-5
-1.4598753E-5
3.4759283E-5
5.95106E-5
9.223637E-5
8.81222E-5
2.6231635E-4
1.6746476E-4
1.6277928E-4
4.6831006E-5
1.2121239E-4
1.8420842E-4
1.1099479E-4
1.8456468E-4
7.386128E-5
1.2992189E-4
1.0070415E-4
1.0865183E-4
-5.281913E-5
3.4119992E-5
-1.0035285E-4
6.177353E-5
-1.05327745E-4
1.3959755E-5
-2.0387722E-4
-1.06741456E-4
-3.089236E-4
-2.3740313E-4
-3.0642547E-4
-1.035266E-4
-3.3634118E-4
-2.6093906E-4
-3.8175893E-4
-3.2449944E-4
-3.4253648E-4
-3.5981156E-4
-5.124022E-4
-4.11023E-4
-4.5929002E-4
-4.109194E-4
-3.5683953E-4
-3.4264138E-4
-2.8085246E-4
-2.9847174E-4
-2.8283903E-4
-2.4064095E-4
-2.022319E-4
-1.49943E-4
-1.806061E-4
-1.5803702E-4
-8.3701205E-5
-7.028319E-5
6.1597646E-5
3.2402957E-5
-1.0746628E-4
1.3297229E-4
-6.206844E-6
1.13775146E-4
8.648645E-5
1.1092197E-4
2.7165952E-4
2.8779844E-4
1.6904766E-4
2.887737E-4
1.9810052E-4
3.4339124E-4
1.6820872E-4
2.2377781E-4
4.962668E-5
3.000324E-4
2.4911782E-4
2.8226932E-4
1.3793363E-4
3.2287533E-4
1.1553768E-4
2.4114488E-4
8.222884E-5
2.5759434E-4
-3.6158692E-6
5.204087E-5
2.8468348E-5
6.93033E-5
-9.890991E-5
-6.847244E-5
-7.3606716E-5
-4.3120574E-5
-1.9762454E-4
-1.9856775E-4
-1.7397969E-4
-2.0984549E-4
-1.7087616E-4
-1.721492E-4
-1.694449E-4
-2.2548603E-4
-2.6687942E-4
-2.2054814E-4
-2.2069915E-4
-2.0131603E-4
-3.3532185E-4
-2.785165E-4
-2.5592043E-4
-2.7073728E-4
-3.4738402E-4
-7.905902E-5
-1.7970233E-4
4.7737427E-5
-7.03544E-5
1.2126774E-4
-1.7305741E-4
6.3620166E-5
-1.620784E-4
1.0204159E-5
-4.2487303E-5
1.5721223E-4
-3.234028E-5
2.2759031E-4
3.0742827E-5
3.306999E-4
1.1911865E-4
2.5358459E-4
8.140923E-5
3.3096824E-4
1.6977741E-4
3.587821E-4
2.1230918E-4
2.4006388E-4
1.9916163E-4
3.184229E-4
2.171737E-4
2.3247462E-4
2.5656988E-4
2.6679027E-4
2.5753267E-4
2.0904062E-4
1.2031214E-4
2.2487674E-4
1.3437051E-4
1.4374108E-4
1.365105E-4
2.2641303E-4
2.2743395E-6
1.2965803E-4
-4.784595E-5
9.213193E-5
-6.789624E-5
-7.932747E-5
-9.496954E-5
4.0470724E-5
-1.5226076E-4
-2.3931338E-5
-2.4907166E-4
-1.764278E-5
-2.9329068E-4
-1.1886566E-4
-3.4564987E-4
-1.2810367E-4
-3.8137764E-4
-1.2966219E-4
-3.102699E-4
-6.742533E-5
-3.593254E-4
-2.2574556E-4
-2.9932157E-4
-2.0352755E-4
-3.5222401E-4
-1.4363465E-4
-3.9173104E-4
-2.6893168E-4
-2.4855725E-4
-1.110372E-4
-2.126762E-4
-1.577043E-4
-2.736744E-4
-1.193098E-4
-1.295344E-4
-1.529018E-4
-3.0634028E-4
-1.3608624E-4
-1.8071115E-4
-2.0111793E-4
-1.449479E-4
-1.7891852E-4
-2.177329E-4
-9.88925E-5
-8.9192705E-5
-2.3398141E-5
-2.1458245E-4
4.4040833E-5
-4.858532E-5
6.484227E-6
-1.1444662E-4
1.3581736E-4
-7.986676E-5
1.1235101E-4
-9.451445E-5
-4.4094904E-5
-1.769426E-4
7.2109135E-5
-2.127728E-4
-1.0761727E-5
-1.4187625E-4
-3.341805E-5
-1.8360224E-4
-3.9762713E-6
-2.1602363E-4
-6.601033E-5
-2.3821862E-4
-1.4876989E-4
-1.524143E-4
-7.713967E-5
-1.8157263E-4
-2.0908429E-4
-1.3127351E-4
-2.6363033E-4
-3.0470252E-4
-3.402364E-4
-3.5452712E-4
-4.5459945E-4
-3.5631045E-4
-4.3694768E-4
-2.6957146E-4
-5.960324E-4
-1.6726751E-4
-6.4156885E-4
-2.151505E-4
-7.097744E-4
-8.896382E-5
-0.0011500177
2.4021321E-5
5.861712E-4
-0.004093502
0.0011315456
0.0019208009
0.0012502495
-0.004344857
0.0011193753
-6.419969E-4
-0.0015054232
-4.5856624E-4
7.193254E-4
-0.0010637745
-0.0010719807
-4.3803774E-4
8.218666E-4
4.051074E-4
3.110229E-4
6.018451E-4
-2.0732035E-4
-3.9626806E-4
-2.782651E-5
3.1099946E-4
5.448374E-4
0.0012521433
-2.510057E-4
-2.0952869E-4
-1.0421067E-4
-0.0015661936
-9.168153E-4
-2.135514E-4
-7.071753E-5
-0.001015161
-2.6153505E-4
4.7706437E-4
5.507925E-4
4.0858958E-4
3.4931468E-4
1.1482915E-4
3.992072E-4
2.2311087E-4
-2.0335838E-6
-9.7917E-5
8.373526E-4
7.563035E-4
7.2696496E-4
2.264929E-4
0.0014457174
6.177589E-4
4.829516E-4
0.0010817944
9.93204E-4
5.8644934E-4
2.7441382E-4
-5.1899324E-4
-0.0010958235
-8.490695E-4
-4.1596228E-4
-8.7507814E-4
-7.4043707E-4
-1.5085835E-4
8.003424E-5
-1.5570673E-4
-1.3683742E-4
-9.6746706E-5
-1.4997278E-4
-4.5102046E-4
-6.88102E-4
-5.2213034E-4
-2.062664E-4
-2.7344067E-4
-5.1866187E-4
-4.915031E-4
-3.299692E-4
-1.7339808E-4
-2.8694465E-4
-1.76041E-4
-3.0613225E-4
-2.803474E-5
2.9275165E-5
2.409202E-4
7.2186725E-5
3.2898918E-4
5.7345943E-4
7.1002444E-4
5.5623107E-4
8.408022E-4
0.0010511382
0.0011151287
8.4366667E-4
9.1430993E-4
9.325519E-4
9.045866E-4
7.140473E-4
7.405633E-4
9.3718764E-4
7.443422E-4
8.148932E-4
0.0010110323
0.0010157219
7.780923E-4
7.331131E-4
4.8902666E-4
4.22384E-4
2.3672884E-4
2.4291895E-4
2.0779604E-4
1.039806E-4
-1.8532189E-4
-3.9041962E-4
-2.7867666E-4
-1.2158086E-4
-2.4003212E-4
-3.0586417E-4
-4.2745098E-4
-3.010615E-4
-4.049444E-4
-7.386182E-4
-6.7494495E-4
-5.983554E-4
-5.23676E-4
-4.5092998E-4
-5.642362E-4
-2.970878E-4
-7.743384E-5
-1.3692524E-4
-3.6634906E-4
-2.0405363E-4
-1.1479808E-4
-1.879168E-4
-3.82551E-4
-1.03217506E-4
-2.5225012E-4
1.8251046E-4
-1.2544422E-4
-2.2014226E-4
8.229438E-5
-1.9884872E-5
-1.6230685E-4
-2.01922E-5
2.5130628E-5
1.4442786E-4
-1.6271467E-4
-6.080602E-5
-2.6034215E-4
9.791299E-5
2.6516785E-4
-1.126719E-4
5.0666647E-5
3.229648E-4
-1.8217521E-4
1.2427058E-4
2.768102E-5
3.2376236E-5
-2.1053001E-4
6.605025E-5
2.9347058E-5
2.6140184E-4
-6.557234E-5
-1.9361646E-6
2.6024733E-4
4.5896627E-4
2.3522455E-4
2.5492383E-5
5.844241E-4
4.477001E-4
1.3209731E-4
-3.763929E-4
-1.293032E-4
-2.4483728E-4
-7.4964235E-5
-4.3083777E-4
-1.602011E-4
-7.59893E-5
-4.6726165E-4
-3.4240232E-4
-1.7098676E-4
-1.0056377E-4
-1.822034E-4
-1.1547639E-4
-2.303872E-5
-6.4041305E-5
-2.3203649E-4
-1.0485626E-5
-6.228828E-5
3.539554E-5
5.689737E-5
-1.0334306E-4
2.3243966E-4
1.7201001E-4
-3.7734946E-5
-1.1841024E-4
9.706827E-5
-4.7241396E-5
5.566767E-6
4.796274E-5
7.424843E-5
-8.8937435E-5
1.6472343E-4
-2.4485948E-5
1.3114177E-4
-4.709589E-5
2.8105138E-4
1.5933106E-4
9.839329E-5
-1.7513512E-5
2.189035E-4
8.157254E-5
2.0709721E-4
3.5146273E-5
2.6735637E-4
2.7602277E-5
2.723594E-4
-1.4655456E-5
2.4978252E-4
1.2853906E-5
2.714138E-4
4.0191117E-5
2.0737782E-4
2.0968365E-4
3.7056737E-4
2.903389E-4
3.1299164E-4
1.4156509E-4
2.708064E-4
1.10604014E-4
1.1597626E-4
1.5905633E-4
1.6665114E-4
1.2644022E-4
2.6750515E-4
1.547956E-4
1.8590507E-4
1.0749312E-4
9.577584E-5
4.7389738E-5
5.1813386E-6
1.4522087E-4
4.3436205E-5
-3.0520183E-5
-9.5889474E-5
-1.6509398E-4
-9.5571544E-5
-1.7331693E-4
-1.6419026E-4
-1.1417512E-4
-1.1073091E-4
-3.0204855E-4
-1.1127898E-4
-2.9940787E-4
-1.8131222E-4
-3.3825988E-4
-1.9045359E-4
-2.2116052E-4
-1.1504003E-4
-3.218588E-4
-1.7223928E-4
-1.8700951E-4
-7.594296E-5
-1.6923141E-4
-2.8793562E-5
-1.19606666E-4
3.7619277E-5
-1.5044441E-4
-1.3901755E-4
-2.0442267E-4
-7.6650475E-5
-9.805469E-5
-1.7616703E-4
-2.5181373E-4
3.189959E-4
-3.698254E-4
-6.6834595E-4
9.1631064E-4
3.796501E-4
-2.6452978E-4
-6.1792816E-4
-3.6188698E-4
1.4049007E-4
4.2126482E-4
2.5905014E-4
9.0779424E-5
8.7288274E-5
-2.3059062E-4
-1.3418789E-6
-7.838009E-5
2.876478E-4
6.6113076E-5
1.2189347E-4
-1.9104063E-4
1.5780216E-4
3.3809032E-5
9.161958E-5
-2.413895E-4
9.1118505E-5
9.547407E-5
4.5989145E-4
2.349543E-4
6.8372634E-4
5.626089E-4
3.4452265E-4
-1.3010742E-4
-2.6464486E-4
1.1594199E-4
5.9692765E-4
4.0756277E-4
1.5826747E-4
-2.2589239E-4
-1.9803224E-4
-1.5013941E-4
2.4056022E-5
-5.0490944E-5
-6.306382E-5
-6.448084E-5
-7.3272895E-5
-6.4989756E-5
-4.274984E-5
2.9795014E-4
4.896139E-4
2.813863E-4
3.646781E-4
5.268383E-4
4.006309E-4
4.0205126E-4
1.9087957E-4
1.4887966E-4
5.0689963E-5
2.98163E-4
3.0905407E-4
2.3365888E-4
5.0179806E-4
2.4669452E-4
5.231767E-4
3.90401E-4
2.2216358E-4
3.699752E-5
1.7195444E-4
-3.4970385E-6
-7.042494E-5
-5.9927494E-4
-2.7597256E-4
-2.4501653E-4
2.665211E-5
-2.488114E-4
-7.3994255E-5
1.2674297E-5
-1.1387354E-4
-4.3994165E-4
-2.948343E-4
-3.1067283E-4
-2.0683753E-4
-1.816593E-4
2.2007564E-5
6.609763E-5
1.9070448E-4
2.3647367E-4
2.5399632E-4
2.7947346E-4
3.2705706E-4
1.4251412E-4
1.2567724E-4
3.864562E-5
-3.698982E-5
-3.2208598E-5
-3.3680033E-5
1.2343946E-4
8.7614084E-5
2.1050955E-4
2.2591799E-4
1.9091765E-4
1.7743035E-4
6.733655E-5
-1.2247989E-4
-1.9208691E-4
-2.0516425E-4
-8.23012E-5
-9.738025E-5
-2.0533387E-4
-9.204454E-5
-2.660589E-5
2.1769817E-4
-1.8995486E-5
1.3952621E-4
1.4701199E-4
1.8323548E-4
5.316529E-6
-1.7674308E-4
1.5509035E-5
-1.1406622E-4
-2.4993834E-4
-1.6236409E-4
1.05062545E-5
1.2604958E-4
6.2213054E-5
7.174604E-5
1.230032E-4
-3.49055E-6
-8.236038E-5
-7.3445626E-5
-1.6728553E-4
-1.9123271E-4
-3.6887836E-4
-3.1042157E-4
-1.3126669E-4
4.4557586E-5
6.237177E-5
-6.947668E-5
8.3491155E-5
7.4189076E-5
1.2671994E-4
3.7853297E-5
-2.6445216E-5
3.7949172E-5
1.0068978E-5
-1.6738812E-4
-2.5207072E-4
-4.3251417E-5
6.7836445E-5
-6.5114737E-6
-1.3493393E-4
1.0592328E-4
4.1308384E-5
-9.3642244E-5
-1.9290502E-4
-2.3358944E-4
-2.8883287E-4
-2.3180952E-4
-4.4091517E-4
-3.3828747E-4
-1.9523711E-4
-1.2816463E-4
-3.4449235E-4
-2.1149973E-4
5.0686354E-5
1.3205393E-4
-1.9734596E-4
-1.3050946E-4
-1.5585011E-4
-1.8563142E-4
-1.9910943E-4
-3.0351948E-4
-7.972944E-5
-1.1659182E-4
-1.5661653E-4
-1.8286992E-4
-1.6608585E-4
-1.289095E-4
-4.8608097E-5
-2.752153E-4
-2.3803681E-4
-3.2040896E-4
-3.5295964E-4
-3.742163E-4
-3.5655726E-4
-3.1976736E-4
-2.492282E-4
-2.9340756E-4
-3.136642E-4
-2.511164E-4
-2.2089346E-4
-1.20359204E-4
-1.6463397E-4
-1.5122042E-4
-2.630981E-4
-2.1517545E-4
-2.3602387E-4
-1.3238999E-4
-1.3502996E-4
-1.0551299E-4
-1.0680334E-4
4.920243E-5
-9.332453E-5
3.5616064E-5
-1.22681395E-5
-1.937806E-5
5.119064E-5
2.759341E-5
3.8821097E-5
1.558702E-4
1.0557006E-4
1.808707E-4
1.2451696E-4
1.3295475E-4
2.2417132E-4
1.166682E-4
1.454839E-4
4.6978694E-5
7.5420925E-5
1.7811214E-4
1.5807405E-4
6.487703E-5
1.6990388E-4
2.2856442E-4
2.5459853E-4
1.6422031E-4
3.0656077E-4
1.9872289E-4
3.5473736E-4
2.1319858E-4
2.6172152E-4
2.6956733E-4
2.047304E-4
2.1839466E-4
8.9935E-5
1.8381253E-4
1.3632467E-4
1.644039E-4
1.5636308E-4
2.587631E-4
4.6013236E-5
1.8649793E-4
5.9297912E-5
1.9269077E-4
8.755656E-5
1.3248739E-4
2.1012948E-4
1.6736774E-5
7.463812E-5
1.0945672E-4
1.0139459E-4
3.2355583E-5
4.9561954E-6
1.225493E-4
1.8833828E-4
2.1436963E-4
2.192426E-4
1.8626037E-4
3.1777582E-4
2.592975E-4
1.7988608E-4
9.222046E-5
1.8380636E-4
5.2404575E-5
1.5878E-4
6.7267545E-5
2.102724E-4
9.3038565E-5
2.066048E-4
1.1325434E-4
1.987966E-4
-1.9344616E-5
1.396625E-4
6.7590256E-5
4.0134284E-5
6.890367E-5
8.0623395E-5
6.004768E-6
6.536739E-5
-3.0789528E-5
7.494271E-5
4.5526718E-5
-8.062595E-6
7.8948506E-5
1.9355143E-4
1.5010472E-4
9.903456E-6
1.3218942E-4
-4.996181E-5
1.0334984E-4
-2.006089E-5
1.8249397E-4
2.4899046E-4
3.086704E-4
6.7285924E-5
-3.4227127E-5
1.1279128E-5
1.6902924E-4
1.1558692E-4
5.041209E-5
-3.1705724E-5
1.9114043E-4
2.1938095E-4
1.6382575E-4
1.366723E-4
1.605225E-4
1.9810029E-4
8.087513E-5
1.2606058E-4
-6.570367E-5
1.9363705E-4
-2.798743E-5
5.1305455E-5
-2.6775171E-5
1.21054516E-4
-6.094216E-5
-1.0043453E-4
-3.4939734E-5
1.2046427E-4
1.5638181E-4
1.20854544E-4
9.60603E-5
1.88334E-5
1.6487075E-4
1.6432923E-4
8.303424E-5
1.7312892E-5
2.846739E-4
1.7196011E-4
2.6308568E-4
1.3647418E-4
1.7475543E-4
2.2123737E-4
2.5365935E-4
3.2344364E-4
2.559808E-4
2.3359583E-4
3.449574E-4
2.7252256E-4
2.1781422E-4
2.346232E-4
2.2116676E-4
1.8128016E-4
1.470454E-4
1.6069798E-4
1.140581E-4
1.4550787E-4
1.6344001E-4
8.914867E-5
2.5469726E-5
6.241555E-5
6.4943655E-5
2.0749506E-4
2.5631427E-5
8.691756E-5
-1.2422852E-4
2.1871881E-5
1.1997998E-4
1.2834098E-4
1.4428521E-4
1.5369795E-4
1.2710887E-4
1.4307242E-4
1.3937728E-4
5.680366E-5
-4.192775E-5
6.067698E-5
1.8947523E-4
-6.378212E-5
-6.2937266E-5
-9.585385E-5
-4.862661E-5
-5.947934E-5
-9.624901E-5
-1.6451252E-4
-1.6830032E-4
-2.48544E-4
-1.4069228E-4
-8.538805E-5
-1.4918871E-4
-1.7369867E-4
-1.10089364E-4
-2.2299633E-4
-1.4586894E-4
-1.289231E-4
-3.607919E-5
-1.3510276E-4
-1.0234551E-4
-8.8685585E-5
-1.2113037E-4
-1.5723685E-4
-1.5602805E-4
-6.501301E-5
-2.4256101E-4
2.3619912E-5
-1.9069052E-4
-2.480069E-4
-1.2354544E-4
1.3718661E-4
-2.6172935E-4
-4.863325E-4
-2.7848314E-4
-5.4528817E-5
-1.5203566E-5
-5.5531105E-5
-2.3160118E-4
-2.0008427E-4
-2.1282939E-4
-2.2683392E-4
-2.9971637E-4
-2.858967E-4
-2.0431289E-4
-2.4814773E-4
-1.00297046E-4
-1.8165777E-4
-1.4251762E-4
-2.2465974E-4
-4.354262E-5
-4.179172E-4
-4.0433012E-4
-3.6965616E-4
-3.2818978E-4
-2.8617601E-4
-1.6131531E-4
-2.6874762E-4
-2.7908824E-4
-4.4338626E-4
-4.5959474E-4
-4.5462116E-4
-4.6756293E-4
-3.8793808E-4
-5.0386094E-4
-4.5192917E-4
-6.477096E-4
-5.56426E-4
-5.5190077E-4
-4.091559E-4
-4.4834675E-4
-2.8585535E-4
-4.1168573E-4
-2.838558E-4
-3.2855105E-4
-2.6763298E-4
-4.381505E-4
-3.9329403E-4
-4.72768E-4
-3.30832E-4
-3.3066215E-4
-2.553988E-4
-2.5559182E-4
-1.5576708E-4
-1.1053514E-4
-6.621143E-5
-1.2925813E-4
-1.625024E-4
-1.5807102E-4
-3.4731405E-4
-3.023047E-4
-3.9440542E-4
-1.6069111E-4
-1.6012293E-4
-1.13993796E-4
-7.419567E-5
-1.8233337E-5
2.8389963E-5
4.4106448E-5
4.816532E-5
-1.8214056E-5
2.6606305E-5
-7.5992095E-5
-1.8240768E-4
-6.405073E-5
-3.5737565E-5
3.633338E-5
1.295581E-4
1.09336754E-4
3.3003264E-4
1.7396825E-4
2.5922278E-4
1.3343633E-4
1.5372655E-4
-1.15678704E-4
4.2110358E-5
-7.21316E-5
1.0752413E-5
-1.269755E-4
-4.9491377E-5
-1.502368E-5
7.3261326E-5
2.7523749E-5
3.9968156E-5
2.9371033E-5
1.5195761E-5
3.19269E-5
1.9778756E-5
-8.333023E-5
-1.4400623E-4
-3.685658E-5
1.0430278E-4
-1.15327966E-4
8.453722E-5
2.1331718E-4
1.7282493E-4
1.8838553E-4
2.4917876E-4
1.4085068E-4
4.6171648E-5
-1.1384027E-4
5.082057E-5
1.837878E-4
1.4401035E-4
2.2752587E-5
2.242008E-4
3.1491384E-4
2.987862E-4
2.7055503E-4
3.4855836E-4
3.177492E-4
3.3756782E-4
3.1485994E-4
2.5946426E-4
9.4370975E-5
1.3431963E-4
1.1210843E-4
2.5643109E-4
1.8484858E-4
4.1758674E-4
1.7252885E-4
3.869343E-4
3.407353E-4
4.1490176E-4
1.5212863E-4
2.6190045E-4
4.486238E-5
1.17297925E-4
-3.642313E-6
7.625688E-5
8.5652326E-5
1.0900262E-4
7.70464E-5
2.4746955E-4
1.8832274E-4
8.456744E-5
1.6417318E-4
1.8761531E-4
1.553484E-4
1.3006301E-4
1.5277561E-4
1.9011891E-4
3.0623455E-4
2.3009039E-4
3.2690077E-4
1.6799779E-4
2.7702213E-4
2.9469997E-4
3.4189352E-4
3.538978E-4
3.1853715E-4
3.3275096E-4
2.6138267E-4
2.434385E-4
2.1848231E-4
1.8153232E-4
6.306046E-5
2.4368113E-4
3.7751184E-4
4.2328448E-4
3.2605938E-4
3.0398445E-4
3.2281395E-4
4.2717005E-4
3.0901024E-4
3.8224817E-4
2.493344E-4
3.665065E-4
3.4409267E-4
3.125996E-4
2.2068394E-4
4.0995784E-4
4.793537E-4
5.4911134E-4
3.244429E-4
3.421268E-4
4.4414555E-4
4.1935063E-4
3.739943E-4
1.8877313E-4
3.3476038E-4
3.258609E-4
2.0197248E-4
-2.9243936E-5
1.5360168E-4
7.8976875E-5
2.0035994E-4
1.5207566E-4
1.979939E-4
1.5874357E-4
7.438411E-5
-2.26047E-6
-8.646497E-6
7.9940546E-5
-1.9818977E-5
-1.0774908E-4
-3.0424324E-5
9.275311E-6
-1.0819316E-5
-3.989806E-5
-7.971333E-5
-1.0792727E-4
-1.5522166E-4
-1.902761E-4
-2.4387194E-4
-1.19080956E-4
-3.0755403E-4
-2.1239485E-4
-1.6955631E-4
-2.60889E-4
-3.7904512E-4
-3.3681933E-4
-3.0489758E-4
-2.5566743E-4
-2.534328E-4
-2.1368012E-4
-1.39423E-4
-2.4071573E-4
-2.0188586E-4
-2.4014545E-4
-1.937192E-4
-2.702934E-4
-1.1241672E-4
-2.4180155E-4
-1.3942464E-4
-1.9420257E-4
-2.608345E-4
-2.2105705E-4
-2.5070162E-4
-2.081346E-4
-1.4826174E-4
-2.836993E-4
-2.3763726E-4
-2.4660144E-4
-2.3958154E-4
-3.3455942E-4
-3.6556253E-4
-3.90245E-4
-4.1135726E-4
-3.4743678E-4
-3.5763485E-4
-2.03222E-4
-3.3704174E-4
-3.637583E-4
-5.056421E-4
-2.8249036E-4
-2.1647254E-4
-1.5290223E-4
-1.9143628E-4
-1.7256955E-4
-2.2829608E-4
-2.0167454E-4
-2.8442926E-4
-1.8346703E-4
-1.7888806E-4
-3.8115715E-5
-4.4521523E-5
-9.60599E-5
-1.58791E-4
-2.6429796E-5
-6.0677237E-5
-4.056266E-5
-3.9509447E-5
-1.1611735E-4
-4.810788E-5
-1.3262537E-4
-1.3055338E-4
-9.9696306E-5
-4.3440457E-5
-6.8847046E-5
-3.9243932E-5
3.3819422E-5
6.945246E-5
5.305802E-6
4.0157207E-5
7.9273894E-5
1.15586925E-4
7.38789E-5
1.18425145E-4
1.18776035E-4
9.75975E-6
1.3199329E-4
1.4444273E-4
2.1471742E-4
1.0858427E-4
1.5611692E-4
1.03429855E-4
1.5659347E-4
1.4792068E-5
1.396385E-4
6.402657E-5
6.3967054E-5
-1.633108E-5
1.3759367E-4
5.090458E-5
1.7883623E-4
7.454072E-5
1.397722E-4
3.602695E-5
1.6069318E-4
1.5815116E-4
2.1437499E-4
8.8738874E-5
1.3634417E-4
3.7566148E-5
2.1811993E-5
1.069997E-4
-2.7535514E-5
1.038591E-4
-3.3088065E-5
6.340737E-5
3.314438E-5
8.604023E-5
1.041122E-4
5.9410715E-5
-8.340285E-5
6.2760796E-6
-4.1539424E-5
-6.6855915E-5
-5.6342935E-5
-1.9582799E-4
-7.685554E-5
-1.7118156E-4
-2.7201824E-5
-2.8818537E-4
-9.2896735E-5
-2.2055955E-4
-1.776745E-4
-1.7448555E-4
-1.4094138E-4
-1.9024232E-4
-3.8922375E-5
-2.9460565E-4
6.211547E-6
-3.1004936E-5
1.0569075E-5
-1.2510706E-4
6.608169E-5
-1.850365E-5
3.4753968E-5
-3.9676244E-5
-8.176545E-6
9.226073E-5
5.6092686E-5
6.468991E-5
8.708167E-5
1.6248987E-4
1.681626E-4
1.06773085E-4
1.1449095E-4
2.3628511E-4
1.3207643E-4
1.8872644E-4
1.6993145E-4
2.261132E-4
2.7351375E-4
2.807486E-4
1.1333612E-4
1.4287222E-4
1.397473E-4
2.0627747E-4
1.4569605E-4
1.6976071E-4
2.5426876E-4
1.9169903E-4
1.9680144E-4
1.9184244E-4
1.9887292E-4
9.6047355E-5
8.359649E-5
1.6112073E-4
1.1852897E-4
9.961041E-6
7.615965E-5
4.118912E-5
1.3366184E-4
9.3189126E-5
1.417563E-4
6.146295E-5
5.9509137E-5
-2.0255304E-4
-3.543365E-5
-9.899066E-5
-1.3030871E-5
5.3455096E-6
-2.2358752E-5
-1.10823334E-4
-2.0824117E-4
-2.1622438E-4
-1.690536E-4
-1.3837208E-4
-9.644292E-5
-2.1915571E-4
-1.9349855E-4
-1.3111132E-4
-2.8433566E-4
-2.5333313E-4
-4.0015578E-4
-1.6287078E-4
-2.8174836E-4
-1.7892425E-4
-4.2668506E-4
-3.0292393E-4
-3.6441404E-4
-3.4173776E-4
-3.3573876E-4
-3.7463155E-4
-3.643812E-4
-3.2013663E-4
-3.1174882E-4
-2.2598846E-4
-2.8624092E-4
-2.1457358E-4
-4.0588563E-4
-3.377391E-4
-3.4900047E-4
-3.1588602E-4
-1.9757966E-4
-2.017525E-4
-2.9002808E-4
-3.093215E-4
-2.7594616E-4
-3.4318093E-4
-1.7367907E-4
-3.6792792E-4
-3.6258323E-4
-3.6683082E-4
-2.9432162E-4
-2.7439732E-4
-3.3973422E-4
-2.6796066E-4
-2.3787246E-4
-2.2051578E-4
-1.9666278E-4
-1.2717635E-4
-1.8614391E-4
-1.7542201E-4
-2.0541839E-4
-2.470182E-4
-2.372337E-4
-2.2239561E-4
-1.7586388E-4
-9.6210635E-5
-1.7122446E-4
-4.5830275E-5
-1.3404895E-4
-1.4302859E-4
-1.4340541E-4
-1.4504457E-4
-1.447099E-4
-9.9169556E-5
-2.0643375E-4
-1.2212951E-4
-7.976715E-5
-4.4363693E-5
2.4124929E-5
4.94239E-6
-1.0858258E-4
3.9221104E-5
-2.4608937E-5
1.6496877E-5
4.134095E-5
-1.3224952E-4
7.1352864E-5
1.6429306E-4
1.2847382E-4
1.5888822E-4
2.4022593E-4
1.644102E-4
2.4322885E-4
1.6742853E-4
1.5566534E-4
1.2124418E-4
1.5925679E-4
1.9430736E-4
1.7022634E-4
2.5126955E-4
2.1217152E-4
2.3928042E-4
2.8084745E-4
3.5780112E-4
2.829234E-4
2.5323074E-4
3.091298E-4
2.9484436E-4
2.7776277E-4
4.0157916E-4
2.703442E-4
3.588573E-4
2.7935885E-4
2.9535117E-4
2.970203E-4
3.0122805E-4
3.057711E-4
2.0894673E-4
2.2965156E-4
2.6104762E-4
2.2482121E-4
1.9618995E-4
1.5352851E-4
1.5003418E-4
9.4917836E-5
9.707299E-5
1.8050596E-4
6.017699E-5
1.202341E-4
8.318349E-5
1.3290542E-4
-1.0641891E-5
2.2591244E-4
-1.8733139E-5
1.5095553E-5
-6.158742E-7
3.7064212E-5
-3.972187E-6
-7.4652853E-6
1.2353192E-4
7.869821E-5
7.420756E-5
8.011303E-5
1.5721674E-4
9.1685826E-5
1.4695749E-4
1.3370185E-4
6.7156536E-5
7.299353E-5
1.9247527E-4
1.9459038E-4
1.6197578E-4
2.3651881E-4
1.8769543E-4
9.4960385E-5
1.8858336E-4
1.6484274E-4
2.7779E-4
2.217888E-4
3.0331084E-4
1.7695359E-4
1.8544191E-4
1.6987961E-4
1.5744286E-4
2.7563277E-4
2.1820332E-4
2.3876819E-4
2.6915025E-4
1.0377365E-4
1.19203854E-4
2.539077E-4
1.5493853E-4
2.0394921E-4
1.1642171E-4
2.3310252E-4
2.1473508E-4
1.6351878E-4
1.5057635E-4
2.4653814E-4
1.750545E-4
1.04188075E-4
7.663603E-5
1.851912E-4
2.612687E-4
2.9526907E-4
1.7295507E-4
1.4515387E-4
2.2372493E-4
1.829742E-4
2.266817E-4
7.089237E-5
1.15425435E-4
5.7258276E-5
1.2610063E-4
1.5843903E-4
9.7449905E-5
6.273792E-5
1.13028815E-4
6.371899E-5
1.1826788E-4
-6.909365E-5
6.856658E-5
8.039368E-6
-9.587333E-5
-1.8862556E-4
-8.057728E-5
-1.6470041E-4
-2.1395188E-4
-1.4608334E-4
-1.3622644E-4
-1.7652476E-4
-2.180735E-4
-2.200512E-4
-2.704586E-4
-2.4260809E-4
-2.9549567E-4
-3.3370306E-4
-3.1102172E-4
-2.8261295E-4
-3.7149474E-4
-2.9702077E-4
-3.3968105E-4
-3.0853963E-4
-3.408376E-4
-4.246182E-4
-4.901012E-4
-4.0041254E-4
-5.176906E-4
-4.657819E-4
-4.468895E-4
-3.8897863E-4
-3.9813033E-4
-4.4046275E-4
-4.5294783E-4
-4.271371E-4
-2.990384E-4
-4.6155206E-4
-4.3503274E-4
-4.1756048E-4
-4.4450202E-4
-4.7931308E-4
-4.4136046E-4
-4.894315E-4
-4.533927E-4
-3.5705563E-4
-4.0278852E-4
-4.0531807E-4
-3.2752656E-4
-4.011049E-4
-3.9230948E-4
-3.008593E-4
-3.4782352E-4
-4.079498E-4
-5.289312E-4
-3.4989344E-4
-4.2141686E-4
-2.7636086E-4
-3.3493148E-4
-3.7900414E-4
-3.4499762E-4
-2.8948014E-4
-3.300633E-4
-2.4007501E-4
-3.6231955E-4
-2.7290548E-4
-2.5572313E-4
-2.8574094E-4
-2.9794546E-4
-1.9048029E-4
-1.58395E-4
-1.7329585E-4
-1.53564E-4
-1.1442489E-4
-1.5506287E-4
-1.0648804E-4
-5.9811286E-5
-9.9800774E-5
-4.1007686E-5
8.471814E-5
-1.7927194E-5
-2.9020795E-5
2.2150376E-5
8.932832E-5
1.6773774E-4
1.6525766E-4
2.5918533E-4
1.3973484E-4
1.2942743E-4
1.8362913E-4
1.5250774E-4
2.2438343E-4
1.6565683E-4
2.2076575E-4
1.5278309E-4
3.2388995E-4
2.9072654E-4
2.656916E-4
1.8838308E-4
2.718121E-4
1.5666873E-4
2.536949E-4
2.376536E-4
3.1055044E-4
2.3310466E-4
2.6932484E-4
2.8832105E-4
2.8612604E-4
7.1425085E-5
1.9272711E-4
9.510088E-5
2.865053E-4
2.199091E-4
3.0606976E-4
1.2340012E-4
1.3114235E-4
2.0341424E-4
1.7478109E-4
1.229067E-4
2.1207928E-4
2.59726E-4
1.4994448E-4
1.2969713E-4
1.220072E-4
1.3548018E-4
1.4806073E-4
1.8544961E-4
9.222891E-5
1.11860325E-4
8.972613E-5
1.3764031E-4
1.3723428E-4
1.5797769E-4
1.1026661E-4
1.1382064E-4
7.06233E-5
6.156611E-5
4.307827E-5
2.5808064E-5
6.5366774E-5
-8.638263E-6
1.2023965E-4
2.112703E-4
1.9013215E-4
1.1033016E-4
2.4225171E-4
1.5740021E-4
2.5783633E-4
6.454079E-5
1.2882288E-4
4.441796E-5
1.9719392E-4
7.899944E-6
1.1100402E-4
1.01561265E-4
3.3376165E-4
2.5593335E-4
2.7676582E-4
3.528624E-4
4.5938842E-4
4.0983557E-4
3.4510897E-4
3.111687E-4
3.2455142E-4
5.0442846E-4
4.917857E-4
5.2734744E-4
5.9498224E-4
5.887626E-4
4.110085E-4
5.909944E-4
5.513174E-4
5.9499784E-4
4.3038363E-4
5.4776855E-4
4.9809605E-4
5.111399E-4
4.3466373E-4
4.6531408E-4
4.148447E-4
4.3505547E-4
3.819719E-4
3.8648726E-4
2.7813707E-4
3.2751294E-4
2.7391443E-4
2.0006756E-4
3.2659143E-4
1.1215845E-4
1.7639773E-4
3.0923387E-5
2.1195944E-4
7.432735E-5
1.8031617E-4
9.387381E-5
1.2716622E-4
-5.692445E-5
1.1128601E-4
-2.1421816E-5
6.334112E-5
-1.2650751E-4
-9.017794E-6
-3.01431E-5
-5.3261407E-5
6.0807655E-5
-7.4204654E-5
-2.9997673E-5
-1.6691841E-4
-8.944569E-5
-1.1534243E-4
-4.1249135E-5
-1.7912267E-4
-5.597819E-6
-1.4437879E-4
-1.0584779E-4
-2.3143766E-4
-6.4482E-5
-1.8533974E-4
-1.4265908E-4
-3.0355563E-4
-1.04065075E-4
-2.3939922E-4
-1.4943213E-4
-2.5473416E-4
-1.3974495E-4
-2.612958E-4
-2.42645E-4
-2.407997E-4
-3.277763E-4
-3.843191E-4
-3.199454E-4
-2.9631867E-4
-4.0291963E-4
-3.0802685E-4
-4.774045E-4
-5.169521E-4
-3.0471748E-4
-2.9295194E-4
-3.3336176E-4
-3.3801672E-4
-2.5772257E-4
-2.6266926E-4
-3.0636202E-4
-3.2306946E-4
-3.4128464E-4
-3.696277E-4
-3.23362E-4
-3.6354395E-4
-3.4421924E-4
-1.8660013E-4
-3.084314E-4
-3.6883302E-4
-2.3244852E-4
-2.9153324E-4
-1.8887242E-4
-3.1998477E-4
-1.812617E-4
-2.8601108E-4
-3.3998428E-4
-4.0127107E-4
-2.80552E-4
-3.3863823E-4
-1.3453931E-4
-2.9716533E-4
-1.49841E-4
-2.3217284E-4
-1.513101E-4
-1.9864361E-4
-1.7392372E-4
-3.3742786E-4
-1.772005E-4
-2.63808E-4
-2.2391268E-4
-2.1347054E-4
-1.4660561E-4
-1.1747047E-4
-7.4786345E-5
-7.2687566E-5
-5.9832677E-5
-1.2467524E-4
-3.451953E-5
-2.5956266E-5
3.9293314E-5
-2.6403484E-5
-1.3818813E-4
-9.340284E-5
2.3003733E-5
6.511113E-5
3.8446327E-5
2.963772E-5
-2.225411E-5
3.724768E-5
8.9800444E-5
1.20672186E-4
1.7794175E-4
1.1468524E-4
1.0001888E-4
7.360997E-5
3.4024357E-4
1.2531268E-4
1.8902904E-4
2.2422604E-5
2.578482E-4
1.721297E-4
3.712066E-4
2.3169185E-4
3.6431872E-4
2.478972E-4
3.7310424E-4
2.8496227E-4
3.6665818E-4
2.6801787E-4
3.5026413E-4
2.3791366E-4
2.7428943E-4
2.5580675E-4
3.5011233E-4
2.837759E-4
2.899965E-4
3.090515E-4
3.3371974E-4
3.03776E-4
3.3864315E-4
4.176927E-4
2.7439528E-4
2.7354364E-4
3.549577E-4
3.118776E-4
3.314288E-4
3.3911524E-4
3.8968603E-4
2.7604966E-4
3.0170527E-4
3.2155757E-4
2.926811E-4
2.2167304E-4
3.3168995E-4
3.196892E-4
3.600587E-4
2.9271768E-4
1.5195199E-4
1.7812518E-4
4.1093328E-4
1.8609995E-4
2.3591658E-4
1.8604116E-4
3.3118372E-4
3.1706342E-4
3.4218913E-4
2.2902848E-4
2.2411213E-4
2.3790413E-4
2.5387207E-4
2.0485467E-4
2.6619036E-4
2.5357588E-4
2.3856288E-4
2.3094795E-4
4.1702643E-4
2.0355695E-4
3.002087E-4
2.6937202E-4
1.9734656E-4
2.632802E-4
2.4473554E-4
2.4728582E-4
1.3934409E-4
2.0396807E-4
2.0929186E-4
2.161674E-4
1.1118627E-4
7.762447E-5
1.4020901E-4
1.1082728E-4
1.0545063E-4
3.698156E-5
1.522473E-4
2.6970796E-5
-2.3917008E-5
7.456859E-5
4.1212796E-5
4.988449E-5
2.0542277E-5
-1.0884825E-4
8.0528334E-5
-4.8176025E-5
1.0031511E-4
-3.4711E-5
1.13092945E-4
5.9329843E-5
1.01876096E-4
-2.0068098E-6
1.3313419E-4
3.36727E-5
-2.0570991E-5
-7.51257E-5
8.772295E-5
-5.5135028E-5
-1.04371036E-4
-1.7060211E-4
-7.879463E-5
-1.4722685E-4
-1.45832E-4
-2.3743421E-4
-3.0138154E-4
-2.9769697E-4
-2.9630962E-4
-3.2261517E-4
-3.14541E-4
-3.1172557E-4
-3.19301E-4
-4.3505186E-4
-4.551318E-4
-5.4267707E-4
-4.1832827E-4
-4.5046405E-4
-5.1159225E-4
-4.7536372E-4
-5.557647E-4
-6.5470726E-4
-5.492011E-4
-6.275075E-4
-5.0208304E-4
-5.616464E-4
-5.5302423E-4
-6.0988666E-4
-5.1521184E-4
-6.0645904E-4
-5.968119E-4
-6.2833517E-4
-6.1223994E-4
-5.6204165E-4
-4.3145605E-4
-5.488082E-4
-5.035403E-4
-5.341415E-4
-4.8874493E-4
-5.4188777E-4
-4.937423E-4
-5.135065E-4
-5.0313474E-4
-5.3008425E-4
-4.955932E-4
-5.102049E-4
-4.2850553E-4
-3.5997134E-4
-4.258396E-4
-3.822411E-4
-4.2192938E-4
-3.6942598E-4
-2.9408408E-4
-3.2327423E-4
-3.0848413E-4
-2.0810105E-4
-2.2068401E-4
-2.569667E-4
-2.0518669E-4
-2.0070767E-4
-1.8105232E-4
-6.983716E-5
-2.0980666E-4
-2.2347584E-4
-8.549844E-5
-1.233788E-4
-2.1507138E-4
-1.8789254E-4
-8.119781E-5
-1.6236454E-4
-8.941348E-5
-8.64655E-5
5.403334E-7
-8.0107515E-5
4.8788203E-5
1.462398E-5
6.810395E-5
-6.7267814E-5
6.852233E-5
-7.9103746E-5
1.6401685E-4
-7.924694E-6
1.2725187E-4
8.365239E-5
-5.3783565E-6
-2.576534E-5
-1.7031021E-5
-5.0343506E-6
3.072015E-5
1.0057781E-6
8.567946E-5
-2.9919604E-5
-4.739748E-5
3.7224156E-5
-3.4137515E-6
-5.706136E-5
-6.363967E-5
-3.9284885E-5
-1.4335345E-4
-8.7709064E-5
-3.355129E-5
1.1086935E-5
-1.1946946E-4
-7.050384E-5
-7.2340685E-5
-2.2850214E-5
-1.5297848E-4
-9.630553E-6
-7.773901E-5
7.926211E-6
-5.223583E-5
-1.3675948E-4
1.2607833E-4
-1.5802692E-5
1.1153718E-4
5.1868767E-5
2.16972E-4
4.1370386E-6
1.03511404E-4
1.3575402E-4
1.4407985E-4
1.04632396E-4
2.1950192E-4
1.4535585E-4
3.079656E-4
2.1834446E-4
3.453355E-4
2.6929053E-4
3.3113387E-4
3.0741887E-4
3.2674795E-4
2.5462447E-4
2.970065E-4
3.1516483E-4
3.115994E-4
3.860758E-4
4.2561707E-4
3.666183E-4
2.9682546E-4
2.4521266E-4
2.922408E-4
3.055859E-4
3.262396E-4
2.5087988E-4
1.8909505E-4
2.6971367E-4
2.6678055E-4
3.1009494E-4
2.9736094E-4
2.9236145E-4
2.732607E-4
2.4775328E-4
3.1352116E-4
2.891362E-4
3.931711E-4
3.500453E-4
3.037647E-4
2.593889E-4
3.5265775E-4
2.2391797E-4
3.2445908E-4
1.9072664E-4
3.5427642E-4
1.5216315E-4
2.9126517E-4
1.5813118E-4
3.072891E-4
8.012308E-5
2.526686E-4
3.066199E-4
2.6265898E-4
1.8116014E-4
1.6320862E-4
2.0126188E-4
2.0844683E-4
1.9493887E-4
1.9651106E-4
6.536534E-5
1.6978645E-4
2.0313993E-4
1.3167402E-4
3.7409816E-5
7.228353E-5
1.8357512E-4
4.1467993E-5
7.079832E-5
5.9263028E-5
1.511203E-4
1.18360025E-4
8.461891E-5
9.04224E-5
-6.048109E-5
4.407754E-5
-6.289162E-5
9.2663046E-5
3.2375498E-5
-5.600742E-5
-2.201272E-5
1.3774837E-7
-2.2280544E-4
-1.3534843E-4
-2.0437037E-4
-7.560451E-6
-9.465944E-5
-2.1580034E-5
-2.2929707E-4
-1.5880828E-4
-2.9565208E-4
-9.2786366E-5
-2.7347577E-4
-1.0774589E-4
-1.9484462E-4
-1.4535598E-4
-2.514836E-4
-1.7977132E-4
-2.308177E-4
-2.0794194E-4
-2.0961427E-4
-1.5980359E-4
-2.37965E-4
-3.021427E-4
-2.721403E-4
-2.7345E-4
-2.0644817E-4
-3.1655884E-4
-3.0771765E-4
-3.3736348E-4
-3.286514E-4
-3.3278076E-4
-2.52116E-4
-4.2696748E-4
-4.309848E-4
-4.165659E-4
-2.9608153E-4
-3.9342194E-4
-3.2892008E-4
-3.090787E-4
-3.2679585E-4
-2.481454E-4
-3.8404384E-4
-3.4484747E-4
-4.7134527E-4
-2.8283446E-4
-4.033675E-4
-3.1543904E-4
-4.0611514E-4
-3.194138E-4
-4.2030975E-4
-3.319914E-4
-3.6895735E-4
-2.3832386E-4
-3.346769E-4
-1.6725168E-4
-3.379388E-4
-1.8342871E-4
-1.9959852E-4
-2.1829331E-4
-2.399584E-4
-2.518717E-4
-1.471556E-4
-8.413371E-5
-1.4239481E-4
-8.481676E-5
-1.1636037E-4
-1.0806024E-4
-1.4641281E-4
-1.026687E-4
-4.930392E-6
-4.3392218E-5
3.5330402E-5
-6.477672E-5
2.3390867E-5
-4.3462856E-5
1.7154793E-5
-7.854957E-5
-6.5793814E-5
-4.2908534E-5
-3.6077265E-5
-2.3007047E-5
2.3648334E-5
-3.3338114E-5
-5.1164643E-5
-5.4660166E-5
7.1991395E-5
5.819958E-5
3.8430546E-5
1.6751503E-5
8.712709E-6
4.2936616E-5
8.250725E-5
1.75611E-4
1.2750623E-5
1.17091884E-4
1.1966736E-4
1.637397E-4
9.560055E-5
2.781097E-4
1.8504931E-4
1.765639E-4
3.2043867E-4
2.864683E-4
2.5924027E-4
3.506014E-4
3.2143402E-4
2.763829E-4
3.5607928E-4
3.2190583E-4
3.5462322E-4
2.849695E-4
3.5515323E-4
3.5529566E-4
3.132639E-4
2.1732616E-4
3.7714018E-4
2.7674055E-4
2.8757597E-4
2.2312747E-4
2.4198901E-4
1.8518744E-4
2.2541547E-4
1.4278198E-4
1.208127E-4
1.8705998E-4
3.1272066E-4
1.9291029E-4
1.9325163E-4
6.0091526E-5
1.8631E-4
1.9856436E-4
1.810255E-4
1.9159967E-4
1.6411674E-5
1.3067546E-5
7.926266E-5
1.17034724E-4
3.4688568E-5
3.6617315E-5
-2.845989E-6
1.164895E-4
2.53337E-5
3.6697988E-5
4.9493086E-5
-2.0974714E-5
-5.6082023E-5
-6.1237406E-5
-2.9964654E-5
2.8850762E-5
7.193261E-5
-1.2097682E-4
-1.1298727E-5
-3.7059555E-5
8.5608E-6
2.427161E-5
-2.543788E-5
-2.0283906E-5
6.9214766E-5
9.249802E-5
-4.532389E-5
-1.1107749E-4
-7.775117E-6
-1.2874084E-4
1.9596135E-5
2.8117385E-5
-1.50587175E-5
-3.9450897E-5
-4.026351E-5
-1.0548945E-4
-4.559961E-5
-5.9409067E-5
-6.689646E-5
-2.227596E-4
-1.3909496E-4
-1.4992867E-4
-2.2812109E-4
-1.5819997E-4
-1.9579685E-4
-2.1817874E-4
-2.2426528E-4
-2.0251442E-4
-2.3111328E-4
-1.17255295E-4
-2.4992792E-4
-2.7401934E-4
-3.2101307E-4
-2.772774E-4
-2.5620175E-4
-3.560781E-4
-3.0672716E-4
-2.8819294E-4
-2.1097015E-4
-2.6739226E-4
-3.115434E-4
-2.5242983E-4
-2.4476182E-4
-1.6718225E-4
-1.9194433E-4
-2.7154663E-4
-2.4750456E-4
-2.7583918E-4
-2.2789258E-4
-3.016545E-4
-2.5653877E-4
-2.6701955E-4
-2.0857736E-4
-4.3900195E-4
-3.0360563E-4
-2.3840347E-4
-1.554074E-4
-1.6683646E-4
-1.4607052E-4
-2.1992103E-4
-1.9865643E-4
-1.5625876E-4
-2.0760542E-4
-1.3385531E-4
-1.6980142E-4
-2.0454882E-4
-1.635026E-4
-5.0336574E-5
-8.3565865E-5
-2.198657E-5
-9.3357514E-5
5.251952E-5
4.000805E-7
8.962931E-5
6.928566E-5
2.5531222E-5
3.4584347E-5
2.2531818E-5
5.9565955E-5
2.967783E-5
-1.7352517E-5
1.0298086E-4
1.0328526E-4
8.029006E-5
1.9574954E-4
1.9196457E-4
1.9633265E-4
4.844857E-5
1.9099608E-4
9.5650714E-5
7.4473224E-5
2.0990612E-5
2.059503E-4
8.120991E-5
1.8199907E-4
1.0446895E-4
1.5255698E-4
7.0250695E-5
1.7903566E-4
1.3178118E-4
7.400603E-5
1.8645595E-5
1.0809893E-4
1.0713945E-4
9.151711E-5
6.558486E-5
1.0749658E-4
4.6129786E-5
1.0314808E-4
6.0995302E-5
1.1236453E-4
9.349379E-5
5.2232794E-5
9.52227E-6
-7.4199415E-5
9.329414E-5
2.819023E-5
-1.0607816E-5
-1.0712283E-5
-1.2620873E-4
-4.5221303E-5
-7.775676E-5
-8.3168474E-5
-5.1904528E-5
5.3098334E-5
-5.003899E-5
3.0396182E-5
-7.8047684E-5
1.09982946E-4
-4.975921E-5
5.5895656E-5
-7.607645E-5
7.37229E-5
4.3747506E-5
2.4515484E-5
-2.5791025E-5
4.394687E-5
-4.944023E-5
1.1390888E-4
-1.8960121E-5
2.0807325E-4
1.5877523E-4
1.6084049E-4
1.507042E-4
1.18152326E-4
1.0056626E-4
2.1257414E-4
6.610492E-5
1.8965999E-4
-2.2675138E-6
1.7157818E-4
1.03816936E-4
1.5697432E-4
2.0854507E-4
2.1098444E-4
2.4665613E-4
2.3175857E-4
1.3284988E-4
6.639797E-5
1.7142869E-4
2.9335887E-4
3.239377E-4
2.3635024E-4
2.4974512E-4
2.529227E-4
1.8862943E-4
2.3669908E-4
2.8662826E-4
3.292544E-4
1.2204174E-4
2.771522E-4
2.0004083E-4
3.2491895E-4
1.9715526E-4
3.2579116E-4
2.3254324E-4
3.0344803E-4
3.0223193E-4
3.261654E-4
1.9505776E-4
3.070959E-4
2.2943453E-4
2.7710773E-4
1.335136E-4
2.6297788E-4
1.9454624E-4
2.8660425E-4
2.557687E-4
1.9556114E-4
2.4643957E-4
1.9787134E-4
2.4733893E-4
1.4670039E-4
1.0793054E-4
7.688046E-5
1.863392E-4
1.1928618E-4
1.264484E-4
4.3730983E-5
7.100673E-5
1.7409015E-5
1.3884285E-4
-5.260128E-5
1.2129429E-4
-3.6305017E-5
-1.5884281E-5
-6.4671567E-6
1.32052E-5
2.0616963E-5
1.5884803E-5
-4.2543328E-5
-9.409981E-5
-9.51115E-5
-2.45756E-5
1.4456586E-5
1.7047665E-5
2.3657625E-5
-4.652748E-5
5.1696377E-5
1.226465E-4
1.0509629E-4
-1.376203E-5
-6.5263674E-7
-7.6516095E-5
4.0982643E-5
-1.642802E-4
-5.501363E-5
-5.3214276E-6
7.332381E-5
-1.0229961E-4
-5.9902475E-5
-8.274194E-5
-1.4716774E-4
-7.785404E-5
3.274819E-6
-4.122954E-5
-1.7791463E-4
-6.6211E-5
-1.1247114E-4
-1.01428144E-4
-1.3752724E-4
-1.4677392E-4
-2.4067804E-4
-8.900534E-5
-2.3582639E-4
-8.09217E-5
-1.5126998E-4
-1.7367523E-4
-2.1513918E-4
-9.9406534E-5
-1.9748425E-4
-1.0947393E-5
-1.1406284E-4
-9.215009E-5
-8.425393E-5
-8.010113E-5
-5.490754E-5
-8.176966E-5
-1.4041805E-4
-7.061127E-5
-1.4134327E-5
-1.01976926E-4
-1.6760852E-4
-1.2889961E-4
-6.294042E-5
3.1404525E-5
-6.0321083E-5
-2.9536043E-4
-1.2582539E-4
-1.6425467E-4
-1.951852E-5
-8.280822E-5
-5.508715E-5
-1.5724366E-4
-1.2944633E-4
-2.4167093E-5
3.6468039E-6
-5.437213E-5
-5.2647152E-5
-8.457407E-5
-1.12219626E-4
-2.8341497E-5
-5.56158E-5
-6.52088E-5
-7.741082E-5
1.0735929E-4
-4.650665E-6
-1.674844E-5
-8.1941085E-5
-6.093436E-5
-9.356963E-6
5.2133135E-5
-1.6558502E-5
1.043677E-5
-6.5088134E-5
5.3217605E-5
4.4206304E-6
-3.873102E-5
5.8522826E-5
2.9069295E-5
1.13437534E-4
4.9508413E-5
9.908103E-5
1.5311761E-4
1.6792824E-4
1.02262835E-4
5.0674935E-5
-1.4046878E-5
8.686579E-5
1.1399442E-4
9.273773E-5
2.3048423E-4
1.6418872E-4
1.0043642E-4
1.8092965E-4
1.00974554E-4
7.922858E-5
7.731013E-5
1.3000665E-4
1.09843255E-4
2.3554942E-4
1.4254024E-4
1.7931321E-4
1.4357059E-4
1.3838976E-4
1.3158114E-4
1.8860307E-4
1.32615E-4
1.4015459E-4
1.5487336E-4
9.15493E-5
1.5757968E-4
1.06635314E-4
7.383102E-5
3.61145E-5
1.2373512E-4
9.790159E-5
4.280384E-5
5.914178E-5
9.107043E-5
1.1308766E-4
7.592812E-5
1.2999891E-4
-9.025319E-6
1.1139463E-4
-2.9960247E-6
7.430034E-5
2.9230696E-5
1.4797867E-4
6.985158E-5
1.1968778E-4
2.071622E-5
7.524609E-5
7.349337E-6
1.1362198E-4
1.1854496E-6
1.448586E-4
-1.8893546E-6
1.340558E-4
5.753052E-5
2.0196184E-4
9.222955E-5
1.5279661E-4
1.2681454E-4
1.578805E-4
1.3107256E-4
2.3437609E-4
1.3161749E-4
2.5022242E-4
1.7925067E-4
2.5032344E-4
1.3479804E-4
1.8870791E-4
8.8990266E-5
2.0684271E-4
1.12306494E-4
1.7861895E-4
1.2595973E-4
2.0230621E-4
7.127685E-5
4.731246E-5
5.534426E-5
1.2025731E-4
6.1401515E-5
1.2944134E-4
1.0849561E-4
7.2179864E-5
7.645363E-5
6.83786E-5
-8.36686E-5
1.2790075E-5
1.6700878E-5
1.917352E-4
2.0045767E-5
-1.6446788E-6
-1.0547173E-4
-4.39346E-5
-9.711788E-5
-2.8650758E-5
-1.6219182E-4
-8.536309E-5
-1.5814591E-4
-5.0653365E-5
-2.1385051E-4
-9.5096526E-5
-2.9579955E-4
-5.0666993E-5
-9.72709E-5
-1.3478422E-4
-1.6021129E-4
-4.4250453E-5
-1.1444027E-4
-9.119134E-5
-1.2505073E-4
-2.0380439E-4
-1.9142238E-4
-1.8865002E-4
-1.1448776E-4
-2.8743356E-5
-2.0491137E-4
-1.4142795E-4
-1.9287734E-4
-1.3368014E-4
-1.00648256E-4
-2.345574E-4
-2.4365552E-4
-2.5819486E-4
-2.0724162E-4
-1.9693453E-4
-2.7410788E-4
-1.9469678E-4
-2.4336475E-4
-9.968878E-5
-1.2811687E-4
-7.6452394E-5
-2.7994288E-4
-1.7953456E-4
-2.274734E-4
-1.548785E-5
-2.0937495E-4
-8.2290884E-5
-2.2546394E-4
-1.1525236E-5
-9.800247E-5
-8.033878E-5
-1.3494748E-4
-1.05779305E-4
-1.2415432E-4
-1.1510612E-4
-1.8304547E-4
9.49153E-6
-1.283393E-4
-5.8735106E-5
-1.18764205E-4
-6.317475E-5
-4.5007975E-5
4.3713757E-5
1.0063597E-5
6.323802E-5
-8.748671E-5
-1.629429E-5
-2.2097363E-5
-8.600512E-5
-7.091078E-5
4.634834E-5
-4.4521275E-5
-1.3083929E-5
-6.733036E-5
9.869276E-6
1.9254348E-6
1.1979212E-5
-3.484885E-5
-1.2974365E-6
-4.0580606E-5
2.9303103E-5
-5.9919043E-5
6.157716E-5
-1.2775869E-4
-5.8548423E-5
-1.21884346E-4
6.521628E-5
3.142714E-7
6.1039577E-6
-1.4944263E-4
2.1767248E-5
-9.946254E-5
4.6243396E-5
-3.3570286E-5
-8.783054E-6
-1.251404E-4
-3.804521E-7
-1.0008847E-4
-3.5733217E-5
-8.583959E-5
-2.4557334E-5
-5.9083628E-5
-3.2917793E-5
-4.4351178E-5
-6.806707E-5
-8.579558E-5
-4.2053944E-5
-3.2758708E-5
-1.4827134E-5
4.3508087E-5
-2.4502613E-5
-5.8836555E-5
-2.7515858E-5
-1.0172762E-4
-4.7330774E-5
-1.0957605E-5
-4.5686786E-5
-1.2620197E-4
-7.797531E-5
-1.0548915E-4
-9.924849E-5
-6.083319E-5
-1.3557219E-4
-2.105286E-5
-6.0994276E-5
-2.9760975E-4
-1.7386081E-4
-2.0377172E-4
-7.516331E-5
-1.1443261E-4
-3.935814E-5
-1.9771917E-4
-2.2835519E-4
-2.0167125E-4
-7.8573576E-5
-1.2582296E-4
-1.4540956E-4
-1.15939314E-4
-8.38618E-5
1.946517E-5
-4.8121943E-5
-1.1715108E-4
4.7413414E-5
-8.753678E-5
-1.9691543E-5
-8.358067E-5
3.997482E-5
4.597413E-5
8.668357E-6
-4.8187318E-5
2.8933913E-5
-2.7301456E-5
1.0903137E-5
1.18102296E-4
7.020418E-5
7.4170195E-5
5.9973172E-5
1.3629989E-4
1.4241228E-5
1.527225E-4
7.917456E-5
1.4156401E-4
8.677047E-5
7.740797E-5
1.298767E-4
3.5678186E-5
7.665114E-5
5.6756347E-5
1.4483446E-4
1.434402E-4
2.3980175E-4
9.888711E-5
9.90216E-5
7.3125884E-5
2.0372112E-4
1.0373258E-4
2.4793926E-4
1.0337966E-4
1.4843179E-4
6.761153E-5
1.6040547E-4
7.199452E-5
7.116381E-5
2.2369857E-5
1.1003994E-4
1.5717192E-4
1.3461676E-4
1.0384359E-4
1.0791902E-4
1.2421333E-4
1.5639329E-4
8.3843675E-5
2.5952426E-5
8.886226E-5
8.625384E-5
-6.8583526E-5
6.456431E-5
1.229106E-4
5.602498E-5
9.457364E-6
4.6292185E-5
9.15165E-5
1.1711696E-4
8.4595384E-5
-2.1293494E-5
-2.6157462E-5
-8.379562E-5
-6.4971035E-5
-3.998076E-5
-4.6361693E-5
-7.866701E-5
-1.1601668E-4
-5.4386626E-5
-7.667785E-5
-2.1389502E-5
-1.2307553E-4
-3.7158912E-5
-1.9329696E-4
-9.508105E-5
-1.2102978E-4
-1.5456062E-4
-7.518716E-5
-1.627117E-4
-1.6722405E-4
-1.7456886E-4
-1.396694E-4
-1.0951491E-4
-2.0652656E-4
-1.3193075E-4
-1.984501E-4
-2.1210655E-4
-1.7592897E-4
-1.8632437E-4
-2.170892E-4
-2.0818331E-4
-1.3612027E-4
-2.0412808E-4
-2.472608E-4
-2.0764506E-4
-1.6700191E-4
-1.3541775E-4
-8.347536E-5
-1.8066438E-4
-2.3822447E-4
-3.0679686E-4
-1.2369493E-4
-2.2561656E-4
-8.175501E-5
-1.6907218E-4
-2.0557277E-4
-1.8193123E-4
-1.7535983E-4
-1.7742382E-4
-7.972448E-5
-9.662218E-5
-1.1681725E-4
-1.6521725E-4
-1.6322723E-4
-7.0160684E-5
4.0784653E-5
-3.2101474E-5
-1.2990426E-4
3.013494E-5
-2.8033757E-5
2.3091521E-5
9.670475E-6
3.1780135E-5
4.712321E-5
5.835465E-5
-6.290777E-5
5.024448E-5
-2.8680062E-5
1.0396301E-4
9.245001E-5
8.2268765E-5
1.1275614E-4
8.15105E-5
7.715404E-5
1.3187293E-4
4.50321E-5
1.0817038E-4
1.0130427E-4
1.3848009E-4
9.33325E-5
6.79293E-5
2.0748586E-4
9.468256E-5
1.1252193E-4
1.8562826E-4
1.57427E-4
1.100735E-4
1.6354221E-4
1.2552393E-4
1.3960741E-4
1.9310102E-4
1.6376212E-4
1.2941378E-4
2.2529508E-4
1.7031531E-4
7.82495E-5
2.4700625E-4
1.3436424E-4
2.4443064E-4
1.4709504E-4
1.9830107E-4
9.644342E-5
1.2754428E-4
1.710619E-4
2.0888659E-4
1.2995594E-4
1.3386566E-4
4.499613E-5
1.756057E-4
8.090781E-5
1.6609799E-4
2.0088861E-4
2.3226366E-4
1.4829726E-4
2.5048447E-4
8.253397E-5
3.0680992E-5
1.3186749E-4
1.4529846E-4
1.463161E-4
1.5298415E-4
1.3522254E-4
6.807039E-5
1.85523E-4
3.3376913E-5
8.372058E-6
7.049793E-5
5.5490094E-5
4.0158106E-5
7.201254E-5
7.576366E-5
1.0259753E-4
-1.4903377E-5
6.572618E-6
3.615267E-5
5.6769353E-5
7.1635215E-5
-2.6126763E-6
1.04690975E-4
-1.1527733E-4
-3.821045E-5
-1.4589813E-4
-1.7096859E-6
-3.698451E-5
-9.3646795E-6
-1.9436677E-4
-1.19585005E-4
-1.2217132E-4
-5.7304293E-5
-1.17041905E-4
-1.09061795E-4
-1.4605759E-4
-5.187525E-5
-1.0541909E-4
-1.2707457E-4
-4.5649635E-5
-7.944259E-5
-2.2336216E-4
-1.3623823E-4
-2.0639581E-4
-1.13275164E-4
-1.03305465E-4
-9.446093E-5
-2.0323317E-4
-1.5360238E-4
-1.13258044E-4
-1.6882272E-4
-1.2530407E-4
-1.4419756E-4
-1.5447871E-4
-1.646053E-4
-1.87573E-4
-1.0268415E-4
-1.6046393E-4
-8.9089765E-5
-1.9024634E-4
-1.0601521E-4
-2.0979172E-4
-2.1868097E-4
-1.2080943E-4
-9.7493525E-5
-1.1607184E-4
3.494875E-5
-8.972368E-5
-5.1771745E-5
-1.4871117E-4
3.7652946E-5
7.074143E-5
4.654179E-5
-4.425393E-5
5.120723E-5
-7.306376E-5
1.4278048E-5
-5.264681E-5
8.026292E-5
-3.0653708E-5
-6.650995E-5
8.3931245E-6
-3.9631996E-5
6.983275E-5
-1.5809499E-6
3.7334376E-5
1.997661E-6
-4.4841297E-5
1.15743926E-4
-4.8000193E-6
3.1793326E-5
-2.3974477E-5
-3.880382E-5
-5.918326E-5
1.4473608E-5
3.5898327E-5
2.8552413E-5
1.979365E-5
7.129291E-5
2.3877408E-5
-1.4504495E-5
5.6101682E-5
1.13248665E-4
3.0689655E-5
4.5017492E-5
3.945495E-5
2.574508E-5
3.643976E-5
1.6899606E-4
6.0328413E-5
1.3912271E-4
-1.3890031E-5
1.4531595E-4
1.4438914E-4
1.17726864E-4
6.675369E-5
1.07382424E-4
1.1425305E-4
3.6927657E-5
6.242959E-5
1.7464768E-4
-3.4473487E-6
3.058496E-5
-6.492852E-5
7.330758E-5
3.1338823E-5
1.0772572E-4
-5.0359986E-6
-6.0503295E-5
8.581313E-6
2.8541426E-5
-4.800984E-5
-3.743119E-5
8.2399365E-6
-6.9039197E-6
-2.4005116E-5
-1.1322972E-7
-7.076685E-5
-5.376488E-5
-1.9734132E-5
-1.6183112E-4
-1.0707234E-5
-1.168495E-4
6.6533717E-6
-7.652743E-5
-9.975693E-6
-2.4925408E-5
-1.1242077E-5
-7.124093E-5
-1.5571763E-5
-1.1539682E-4
-1.3124985E-4
-8.1415514E-5
-3.253356E-5
-1.15199626E-4
-3.404184E-5
-7.071835E-5
-5.2616084E-5
3.1404383E-5
-9.128711E-5
4.6688267E-5
4.9526472E-5
1.1749786E-4
8.783614E-5
6.5499284E-5
4.153897E-5
9.755657E-5
1.3353412E-4
9.222076E-5
8.695152E-5
1.406779E-4
1.4099853E-4
2.0113055E-4
1.7961023E-4
1.6199503E-4
1.5632823E-4
1.8467744E-4
1.96526E-4
2.4241817E-4
2.2370725E-4
2.5960285E-4
1.779246E-4
1.548852E-4
2.7113993E-4
1.7420201E-4
2.4471077E-4
2.1896414E-4
3.3076268E-4
1.6840363E-4
1.7255124E-4
9.619713E-5
2.1694941E-4
9.586569E-5
1.4466382E-4
6.986379E-5
1.0416527E-4
1.5007544E-4
1.1120058E-5
1.2271236E-4
4.00727E-5
1.07459535E-4
-3.0219731E-5
1.5477829E-4
1.308495E-5
1.9059698E-4
7.923353E-5
1.7860731E-4
8.814264E-6
9.192144E-5
1.1365971E-4
7.0088216E-5
-6.4019056E-5
8.2759E-5
2.4792957E-5
1.3369862E-4
1.3489003E-4
1.0864614E-4
1.3830331E-4
1.2593236E-4
5.9190235E-5
8.3398234E-5
1.0167043E-4
5.654261E-5
3.6861595E-5
6.547459E-5
2.2948081E-5
1.4416355E-4
3.787882E-5
-4.2820222E-5
-6.1857834E-5
-5.4070922E-5
8.231552E-5
7.940554E-5
6.608491E-6
3.5492358E-5
-1.03973114E-4
-1.7598384E-5
-2.7602031E-5
9.734534E-7
-1.3458115E-4
2.1137439E-5
-4.039228E-5
-7.430114E-6
-1.7403183E-5
4.31892E-5
2.9269075E-5
-1.4749096E-5
-1.3608074E-4
5.641816E-5
-7.06024E-5
-1.5552538E-5
-1.2755921E-4
9.2098395E-5
-1.463019E-5
1.7630615E-5
-3.8483642E-5
-1.3921084E-4
-8.117225E-5
-1.0828799E-5
-8.888047E-6
-4.6387202E-5
-1.7783619E-4
-1.4531636E-4
-2.01148E-4
-1.3491034E-4
-1.6304001E-4
-9.0464804E-5
-3.5704874E-5
4.6607835E-5
-7.757426E-5
-1.3518035E-4
-1.5987668E-4
-1.2823495E-4
-1.9711236E-4
-1.2714924E-4
-1.4341231E-4
-1.05528496E-4
-2.1330721E-4
-9.848534E-5
-2.3205532E-4
-8.951529E-5
-1.2206715E-4
-2.6685928E-5
-2.078117E-4
-1.8863825E-4
-2.4942344E-4
-5.8757603E-5
-1.4415773E-4
-1.088444E-4
-2.1034433E-4
-6.255024E-5
-1.0249826E-4
-5.0881656E-5
-3.1414333E-5
-6.6758854E-5
-1.3530879E-4
-4.8994316E-5
-1.135151E-4
-1.6138973E-4
-1.0765929E-4
-7.723614E-5
-1.8464377E-4
-3.445717E-5
-5.1204668E-5
-1.0185757E-4
-1.2229024E-4
-8.443394E-6
-9.072423E-5
-3.2807315E-5
-1.0045303E-4
-1.2293844E-4
-1.7580301E-4
-1.812851E-5
-5.7238172E-5
-1.8602391E-4
-1.128807E-4
-7.6292374E-5
-1.21151E-4
7.179448E-6
-4.5096174E-5
-3.7610054E-5
-1.2331187E-4
-7.263983E-5
-7.287628E-5
-3.7872942E-5
-4.5696528E-5
3.8939026E-5
-3.9972765E-5
-5.065723E-5
-1.0412144E-4
6.486707E-5
-1.544355E-5
4.4244214E-5
-1.08117354E-4
3.714157E-5
-1.7456473E-4
8.651415E-5
-4.9194492E-5
8.2013044E-5
-8.352505E-5
5.7729234E-5
-9.83428E-6
8.6595086E-5
-1.5354417E-4
-3.9031933E-5
-8.079724E-5
9.796716E-5
6.506514E-5
7.928817E-5
-1.3304905E-5
1.0018786E-4
-1.9183215E-5
1.0257988E-5
1.4175229E-4
1.3016305E-4
1.02606886E-4
1.379017E-4
2.630443E-5
1.8260351E-4
8.625778E-5
1.7771752E-4
1.349865E-4
1.8274889E-4
1.7133674E-4
3.4392634E-4
2.1222532E-4
2.7357656E-4
2.5416858E-4
3.295245E-4
1.228241E-4
3.1812076E-4
3.0180629E-4
3.1519475E-4
2.3820034E-4
3.5496574E-4
2.4509072E-4
3.7793184E-4
1.9016334E-4
2.8391366E-4
1.1600679E-4
2.7622326E-4
2.1010653E-4
2.4565498E-4
1.4155959E-4
2.664415E-4
6.0859744E-5
3.5767574E-4
1.6014416E-4
2.0621966E-4
1.5329584E-4
1.7855462E-4
1.7429751E-4
2.0089943E-4
1.3917299E-4
2.5947584E-4
1.2217979E-4
1.6534491E-4
4.7062826E-5
7.067176E-5
7.063541E-5
1.2386739E-4
3.4778503E-5
3.3286615E-5
3.2478054E-6
5.033923E-5
5.830957E-5
8.962053E-5
8.146322E-5
-8.063454E-5
-1.2483487E-5
6.3931393E-6
1.8113296E-5
1.0153837E-5
-2.0990608E-5
-2.2883685E-5
-6.73286E-5
-5.420187E-5
-1.0826364E-4
-6.763003E-5
-1.4391693E-4
-1.4475771E-4
-1.926813E-4
-1.11306654E-4
-1.9956622E-4
-1.8770638E-4
-1.21389574E-4
-1.9005878E-4
-2.4028296E-4
-1.783538E-4
-3.364541E-4
-1.5064953E-4
-1.8802498E-4
-2.2481405E-4
-2.6797014E-4
-8.846506E-5
-1.1462606E-4
-1.956709E-4
-2.0001775E-4
-6.298266E-5
-1.873547E-4
-1.4253346E-4
-4.6835496E-5
-1.398543E-4
-9.8333636E-5
-1.5228357E-4
-1.1304825E-4
-8.147073E-6
1.4886622E-5
-7.3561794E-5
2.5515308E-7
2.162139E-5
2.7016617E-5
-4.346764E-5
-5.472624E-5
-4.328084E-5
-7.868694E-6
-8.59437E-5
-1.17734206E-4
-3.2312426E-5
-3.84825E-5
8.1703576E-5
-1.7957832E-4
-7.514565E-5
-1.9741032E-4
-4.1026782E-4
1.8059969E-5
7.666064E-5
-1.0305101E-4
1.603793E-5
-1.5809908E-5
-2.3821862E-5
6.823455E-6
-2.0858817E-5
-1.8377918E-4
-1.3251545E-5
-6.2198276E-5
-2.0796691E-5
-1.3932136E-4
9.0120324E-5
-1.6297863E-4
9.4659445E-5
-2.6214807E-4
3.622141E-4
-4.317971E-4
4.7077355E-4
-2.0435013E-4
1.8079641E-5
4.3703115E-4
-0.0014894479
9.4968756E-4
4.384399E-4
-3.1280713E-4
-2.7971168E-4
2.1718758E-4
-9.312886E-5
9.7691314E-5
3.5987774E-5
-4.6971604E-6
1.0271094E-7
-5.631809E-5
-1.7365726E-5
-1.2147795E-4
-2.7484877E-5
-1.5496746E-5
-2.0829876E-4
-2.098607E-4
-1.2217654E-4
-1.948022E-4
-7.446658E-5
-9.4170064E-5
-5.6248144E-5
-5.2815016E-5
-7.646287E-5
-2.0386933E-4
-1.86574E-4
-1.4551703E-4
-6.0263363E-5
-9.227269E-5
-4.699088E-5
3.661278E-5
-1.1737152E-4
-6.4671265E-5
-1.3228395E-4
-1.3759045E-4
-6.0071197E-5
5.8307516E-5
-6.358346E-5
-2.495216E-5
-5.6965564E-5
-2.7013333E-5
-7.6205244E-5
-2.0898671E-5
-5.8458398E-5
1.8002909E-4
-7.223744E-5
-1.4902996E-5
-1.0534193E-4
-3.04766E-5
-1.8068106E-4
-8.4323154E-5
-1.589472E-4
8.601483E-5
-5.146092E-5
3.4423007E-5
-6.285498E-5
-6.162104E-5
-1.4762183E-4
3.5682162E-5
-1.0569167E-4
8.7011205E-5
-5.4108663E-5
1.8745941E-6
-3.7509468E-5
1.2390023E-4
-8.704338E-5
1.5079122E-5
-1.558252E-4
1.877387E-4
-1.6127566E-5
2.501744E-4
-1.318324E-4
3.4760186E-4
-4.8096215E-5
2.3041421E-4
-1.2563259E-4
4.4821372E-4
2.1696147E-5
6.524618E-4
6.0402854E-5
6.3415186E-4
1.3387102E-5
7.556659E-4
-2.3263566E-4
7.660029E-4
-3.3692646E-4
8.8500127E-4
-4.6484778E-4
0.001052398
-7.604013E-4
0.0012232446
-0.0012920005
0.0016305016
-0.0020882126
0.0021514997
-0.0031308741
0.0032969988
-0.004417695
0.004917873
-0.006326733
0.0069340263
-0.008800806
0.009292115
-0.011469899
0.01258801
-0.014056692
0.015772333
-0.016894298
0.0183116
-0.019562228
0.02002426
-0.0208918
0.020569045
-0.020305183
0.020236144
-0.01530109
-0.003248694
0.054978423
-0.12561926
0.23032622
-0.26206625
0.3390142
-0.32743508
-0.460356
0.85440695
0.55322915
-0.5591262
-1.0
-0.5521288
-0.15815811
0.40158254
0.59341246
0.67299217
0.391815
0.09440109
-0.1313648
-0.08745183
0.059996802
0.26344788
0.25102994
0.13935007
0.07067773
-0.060839836
-0.13912201
-0.12687267
-0.11381604
-0.10629408
-0.13568117
-0.13545007
-0.15900287
-0.1507377
-0.14365606
-0.1693818
-0.16738647
-0.1235589
-0.12711425
-0.19631474
-0.117563225
-0.09433118
-0.0546657
-0.105588704
-0.029002363
-0.07317574
0.08785378
-0.030988263
0.04700903
0.026191343
-0.009724616
0.24786064
-0.4385782
-0.02593308
0.62012756
0.10912688
-0.3944847
-0.30819046
-0.1292532
0.09562383
0.33938578
0.33329618
0.26378462
0.17521079
0.15638895
0.109126545
0.08743304
0.120854236
0.17751709
0.16193332
0.069971
0.019728146
-0.032183126
-0.061665304
-0.039414026
-0.055076312
-0.09261524
-0.080168895
-0.017545015
5.100045E-4
-0.034321498
-0.058239
-0.050287064
-0.08149064
-0.099983536
-0.08963064
-0.07725548
-0.067566626
-0.05104358
-0.021971755
0.025818998
0.02875863
-0.031144042
-0.06278592
-0.048405543
-0.01253832
0.027449917
0.061641607
0.07604167
0.059181612
0.021240812
0.0060804603
0.012224948
0.030621
0.06167051
0.09417148
0.08831851
0.07427626
0.061562486
0.023352932
0.010195164
0.025023418
0.044389673
0.056766026
0.06455407
0.06129285
0.042284407
0.016489558
0.0068108477
0.020141525
0.03441773
0.042524718
0.04906537
0.046815258
0.05538864
0.043996803
0.020866454
0.022477677
0.022638377
0.021192659
0.019830348
0.019065324
0.017614082
0.0131511325
0.017374476
0.015756134
-0.008370791
-0.021895431
-0.019750858
-0.01578279
-0.0076054
-0.0037275094
-0.0064439373
-0.017719086
-0.02051817
-0.029146936
-0.03267178
-0.023648968
-0.016386721
-0.0066838693
-0.005636247
-0.007953811
-0.016985686
-0.025598263
-0.018099437
-0.01087905
-0.008753359
-0.001753566
-0.0037126744
-0.0060717687
-0.009455504
-0.0059389453
-0.004211165
-0.00820258
-0.004940833
-0.0025238958
-0.0060502226
-0.011806827
-0.011995684
-0.008947952
-0.009288588
-0.011746577
-0.01165671
-0.013819044
-0.014127767
-0.015037348
-0.008463622
-0.010374935
-0.013999821
-0.017560156
-0.02128621
-0.024749849
-0.02764526
-0.023843467
-0.021285318
-0.022628611
-0.023632297
-0.024666157
-0.023670116
-0.022942336
-0.025947759
-0.025307393
-0.026773335
-0.028179571
-0.026753012
-0.023763109
-0.020161623
-0.018731013
-0.017923655
-0.018040901
-0.018616585
-0.017303549
-0.0133147985
-0.008446902
-0.0073358444
-0.0070121232
-0.0069314623
-0.006583083
-0.006506828
-0.0059284293
-0.005077719
-0.004230158
-0.0035384397
-0.0030285507
-0.0027064097
-0.0024644441
-0.0022608708
-0.0019617039
-0.0015657819
-0.0011623306
-7.335855E-4
-4.2424208E-4
-2.507632E-4
-1.9121145E-4
-1.18128286E-4
-6.2582665E-5
-2.9205232E-5
-8.295306E-6
-0.0
