* Impulse Response data saved by REW V5.20 Beta 12
* IR is normalised
* IR window has been applied
* IR is not the min phase version
* Source: Microfone (E-MU 0404 | USB), no input selected, Left channel, volume: no control
* Dated: 29/06/2017 16:17:15
* Measurement: jun 29 16:17:15
* Excitation:  128k Log Swept Sine, 1 sweep at -14,0 dBFS  Using a loopback as a timing reference
* Response measured over: 1,8 to 20.000,2 Hz
0.016095725819468498 // Peak value before normalisation
6003 // Peak index
6227 // Response length
2.0833333333333333E-5 // Sample interval (seconds)
-0.125 // Start time (seconds)
* Data start
-0.0
-9.034483E-11
-5.029874E-10
-4.666228E-10
2.8928432E-10
2.1235418E-9
-1.4071807E-9
6.4366183E-9
4.2639003E-9
3.2702002E-10
-9.324122E-9
3.5780472E-9
3.1844047E-9
-9.046529E-9
-1.8328942E-8
1.2974949E-8
-2.2738044E-8
-5.661676E-9
-5.5169224E-8
1.6005522E-8
-3.7539486E-8
3.632758E-8
-2.3807244E-8
5.0864035E-8
-1.7180646E-8
-2.8681157E-8
-1.1078607E-7
-3.6621422E-8
-5.6040022E-8
-5.459509E-8
-2.8868119E-8
2.5174822E-8
1.5714294E-8
-6.7518876E-8
-5.983527E-9
3.158734E-8
9.833692E-8
1.8474236E-7
8.7886306E-8
1.3382846E-7
1.5965474E-9
1.636404E-7
1.5221924E-7
1.7568485E-7
2.3766215E-7
1.4377021E-7
1.4910181E-7
3.8422318E-8
-5.5272178E-8
2.597884E-7
5.265264E-8
1.9751761E-7
2.7821864E-7
1.9744547E-7
4.155326E-7
4.2200259E-7
2.707328E-7
4.7503917E-7
2.2847384E-7
2.020583E-7
4.2193423E-7
3.5520085E-7
2.5953335E-7
6.240044E-7
2.001751E-7
5.7955884E-7
-7.254521E-8
2.596001E-7
2.7497836E-7
9.198229E-7
-8.293684E-8
1.00806695E-7
-1.1565446E-7
-1.5647589E-7
1.5348256E-7
1.666507E-7
7.370514E-8
-4.713403E-7
-2.0645966E-7
-2.9491324E-7
-3.887826E-7
-4.909871E-7
-4.811525E-7
4.2385335E-7
3.1724096E-7
-4.765117E-7
5.2693383E-7
-1.0920669E-7
-4.4500183E-7
-4.2513765E-8
1.2363662E-7
1.3163408E-6
3.343262E-7
1.2691794E-7
-2.7801005E-7
-3.7106588E-7
7.646282E-7
1.0569546E-6
-3.749521E-7
-1.0217324E-7
-3.956196E-7
-6.0408576E-7
-4.4652495E-7
-3.6263333E-7
-7.481265E-7
-2.3766486E-7
-7.0653226E-7
3.039542E-7
-2.0720566E-7
-5.6626016E-7
-7.5594613E-7
-4.211056E-7
-7.757461E-7
-1.3145982E-6
-1.0424645E-6
-1.0077682E-6
-5.170364E-7
-5.1242654E-7
-1.0069003E-6
-1.08592815E-7
-2.6994057E-6
-3.6386737E-8
-1.5462017E-6
-8.664798E-7
-2.2868103E-7
-1.1537091E-6
-1.552951E-6
-1.1028279E-6
-2.639859E-6
-2.1959834E-6
-7.886533E-7
-7.6220647E-7
-4.1374855E-7
-1.5469587E-6
-8.0740875E-7
-2.2750122E-7
-6.5937843E-7
-4.258809E-7
-2.9349799E-6
2.388985E-6
5.7873115E-7
1.3072333E-6
-1.6372297E-8
8.04178E-7
-9.150454E-7
2.1860787E-6
-1.8442562E-7
1.2970934E-6
1.2057985E-6
2.7376825E-6
1.1532388E-6
3.964162E-6
-1.949039E-6
2.121682E-6
2.9568562E-7
2.6470461E-6
2.55594E-7
4.633295E-6
2.3278494E-6
3.6503577E-6
1.4047068E-6
5.325047E-6
4.5200468E-7
2.6820267E-6
-9.4742404E-8
3.5252704E-6
2.4091462E-6
3.1234847E-6
4.6760415E-6
3.2437986E-6
2.2288057E-6
3.1841791E-6
2.7330602E-6
4.225136E-8
-2.8394375E-6
1.5829124E-6
-3.490321E-7
1.5306015E-6
-1.5437371E-6
5.0551824E-7
-3.4404243E-6
2.5564311E-6
-1.582637E-6
1.3528436E-6
-1.0843154E-6
3.061429E-6
-7.699422E-7
3.127891E-6
-7.8926115E-7
4.266407E-6
-1.6811799E-6
3.758844E-6
4.57218E-7
6.053895E-6
7.08737E-7
7.027769E-6
1.176955E-6
4.419194E-6
1.6009016E-6
3.9992406E-6
2.682693E-6
8.621385E-6
-7.1787575E-8
4.0674495E-6
-1.8350889E-6
1.4117597E-6
-2.6330822E-6
2.7311164E-6
-8.5010555E-7
1.8203998E-6
1.5996429E-6
3.4482002E-6
3.6788963E-6
1.61167E-7
-1.6583157E-7
2.614793E-6
1.8176002E-6
1.1730488E-5
7.812044E-6
6.3515668E-6
4.9565383E-6
8.221874E-6
4.7171075E-6
8.877936E-6
3.6760246E-6
4.4831127E-6
5.214404E-6
9.485585E-6
5.9696226E-6
1.5607822E-5
4.7057515E-6
9.280769E-6
3.865125E-6
1.0271358E-5
2.9629878E-6
6.7560213E-6
-6.626294E-7
8.056933E-6
5.222448E-6
7.5655307E-6
5.871218E-6
5.2689434E-6
1.6702061E-6
5.144377E-6
1.1487608E-6
4.9888954E-6
-3.121884E-7
7.5240705E-6
1.0045092E-5
8.6358505E-6
6.135499E-6
9.0272515E-6
7.5246085E-6
6.2093054E-6
-1.3900847E-6
2.9936596E-6
2.9041996E-6
5.292857E-6
3.6101753E-6
6.563708E-7
-1.8629953E-6
2.036097E-6
-8.257908E-6
-2.5127038E-6
-5.409524E-6
-2.3063428E-6
4.0544173E-6
-1.2356707E-6
-1.0752065E-6
6.3192474E-6
6.319895E-6
6.2486156E-6
6.431203E-6
5.732045E-6
2.279743E-6
9.086152E-6
1.1382846E-5
1.8334349E-5
6.611533E-6
1.7511E-5
1.4765928E-5
2.072499E-5
8.819251E-6
1.3135543E-5
-3.3029655E-6
1.0065451E-7
1.4832029E-6
2.8211175E-6
-7.685133E-6
-5.545306E-6
-9.225743E-6
-1.2737972E-5
-7.631115E-6
-1.0216297E-5
-1.3595453E-5
-1.0502748E-5
-8.716196E-6
-1.3447064E-5
-6.245438E-6
-1.3119095E-5
-9.853506E-6
-2.0836708E-6
-8.279815E-6
1.1133138E-6
-5.9277877E-6
4.1832814E-6
9.9347835E-6
9.267099E-6
9.800375E-6
6.3598836E-6
4.938674E-6
6.0287307E-6
-2.1228611E-6
1.2651634E-6
1.4130366E-6
-2.7833214E-6
-6.9722987E-6
-1.9332842E-6
-6.795759E-6
8.5624544E-7
-6.1608644E-6
-1.3182838E-6
-6.6611146E-6
-1.0060158E-5
-1.7475646E-5
-8.2462375E-6
-2.5257623E-6
2.496415E-6
-3.6286365E-6
7.542968E-6
4.018485E-6
1.0779136E-5
7.68319E-7
2.7623607E-6
-1.0860097E-5
6.109497E-6
1.5570936E-6
1.34199845E-5
3.673347E-6
1.9065624E-7
3.8701505E-6
-2.9571718E-6
-1.01435435E-5
-5.3777617E-6
-7.074522E-6
-2.3342316E-6
-3.8419034E-6
-1.0237393E-5
-6.3587445E-6
-9.139934E-6
-8.301184E-6
-6.2639774E-6
-1.1653527E-6
-2.4607086E-6
-1.5790694E-5
7.806788E-6
-3.7231039E-6
5.501826E-6
-4.3316713E-6
1.0985976E-5
5.681072E-6
1.3258149E-6
-1.1150757E-5
3.6091435E-6
-5.1965453E-6
-1.0980107E-5
1.2346129E-7
6.716921E-7
-1.147566E-5
-6.9356033E-6
-1.4794847E-5
-1.40536795E-5
-1.4116331E-5
-8.672258E-7
-2.2830563E-5
-5.8591604E-6
-2.2530512E-5
-9.911957E-6
-1.4029604E-5
-1.3977371E-5
-1.8062272E-5
-5.42515E-6
-3.6285946E-6
1.1738542E-6
-1.3401213E-5
-1.3896629E-5
1.0250437E-5
-3.8950093E-6
4.30231E-6
5.0199096E-6
4.6591886E-6
1.1094235E-5
1.4891182E-5
-1.03252304E-7
-9.005002E-6
-4.4364742E-6
-7.4920654E-6
-8.641682E-7
-7.19545E-6
1.1204239E-5
-8.849719E-6
-1.9411152E-7
-7.2837106E-6
-7.611848E-6
-2.862476E-5
-5.974058E-6
-2.3363827E-5
-1.30035405E-5
-9.2393575E-6
1.1474706E-6
-1.4740762E-5
-2.093529E-6
-5.8746778E-6
-1.48470035E-5
-3.0119288E-6
2.3740342E-5
2.946598E-6
-8.519621E-6
1.2316227E-6
2.0389101E-5
-3.3808055E-6
1.9533238E-6
8.167043E-6
1.4156237E-5
1.8920924E-5
1.5680485E-5
6.446549E-6
1.3667987E-5
1.7039481E-5
2.4408042E-5
1.3691291E-5
1.730578E-5
1.6031809E-5
1.1783386E-5
2.7149167E-6
-4.553035E-6
-2.3063087E-6
9.769104E-6
-1.51983995E-5
-3.5102446E-6
-1.5320347E-5
-1.8789831E-6
-1.5787598E-5
-1.3672886E-5
-1.736968E-5
-3.3618497E-5
-2.8969498E-5
-2.222679E-5
-1.9111878E-5
-6.2073505E-6
-2.9813182E-5
7.061054E-6
-4.964325E-6
5.111739E-6
-2.0302467E-5
2.966595E-5
-1.732907E-5
1.870429E-5
-9.749172E-6
1.6229586E-5
7.5309563E-6
2.9923503E-5
-1.4313781E-6
5.5268792E-6
2.1676451E-5
2.5979914E-6
1.9767945E-6
1.3088962E-5
-1.008465E-5
3.7016223E-6
2.4922954E-6
-3.2504838E-7
-4.0590003E-5
-1.7170913E-5
-2.0839523E-5
-2.4144134E-5
-8.97756E-6
-3.333059E-5
-2.3924233E-5
-2.8395443E-5
-4.5164084E-5
-4.4439284E-6
-2.3836434E-5
-1.0878237E-5
-1.48102345E-5
-8.4875177E-7
-3.5210334E-5
-8.61498E-6
-2.4033026E-5
-1.8317556E-5
-2.0121972E-5
6.972048E-7
-1.4958149E-5
-8.892129E-6
-3.2311524E-5
1.2478246E-5
-1.3815548E-5
6.5690524E-6
-2.1142954E-5
2.3269251E-5
-1.3906468E-5
3.8594104E-7
-5.456392E-6
2.2085005E-5
-1.4241551E-5
-9.232441E-6
-5.5016968E-5
-5.6036333E-6
-1.5937128E-5
3.1154618E-6
-3.7106027E-5
6.503236E-6
-3.0397392E-5
-7.4119757E-6
-3.2725675E-5
5.1676116E-6
-2.343235E-5
4.905399E-6
-3.830786E-5
-2.9291743E-5
-3.4554683E-5
-4.882414E-5
-2.420018E-5
1.1684327E-5
-1.3631018E-5
-1.6704027E-5
-2.6300537E-5
4.0895884E-6
-3.4381467E-6
1.1998936E-5
-3.9568313E-5
-1.0340016E-5
-8.051023E-7
2.1222779E-5
-5.1460538E-5
5.1392894E-6
-4.222493E-6
2.2377137E-5
-6.0424654E-6
2.0553673E-5
-1.6366266E-5
4.3714062E-6
-2.602284E-5
3.5126145E-6
-3.029368E-5
1.8121049E-5
-4.813017E-5
-6.1171954E-6
-2.4086063E-5
7.029382E-6
-3.124486E-5
-6.3401585E-6
-5.5753266E-5
-2.5961717E-6
-4.16819E-5
-1.2587787E-5
-4.583506E-6
1.9942945E-5
-5.5557422E-5
-2.4235329E-5
-4.0911167E-5
-1.0351667E-6
-4.3774926E-5
7.650852E-6
-1.9649797E-5
2.0754323E-5
-2.2422932E-5
-4.519883E-6
-3.7715712E-5
-3.2704422E-6
-6.705612E-6
1.25689685E-5
-1.7515866E-5
3.7906797E-5
-8.555827E-6
1.8101833E-5
-2.0822836E-5
2.283319E-5
-4.817733E-5
-1.4799987E-6
-7.50567E-5
7.040164E-6
-4.3983706E-5
1.9501282E-5
-2.6705233E-5
9.3751E-6
-7.158621E-5
9.02348E-6
-5.0982802E-5
-1.3505838E-6
-8.4233754E-5
1.7754232E-5
-4.1259613E-5
1.5599853E-5
-7.116895E-5
1.0967797E-5
-4.6875106E-5
1.1914017E-6
-6.433042E-5
9.0279445E-6
-7.30355E-5
-3.98909E-6
-4.245409E-5
-9.133702E-6
-6.834049E-5
1.598513E-5
-5.3116142E-5
6.348101E-7
-5.388011E-5
-3.6516314E-5
-6.867766E-5
-2.5153886E-6
-5.3278676E-5
-2.3396293E-5
-7.044435E-5
2.2136574E-5
-5.507395E-5
3.1310847E-5
-5.621228E-5
4.4703163E-5
-7.015741E-5
1.739196E-5
-5.1970255E-5
3.4763172E-5
-7.1586925E-5
5.051328E-5
-7.02615E-5
2.3895536E-5
-4.1994397E-5
5.0409064E-5
-4.1350788E-5
3.5117497E-5
-5.3142587E-5
5.8765814E-5
-6.570303E-5
4.061822E-5
-6.8654226E-5
2.9070436E-5
-1.9374806E-5
5.4759E-5
-4.04595E-6
7.343602E-5
-2.4485667E-5
7.278619E-5
-2.3252425E-5
1.702896E-5
-4.6753776E-5
6.367612E-5
-2.5638521E-5
8.899631E-5
-1.5167328E-5
4.975611E-5
-5.0424496E-5
3.9663915E-5
-5.1410483E-5
5.4242275E-5
-6.5890184E-5
3.1301526E-5
-3.8027094E-5
9.229552E-5
-4.4800105E-5
4.0878866E-5
-8.4982166E-5
5.9416994E-5
-8.182499E-5
6.862899E-5
-8.585087E-5
3.5245033E-5
-4.321102E-5
7.2305505E-5
-6.4832755E-5
4.855669E-5
-4.3867974E-5
7.801417E-5
-4.3014712E-5
5.8818383E-5
-3.1001688E-5
4.3511147E-5
-2.8764778E-5
6.226358E-5
-5.4592365E-5
7.869955E-5
-2.0429752E-5
5.3231648E-5
-6.0165028E-5
5.4891654E-5
-8.813244E-5
5.9936498E-5
-5.8427882E-5
9.766075E-5
-7.229315E-5
5.456107E-5
-7.710124E-5
7.159118E-5
-3.7175283E-5
1.3757348E-5
-9.310875E-5
1.7071752E-5
-9.4345225E-5
6.124649E-5
-8.560431E-5
7.571128E-6
-1.1382271E-4
1.3653591E-5
-7.584897E-5
-1.6825869E-6
-9.6155294E-5
7.43938E-5
-7.391354E-5
4.993906E-5
-3.0660794E-5
9.762069E-6
-6.283436E-5
1.8422374E-5
-4.6837133E-5
3.487367E-5
2.1062364E-5
3.3961744E-6
-3.5965472E-6
-9.8188175E-5
6.287542E-5
-8.682896E-5
1.4407375E-4
-1.1696217E-4
3.706617E-4
-5.019473E-4
-0.0014295953
0.0036974023
-0.0019551727
-6.757385E-4
-7.589694E-4
0.0011050542
-5.2312686E-4
5.583865E-4
-7.019331E-5
0.0010866912
-8.965402E-5
-7.3085655E-4
-0.0013916861
-9.393982E-4
-6.818719E-4
5.6985987E-4
9.917829E-4
0.0019413063
9.844538E-4
3.43778E-4
-9.615231E-4
-2.795823E-4
-0.0018704367
-0.0017963317
0.0014105585
-3.57193E-6
-2.7798192E-4
-1.3350623E-4
-2.9199963E-4
1.97555E-5
6.56103E-4
7.399879E-4
5.743359E-4
4.9252325E-4
3.2697004E-4
-7.936095E-5
-8.3149964E-4
-3.4112434E-4
8.5824046E-5
5.7287206E-4
5.412872E-4
5.4359937E-4
1.705662E-4
-2.309543E-4
-6.0907E-4
-6.3192315E-4
-7.7794323E-4
-3.7553246E-4
-4.0628223E-4
-2.3552332E-4
-3.3863398E-4
-2.9705995E-4
-8.902778E-5
1.0497196E-4
1.6481649E-4
4.846744E-4
3.8213874E-4
4.3322542E-4
3.5272824E-4
2.7994596E-4
5.453749E-4
6.9299946E-4
4.9673824E-4
3.4374816E-4
9.613281E-5
-4.697629E-5
-2.6396578E-4
-3.214644E-4
-8.699978E-5
-4.8051304E-5
-1.0073416E-5
-5.446274E-5
-1.1351915E-4
-3.0175876E-4
-3.393325E-4
-3.4868513E-4
-3.605688E-4
-3.7610723E-4
-1.5993186E-4
-1.7266769E-4
-1.6464149E-4
-1.7032537E-5
-7.803768E-6
8.285346E-5
1.3904973E-4
7.7725505E-5
1.1176298E-4
9.9935E-5
1.4324428E-4
1.1198294E-4
2.4216034E-4
2.8216062E-4
2.801418E-4
1.842498E-4
1.6116892E-4
1.3615895E-4
1.6008808E-4
1.4721467E-4
1.7238039E-4
1.8645625E-4
9.163711E-5
-8.155136E-5
-1.7187853E-5
-1.6659875E-4
-1.1719596E-5
6.1718085E-5
-3.9347313E-5
4.9109814E-5
-2.1436085E-6
-3.7798345E-5
-1.4846514E-4
-1.4057661E-4
-2.4210275E-4
-4.998643E-5
-7.663962E-5
6.453739E-5
-2.4156594E-5
4.5729023E-5
-4.00933E-5
2.5304587E-5
-2.7427817E-5
2.8872098E-5
9.590142E-6
1.3876057E-5
-1.3124273E-4
5.472938E-6
-1.0324155E-4
-6.495044E-5
1.4023832E-5
6.867378E-5
-3.5908073E-5
9.79659E-5
-1.9604027E-5
-2.6700685E-5
-5.7301545E-6
9.085453E-5
4.9092225E-5
9.0559086E-5
1.2890884E-4
1.11278E-4
5.7148383E-5
2.1662838E-5
2.8278533E-5
9.6171796E-5
1.5213818E-4
1.1304449E-4
1.19433535E-5
-2.004619E-5
-7.181362E-5
-1.344988E-4
-1.8346762E-5
2.2671124E-5
1.7453343E-4
1.2096758E-4
6.749325E-5
-4.528129E-5
-7.506402E-5
-1.2408952E-4
-3.28566E-5
1.0956702E-5
1.1318858E-4
8.5711756E-5
1.1136535E-4
-7.5809316E-5
-1.5323203E-5
-2.506145E-4
-1.4117482E-4
-1.8259762E-4
7.229016E-8
-1.177778E-4
2.0943362E-5
-1.5408015E-4
-5.218385E-5
-2.1760659E-4
-1.0450211E-4
-1.6910565E-4
9.606315E-5
-8.281027E-5
2.3549513E-4
7.0505776E-5
1.9640067E-4
-1.2280252E-4
2.4333523E-5
-1.548525E-4
1.2767734E-4
-8.53074E-5
2.3528254E-4
-6.574331E-5
1.4804532E-4
-1.5268123E-4
3.6941015E-5
-1.7369234E-4
1.1872299E-4
-7.796459E-5
1.8777867E-4
-5.0952272E-5
1.7896714E-4
-1.1864495E-4
1.6002926E-4
-1.06163396E-4
1.9920204E-4
-2.5758194E-5
2.1133015E-4
-6.2085106E-5
2.1274982E-4
-8.061251E-5
8.447116E-5
-1.2973134E-4
5.344981E-6
-2.4475725E-4
-2.107489E-5
-1.797573E-4
5.332853E-5
-1.5286038E-4
1.2399256E-4
-4.2780186E-5
1.4838281E-4
-4.2306372E-5
8.3350526E-5
1.8088906E-5
2.665061E-4
6.025892E-5
2.4283821E-4
8.563131E-5
2.0846006E-4
5.0856193E-5
9.858974E-5
-6.6630506E-5
4.8411875E-5
-1.0889433E-4
9.2555136E-5
-6.579263E-5
4.8636404E-5
-1.5645697E-4
-2.2096308E-5
-1.7463803E-4
2.730859E-5
-8.098383E-5
1.1469165E-4
9.209427E-6
1.8360716E-4
-6.3248226E-5
7.5103824E-5
2.823535E-5
4.615787E-5
-1.3370079E-4
8.340935E-5
-1.8658492E-4
6.209928E-5
-1.4264174E-4
1.2020627E-5
-2.2001227E-4
-1.242463E-4
-2.3135691E-4
1.0566803E-8
-1.3946554E-4
-3.8473252E-5
-2.1688784E-4
-2.2435612E-5
-2.4569634E-4
6.846272E-5
-1.915237E-4
9.6213276E-5
-1.4254093E-4
5.832081E-5
-1.0946129E-4
3.543444E-5
-7.272911E-5
-2.427462E-4
-4.535591E-4
4.8996066E-4
-3.0811518E-4
-1.6570603E-4
-4.0940932E-4
5.7461522E-5
-3.2164582E-5
-2.847645E-4
2.1701961E-4
1.759241E-4
-2.2251825E-5
-2.4024739E-4
-3.1057757E-4
3.055053E-5
-6.9862384E-5
2.5317955E-4
-1.2942562E-4
9.890642E-5
-1.3004507E-4
2.2526913E-4
-2.662855E-4
-3.166989E-5
-2.742659E-4
-4.6517616E-5
-4.97519E-4
-3.256001E-4
1.0216011E-4
4.996089E-4
5.4052125E-5
-7.080116E-5
3.3919522E-7
1.1934278E-4
-1.6668493E-4
-3.0557203E-4
-4.7804273E-4
6.532165E-5
-1.5316668E-4
-5.6880863E-6
-3.2709155E-4
-7.0189904E-5
-3.9935962E-4
-3.7155853E-5
-2.3140832E-4
5.420945E-5
-9.505918E-5
1.4303553E-4
-9.599768E-5
4.2580148E-5
-3.7002674E-4
-1.5745124E-4
-2.9924785E-4
1.0026513E-4
-3.4060413E-5
3.5511403E-4
1.0942081E-4
3.4641073E-4
2.6816437E-5
2.643813E-4
4.549375E-5
2.9831755E-4
1.8845035E-6
3.630305E-4
3.8953796E-5
2.1302918E-4
4.614319E-5
2.644367E-4
1.2904932E-4
2.6515228E-4
1.1843675E-4
3.8590346E-4
5.6442703E-5
3.1181288E-4
1.7679642E-5
2.0012743E-4
3.381576E-6
2.6463732E-4
1.0064976E-4
3.3320131E-4
-2.3095443E-5
2.911515E-4
-5.4667453E-5
7.869036E-5
-2.2118118E-4
-4.912372E-6
-2.5744675E-4
-3.80254E-5
-9.8881384E-5
8.682487E-5
-1.9651793E-4
-7.36761E-5
-3.3914592E-4
-1.3852112E-4
-2.77497E-4
-1.1945844E-4
-2.6061747E-4
3.5996054E-5
-1.9758577E-4
-1.4585118E-4
-2.2161652E-4
-6.613154E-5
-2.6013536E-4
-4.4884484E-5
-1.6084177E-4
1.0536673E-4
-8.394077E-5
9.220242E-5
-1.2372118E-4
-5.370295E-5
-5.946049E-5
9.55274E-5
-1.0327711E-4
1.2117962E-4
1.3282728E-6
1.2083163E-4
-1.02911865E-4
2.0479312E-5
-8.393136E-5
8.0778074E-5
-1.1480631E-4
9.2151684E-5
-1.1900226E-4
8.7898035E-5
-2.2385648E-4
-8.55427E-5
-2.7641724E-4
-9.6291245E-5
-1.3814576E-4
-3.862924E-5
-1.8746564E-4
-8.9616035E-5
-1.9409964E-4
-1.6059483E-4
-3.110166E-4
-1.5833027E-4
-2.5102458E-4
-1.7935767E-4
-1.8365725E-4
-7.965078E-5
-1.0136288E-4
6.9837915E-7
-4.8216232E-5
-6.957186E-5
-8.241081E-5
-5.315432E-6
9.415141E-6
1.2701177E-5
-4.3954857E-5
9.534309E-5
9.1236674E-5
1.6012108E-4
4.2738968E-5
4.7920348E-5
-5.962148E-6
-5.16358E-5
-5.2913743E-5
3.3074317E-5
-4.542536E-5
-1.392575E-5
-9.5832664E-5
-6.0634055E-5
-1.5665243E-4
-1.3331677E-4
-1.3135858E-4
-3.6586793E-5
-2.3133728E-4
-1.7202854E-4
-2.299225E-4
-1.9420173E-4
-1.8618803E-4
-2.1051527E-4
-3.0775578E-4
-2.887637E-4
-3.2784778E-4
-2.7025677E-4
-2.418616E-4
-2.098472E-4
-2.4564535E-4
-1.318163E-4
-2.9807867E-4
-9.656721E-5
-2.2100474E-4
-1.0281676E-4
-9.209022E-5
3.5043936E-6
-1.3089845E-4
-1.5412799E-4
-1.1287141E-4
4.5914774E-5
7.2965646E-5
1.5623824E-4
7.997567E-5
1.0534218E-4
9.5484E-5
1.5181929E-4
1.5153537E-4
2.3017729E-4
1.79759E-4
2.7632673E-4
2.3345815E-4
2.5904103E-4
1.2219502E-4
2.1590511E-4
8.1945305E-5
2.0795822E-4
1.2574649E-4
1.64866E-4
-1.51465265E-5
9.062845E-5
9.119522E-6
7.9677855E-5
-4.5731376E-5
3.6111658E-5
3.3213717E-6
7.819145E-6
-1.5169875E-4
-1.481375E-5
-1.02806975E-4
-4.0461167E-5
-7.9816265E-5
-5.16502E-5
-9.3519186E-5
-5.454999E-6
-1.0039916E-4
4.977271E-5
-1.2260377E-5
1.073635E-4
7.9551355E-5
4.1613603E-5
8.446647E-5
6.5346736E-5
4.0931234E-5
1.7123408E-5
-8.852029E-6
4.8005026E-5
-9.942366E-6
4.7658683E-5
3.78471E-5
4.2265834E-5
4.0744104E-5
-9.775096E-7
4.5951867E-5
8.911954E-5
5.0587205E-5
5.18044E-5
1.2391405E-4
1.1051035E-4
1.4623364E-4
9.130929E-5
4.862203E-5
4.1377793E-5
6.2428815E-5
1.1959255E-4
9.597908E-6
8.925894E-5
1.0301691E-4
5.4087846E-5
7.1806324E-5
1.5638096E-4
7.393793E-5
1.1927716E-4
6.176742E-5
1.9315186E-4
1.6352966E-4
1.7274414E-4
1.1374236E-4
1.955995E-4
1.2609543E-4
2.0057696E-4
1.59505E-4
2.1990106E-4
1.03247905E-4
1.5647031E-4
4.65186E-5
1.5637776E-4
3.788933E-6
1.111461E-4
7.912749E-5
-1.5076737E-5
4.0898572E-5
4.0767172E-5
-1.9611494E-5
1.3817451E-4
-6.493869E-6
-6.1527666E-5
-4.468429E-5
-9.492793E-5
-1.07722415E-4
-6.8304726E-5
-1.1259936E-4
-1.7164434E-4
-3.0389498E-4
-1.8841289E-4
-2.8336994E-4
-2.5904778E-4
-2.9287994E-4
-2.6563427E-4
-2.702399E-4
-2.8115133E-4
-3.1418342E-4
-3.2605501E-4
-3.8743622E-4
-3.6703728E-4
-3.3849178E-4
-2.374058E-4
-2.1665225E-4
-2.5167063E-4
-3.007733E-4
-1.4943746E-4
-2.8085962E-4
-1.34698E-4
-2.2437425E-4
-1.7492753E-4
-1.1968134E-4
1.1342189E-6
-1.9176914E-5
1.5391923E-4
4.2538817E-5
1.5577165E-4
1.586722E-4
1.039202E-4
1.4504118E-4
1.4624737E-4
1.16876494E-4
2.263005E-4
1.71131E-4
1.7935588E-4
7.317657E-5
-1.8260744E-5
3.3237367E-5
-1.547337E-5
-2.3932675E-5
-3.1401396E-5
-3.4861782E-6
-1.7049813E-5
-5.9411494E-5
-1.8655282E-4
-1.115321E-4
-1.3307297E-4
-2.2536937E-4
-1.3886664E-4
-2.6479145E-4
-2.8397082E-4
-3.1936364E-4
-2.9673797E-4
-3.147594E-4
-2.2892794E-4
-2.845265E-4
-2.8326636E-4
-1.8005342E-4
-2.171405E-4
-2.9978022E-4
-2.2644308E-4
-3.2868603E-4
-1.6039613E-4
-2.1730886E-4
-1.5515111E-4
-1.8193264E-4
-1.4426334E-4
-1.60699E-4
-2.2810853E-4
-1.6855692E-4
-1.4474674E-4
-1.0273653E-4
-2.8579481E-5
-1.1404437E-4
-1.8818911E-4
-1.8155524E-4
-6.209938E-5
-1.4086263E-4
-2.6175678E-5
-8.0570884E-5
-1.2590528E-4
-9.644118E-5
-1.4746457E-4
-1.8874086E-4
-1.2844906E-4
-1.093692E-4
-9.14725E-5
-1.600254E-4
-1.6576475E-4
-2.9544206E-5
-5.937952E-5
-5.6324407E-6
-6.752849E-5
-4.1107938E-5
-2.5528736E-5
-6.578728E-5
1.1797978E-4
-5.1825235E-5
4.7105157E-5
4.1349147E-5
1.4308868E-4
1.3979626E-4
1.4892372E-4
1.8504683E-4
1.0395685E-4
1.826477E-4
2.5509452E-4
2.6961564E-4
1.7576411E-4
1.5637495E-5
8.4898704E-5
1.6728493E-4
3.43684E-4
8.909303E-5
1.9255404E-4
1.2942104E-4
1.5971629E-4
1.5788933E-4
1.17887685E-4
5.9848553E-5
-2.374806E-5
-7.695489E-5
9.431432E-5
1.6667903E-4
-4.0761108E-5
-2.1430636E-4
-3.5009194E-5
2.3587528E-4
7.525867E-5
-8.366036E-5
-1.913162E-4
-1.5746923E-4
-1.5671035E-4
-5.127089E-5
-1.2351932E-4
-1.5969978E-4
-6.678974E-5
-1.1813696E-4
-1.9024503E-5
-1.0484655E-4
-7.2468996E-5
2.1161679E-5
-3.5373796E-5
-7.348505E-5
3.664856E-5
-4.3882624E-6
3.147481E-5
1.2556409E-5
7.400679E-5
1.5513285E-4
1.607127E-4
7.942602E-5
1.0268588E-4
1.10504574E-4
1.373981E-4
1.441599E-4
1.12991846E-4
4.708013E-5
1.8157726E-4
3.4836828E-4
1.7479225E-4
2.719746E-4
2.656666E-4
3.1096782E-4
3.1116352E-4
3.359164E-4
3.409888E-4
4.3770607E-4
4.7225293E-4
4.8294736E-4
4.4932886E-4
5.41458E-4
5.0250266E-4
5.7759363E-4
4.7282697E-4
4.021556E-4
2.7858457E-4
3.5887363E-4
3.2986203E-4
2.8417964E-4
2.4552006E-4
1.7642899E-4
1.3107093E-4
-7.0138926E-6
2.8286739E-5
-3.363429E-5
1.0371411E-4
-2.111822E-5
3.8519018E-5
-5.7528123E-5
-1.0733791E-4
-1.265762E-4
-9.665926E-5
-1.5396887E-4
-9.10989E-5
-1.0179726E-4
-1.4950385E-4
-2.8381155E-5
-2.2000857E-5
-9.796415E-6
-8.707179E-5
-3.75505E-5
5.9835647E-6
1.5785506E-4
4.8655435E-5
1.040402E-4
1.3773107E-4
4.164764E-4
2.6078796E-4
2.5425767E-4
3.2072372E-4
3.8085494E-4
3.6609513E-4
2.664701E-4
4.1038066E-4
6.2472385E-4
4.972232E-4
4.3953714E-4
4.88453E-4
4.7542911E-4
4.4426633E-4
3.3740018E-4
4.815153E-4
5.880506E-4
5.1518367E-4
4.1033546E-4
4.131289E-4
3.6275416E-4
3.3444792E-4
2.689398E-4
2.5139633E-4
2.471667E-4
2.3373471E-4
2.4125312E-4
1.545479E-4
2.1393308E-4
1.3717679E-4
1.8824512E-5
7.5734984E-5
1.0629255E-5
-3.3548968E-5
-4.8156035E-5
3.942967E-5
-1.883447E-5
-1.2950695E-4
-3.4868095E-5
-6.0882925E-5
-5.037883E-5
-6.906352E-5
-8.8696885E-5
-7.628224E-5
-9.775252E-5
-1.2660323E-4
-1.2828074E-4
-1.907717E-4
-2.0331486E-4
-2.4862456E-4
-2.5718505E-4
-3.4690264E-4
-2.8381686E-4
-3.664563E-4
-2.4682976E-4
-3.5086586E-4
-3.16727E-4
-4.2937958E-4
-2.949879E-4
-4.3808503E-4
-3.8599732E-4
-2.67505E-4
-2.9243412E-4
-2.8531806E-4
-2.9622336E-4
-2.630312E-4
-2.5237008E-4
-3.093602E-4
-2.1235029E-4
-1.4263656E-4
-2.3095917E-4
-1.514585E-4
-4.3753902E-5
-1.2493134E-4
-2.0642912E-4
-2.3738712E-5
-1.4259775E-4
-9.558085E-5
2.1317276E-6
-1.6100635E-4
-5.742434E-5
-6.657243E-5
-4.3483968E-5
-6.0545528E-5
2.6248406E-5
-4.996101E-5
5.2741638E-5
5.2731084E-5
1.0730047E-4
-1.06601525E-4
1.0049455E-4
4.6190096E-5
1.8851984E-4
1.1229535E-4
7.387243E-5
-1.45220465E-5
-5.003299E-5
-6.684517E-5
2.0011674E-5
3.1004067E-5
-8.263429E-6
4.1540367E-5
1.0274885E-5
-1.4099263E-4
-2.2849982E-4
-3.9911788E-4
-3.39512E-4
-3.2442965E-4
-2.4877305E-4
-2.3486915E-4
-2.57909E-4
-2.8589735E-4
-4.5340604E-4
-3.848689E-4
-4.7333102E-4
-5.5962114E-4
-6.007982E-4
-5.608527E-4
-5.603851E-4
-5.437934E-4
-4.6945625E-4
-4.6272072E-4
-4.6688152E-4
-4.1971248E-4
-3.7686693E-4
-4.5472E-4
-3.137792E-4
-3.0154234E-4
-1.7023778E-4
-2.0766788E-4
-2.1364554E-4
-2.214224E-4
-9.39987E-5
-1.4677897E-4
-1.2723233E-5
1.8751335E-6
8.092969E-5
8.232324E-5
1.2907064E-4
3.3041164E-5
1.2698646E-4
1.3721187E-4
2.5566996E-4
1.8103624E-4
2.4796577E-4
1.7459919E-4
2.3061974E-4
2.3270526E-4
1.828456E-4
1.5459658E-4
2.1707661E-4
1.1452475E-4
7.054316E-5
3.567837E-5
-7.688994E-5
1.879606E-5
-9.644395E-5
-6.822404E-5
-1.6929947E-4
-2.6367858E-4
-1.4886713E-4
-1.8007618E-4
-2.7645883E-4
-2.8621432E-4
-2.2714584E-4
-3.376241E-4
-3.2810602E-4
-3.3678566E-4
-3.6125098E-4
-5.1082886E-4
-4.2194282E-4
-5.229819E-4
-4.905289E-4
-5.732614E-4
-5.1837886E-4
-5.2761554E-4
-3.749666E-4
-4.377636E-4
-4.466814E-4
-5.336492E-4
-4.399932E-4
-4.7860557E-4
-3.2070192E-4
-3.9903875E-4
-4.3731727E-4
-4.690832E-4
-3.5312935E-4
-3.3972817E-4
-2.305915E-4
-2.266228E-4
-2.5704337E-4
-2.91954E-4
-1.8007043E-4
-1.8260007E-4
-1.9388086E-4
-8.690799E-5
-8.334363E-5
-3.471491E-5
8.6820255E-5
1.2320746E-4
1.1751393E-4
1.5233198E-4
7.366448E-5
1.8334556E-4
1.8710791E-4
2.4394278E-4
2.7037165E-4
3.8856908E-4
2.5312122E-4
1.6247811E-4
4.145824E-4
2.727599E-4
2.8744468E-4
3.773756E-4
3.9972065E-4
3.0274753E-4
3.274053E-4
2.7749513E-4
3.5308857E-4
2.2963653E-4
3.8595241E-4
2.984136E-4
3.6563576E-4
2.7453282E-4
3.2084697E-4
2.469828E-4
2.6113258E-4
2.5790697E-4
2.2986851E-4
1.0164773E-4
1.2068021E-4
9.35049E-5
1.0152088E-4
1.0388895E-4
5.5574805E-5
-1.0313726E-7
-3.580133E-5
-1.2658689E-4
-8.93165E-5
-2.0457587E-4
-1.148706E-4
-1.0223428E-4
-1.8025152E-4
-1.6724893E-4
-2.3214366E-4
-2.5148838E-4
-2.3211406E-4
-2.3067197E-4
-2.2111737E-4
-1.7568008E-4
-2.1327703E-4
-2.0738732E-4
-1.3274897E-4
-1.08567925E-4
-9.199124E-5
-1.4233214E-4
-5.6543315E-5
6.219316E-5
9.8228375E-5
1.5031181E-4
2.243105E-4
2.973128E-4
3.2977E-4
4.159427E-4
4.4935866E-4
4.4524122E-4
5.296188E-4
5.195448E-4
5.351036E-4
6.674922E-4
6.16511E-4
6.149555E-4
6.581343E-4
5.937835E-4
5.5798364E-4
6.637311E-4
6.8027555E-4
6.948752E-4
6.836106E-4
6.2943663E-4
6.0917926E-4
5.9743354E-4
5.146051E-4
5.363663E-4
4.2737444E-4
3.5970658E-4
3.7872497E-4
3.2722266E-4
1.8996079E-4
2.5622032E-4
1.6708832E-4
1.3854416E-4
3.7373295E-5
-1.539075E-4
-1.7288676E-4
-2.1527115E-4
-1.866691E-4
-2.135533E-4
-2.2955661E-4
-2.1242857E-4
-1.944798E-4
-3.2619303E-4
-2.3309856E-4
-3.0712725E-4
-2.505213E-4
-2.498617E-4
-3.1540907E-4
-3.3973184E-4
-3.2328963E-4
-2.484008E-4
-4.5251505E-5
-1.4739117E-4
-1.7651335E-4
-1.5348083E-4
-2.3939605E-4
-1.1925577E-4
-1.21505946E-4
1.635752E-4
7.318375E-6
9.949474E-5
1.402864E-4
2.3889329E-4
2.0432369E-4
2.8375204E-4
1.5206913E-4
1.845092E-4
1.1779418E-4
3.9440702E-4
2.808478E-4
3.825483E-4
2.3083654E-4
4.1595384E-4
3.5714247E-4
4.0308764E-4
3.6347736E-4
5.178814E-4
3.4603052E-4
4.1496955E-4
3.923478E-4
4.2856674E-4
2.6226553E-4
2.824908E-4
1.642336E-4
1.9533234E-4
8.883609E-5
1.4071076E-4
4.1220646E-5
1.4117968E-4
-5.9617367E-5
-2.36498E-5
-1.9138808E-4
-1.8530467E-4
-2.6689985E-4
-3.0400054E-4
-2.9488825E-4
-3.6565147E-4
-4.5210862E-4
-4.077691E-4
-4.1185814E-4
-3.4342252E-4
-5.064404E-4
-4.0846065E-4
-4.2971584E-4
-4.6000123E-4
-4.659003E-4
-4.4349188E-4
-5.450766E-4
-4.1463342E-4
-5.3851196E-4
-2.9204506E-4
-3.337764E-4
-2.3569139E-4
-4.172524E-4
-2.8652526E-4
-3.3994165E-4
-1.8090177E-4
-2.9241372E-4
-2.3233828E-4
-2.937005E-4
-1.2292067E-4
-1.7739086E-4
-1.15422255E-4
-1.8622627E-4
-1.990322E-4
-7.3275995E-5
-3.547453E-5
-7.454303E-5
-7.5165E-6
2.6161053E-5
1.2509503E-4
-1.41061355E-5
8.971963E-6
-3.0427022E-5
1.9528354E-5
3.6459896E-5
7.679515E-5
9.432042E-5
1.4066826E-4
1.542211E-4
1.5709242E-4
8.880569E-5
1.662559E-4
1.3422768E-4
1.7106705E-4
1.07201726E-4
1.06812724E-4
1.5297647E-4
1.7980576E-4
5.3302312E-5
1.06543324E-4
8.930749E-5
2.158273E-4
6.511453E-5
2.155308E-4
-1.1849813E-5
3.8070513E-5
-5.9334176E-5
1.01032136E-4
-1.0500507E-4
-1.3636658E-4
-1.3417537E-4
-9.750805E-5
-1.3763475E-4
-9.453234E-5
-2.51116E-4
-1.5227997E-4
-2.0993844E-4
-2.9533336E-4
-2.7461664E-4
-2.8262692E-4
-2.25551E-4
-3.2929386E-4
-4.030708E-4
-3.0623045E-4
-3.2087183E-4
-3.315541E-4
-3.3390877E-4
-3.653638E-4
-3.7369598E-4
-3.0747254E-4
-2.934199E-4
-2.679202E-4
-2.6351033E-4
-3.3671857E-4
-2.6893368E-4
-2.3377046E-4
-1.00367986E-4
-1.9741879E-4
-1.2276607E-4
-1.1271508E-5
-1.108133E-4
-1.1252276E-4
6.1941864E-6
4.749816E-5
3.0221827E-5
8.580674E-5
1.1881192E-5
6.377858E-5
1.10203844E-4
1.794529E-4
1.3629245E-4
2.1848547E-4
1.4934069E-4
2.2076015E-4
2.1881414E-4
3.0016815E-4
2.6750824E-4
2.871021E-4
2.7366838E-4
2.4261592E-4
2.3807297E-4
2.0675374E-4
1.5652471E-4
1.5239214E-4
1.7354033E-4
2.387247E-5
1.2247256E-4
1.3259988E-7
6.273311E-5
-7.658242E-5
-3.9731887E-5
-1.3055177E-4
-1.268213E-4
-2.3200702E-4
-1.7783814E-4
-2.6469684E-4
-2.5797545E-4
-3.506775E-4
-3.257673E-4
-3.8266127E-4
-3.0457106E-4
-3.1761598E-4
-3.309373E-4
-3.5822322E-4
-3.0034615E-4
-4.7229504E-4
-3.7809095E-4
-3.7555437E-4
-3.7848708E-4
-2.4660013E-4
-2.837774E-4
-3.1069855E-4
-1.6549122E-4
-2.4057877E-4
-1.0301752E-4
-1.2083912E-4
-1.4552956E-4
-7.1960145E-5
-4.9333372E-5
9.8571465E-5
-2.332628E-5
-3.5431527E-5
1.7893168E-5
1.3931196E-4
1.4009674E-4
2.0460943E-4
2.863687E-4
2.2458808E-4
3.02437E-4
2.2278843E-4
3.166991E-4
2.0766849E-4
3.473172E-4
2.614014E-4
4.061855E-4
2.2478831E-4
2.5320036E-4
2.7597504E-4
2.9913252E-4
1.0141776E-4
1.7929387E-4
1.0563671E-4
9.2899914E-5
1.8088655E-5
1.1740263E-4
1.2685795E-5
-2.6454256E-5
-4.493671E-5
-3.2781805E-5
-5.981002E-5
-2.277535E-4
-1.3307261E-4
-8.816123E-5
-8.423384E-5
-1.7291869E-4
-1.5564723E-4
-1.8659975E-4
-9.5214156E-5
-1.6824165E-4
-2.3212745E-4
-2.124523E-4
-2.1664506E-4
-1.9352352E-4
-2.598229E-4
-2.648097E-4
-2.507294E-4
-1.8687401E-4
-2.188091E-4
-1.450805E-4
-1.781253E-4
-9.536624E-5
-1.16419695E-4
-1.4441117E-4
-2.5129584E-5
3.2158976E-5
-1.10101704E-4
-1.0843772E-5
4.8308925E-6
3.9711766E-5
7.1402856E-6
3.4510376E-5
-9.683216E-6
8.118499E-5
1.0283166E-4
2.1340308E-4
8.358607E-5
2.2400041E-4
4.8904392E-5
1.2361274E-4
2.806574E-4
1.6653337E-4
1.5132505E-4
2.0223449E-4
2.046256E-4
8.3680745E-5
1.6466595E-4
1.7145723E-4
2.0900756E-4
1.1656786E-4
2.1279507E-4
1.2417839E-4
1.4283865E-4
4.1455725E-5
5.3445052E-5
8.539049E-5
2.2190124E-4
5.875238E-5
3.435646E-5
7.557338E-5
-2.402871E-5
-3.2340442E-5
7.8531564E-5
6.618525E-5
8.0167265E-5
-1.5095283E-5
5.1593943E-5
5.1189887E-5
4.054483E-5
9.59144E-5
3.92997E-5
1.0295094E-4
2.2535925E-5
1.6162154E-4
1.4706573E-4
1.7921418E-4
1.0187101E-4
1.3470225E-4
1.346498E-4
1.2160011E-4
2.143093E-4
2.2172288E-4
2.1549234E-4
2.6040545E-4
3.004335E-4
2.0625102E-4
2.0440834E-4
1.5831675E-4
1.4959993E-4
9.893707E-6
1.5833223E-4
8.729977E-5
1.2280958E-4
6.3598534E-5
8.728649E-6
-1.2583808E-4
6.6192435E-5
8.331914E-5
1.1186814E-4
-2.9677176E-5
1.11056215E-4
6.099669E-5
3.528504E-5
7.354885E-5
2.6552332E-5
3.8923088E-5
1.3052122E-4
-2.69452E-5
1.0221293E-4
6.7729125E-5
8.265094E-5
3.2568234E-5
1.5629941E-4
6.31833E-5
7.555253E-5
1.2453886E-4
2.0027945E-4
2.1064885E-4
7.630435E-5
2.044259E-4
2.7849904E-4
1.4164149E-4
2.4279974E-4
1.7907578E-4
2.761473E-4
1.9052831E-4
2.4184142E-4
1.6175225E-4
1.7601624E-4
1.7983998E-4
2.8742815E-4
1.9953896E-4
2.0452114E-4
1.8828531E-4
2.120278E-4
1.890517E-4
9.5559095E-5
8.462227E-5
1.5110271E-4
-1.7815013E-5
1.2772807E-5
-4.1064686E-5
-2.6460677E-5
-8.461051E-5
-5.5251767E-6
-1.3323397E-4
-1.493142E-4
-8.905487E-5
-1.890524E-4
-1.3442722E-4
-2.0203316E-4
-1.6176754E-4
-2.1281975E-4
-1.7939582E-4
-1.5943812E-4
-1.0893227E-4
-1.9590069E-4
-1.1485157E-4
-1.7264519E-4
-3.0448924E-5
-1.6268721E-4
-6.7188324E-5
-5.4643107E-5
1.5051369E-5
-9.8363096E-5
-3.2739455E-5
-5.450434E-5
-7.567826E-5
-1.5962726E-4
-8.615886E-5
-2.038065E-4
-6.0132148E-5
3.5592022E-6
-5.403108E-5
-9.975591E-6
1.1792354E-5
-2.9736902E-6
-1.3216512E-4
-1.9791578E-4
-1.5666055E-4
-1.04591476E-4
-1.0143828E-4
-1.392852E-4
-5.1075327E-5
3.485669E-5
-4.8454098E-5
-1.4932998E-4
-1.3693767E-4
-1.0000408E-4
-1.0603524E-4
-1.6801857E-4
-1.3862556E-4
-1.21598794E-4
-1.08470755E-4
-1.2516924E-4
-1.1440232E-4
-1.3761014E-4
-1.541696E-4
-2.5470095E-4
-1.5057981E-4
-1.9277027E-4
-3.611685E-5
-2.3555018E-4
-8.252582E-5
-1.2543656E-4
-1.1124378E-4
-1.8117133E-4
-1.380385E-4
-1.7949649E-4
-1.5827482E-4
-2.572349E-4
-1.0770525E-4
-2.227421E-4
-2.1815626E-4
-1.6506689E-4
-1.3711226E-4
-1.14616545E-4
-2.346637E-4
-1.8422441E-4
-1.2902675E-4
-2.2201365E-4
-1.8645248E-4
-1.6715776E-4
-1.2893075E-4
-1.8526166E-4
-2.1306505E-4
-2.0311974E-4
-2.066227E-4
-2.0934627E-4
-1.5094786E-4
-2.4233102E-4
-2.0218639E-4
-2.6743553E-4
-2.1713054E-4
-1.7821086E-4
-2.2061549E-4
-2.7162686E-4
-1.9457113E-4
-2.4951375E-4
-1.8116426E-4
-2.2490174E-4
-1.5533692E-4
-2.2874815E-4
-1.3612458E-4
-1.5684738E-4
4.935076E-6
-1.543682E-4
2.4230796E-5
-1.3667662E-4
4.095625E-5
-1.1056006E-4
-4.8720205E-5
-1.9155303E-4
-9.341832E-5
-5.7283258E-5
4.5481887E-5
-3.841193E-5
2.8455093E-5
-1.4459663E-5
-2.7229235E-5
3.078379E-5
1.874957E-5
2.9017017E-5
-6.488969E-5
6.227356E-5
1.0270478E-4
-3.2305197E-5
-6.7491615E-5
1.2314551E-4
8.0545535E-5
1.7091967E-5
5.345833E-5
8.5125415E-5
4.587305E-5
-7.541087E-6
-7.338616E-5
2.0011787E-5
3.543905E-5
7.63262E-5
9.989291E-5
-7.923852E-5
-1.2212842E-5
-5.6314257E-5
-5.802305E-5
-4.8779868E-5
1.2282674E-4
-6.71923E-5
1.7847598E-5
-1.19268916E-4
-4.5872286E-5
-1.08690605E-4
-9.8328834E-5
-7.359807E-5
3.714718E-5
-1.2207843E-4
5.1696592E-5
-6.299865E-5
6.8523965E-5
1.04673374E-4
1.4665713E-4
9.5272655E-5
1.3639679E-4
5.993757E-6
1.2350215E-4
1.1676051E-4
1.6361188E-4
2.7233417E-4
2.2797775E-4
2.2593782E-4
2.4463605E-5
1.5121733E-4
1.3554475E-4
2.4014487E-4
1.9391882E-4
2.4130655E-4
2.9223115E-4
3.3700877E-4
2.1420713E-4
2.9825876E-4
2.7573723E-4
2.3740028E-4
2.3688079E-4
1.8902899E-4
1.9764583E-4
2.212791E-4
2.1688527E-4
2.0723646E-4
1.9079646E-4
6.26066E-5
2.4674844E-4
1.04529114E-4
1.548342E-4
-7.624255E-6
1.9222073E-4
1.0276478E-4
4.738647E-5
2.8051618E-6
6.104295E-5
-5.706988E-7
-2.2636643E-5
-7.4608324E-5
-1.581166E-5
-9.002846E-5
-2.3312508E-5
-2.1972164E-5
-1.8357076E-5
6.736516E-5
-2.7601278E-5
-1.1798126E-4
-3.1292995E-5
3.4333311E-6
1.1511826E-5
1.5827287E-5
-1.1959237E-7
-1.5772734E-5
-1.05977095E-4
-1.01199425E-4
-1.2043576E-4
-1.4092236E-4
-2.5159408E-5
-4.5041303E-5
-1.6228955E-4
-1.458391E-4
-1.08309585E-4
-2.8407132E-5
-6.9424794E-5
-6.936999E-5
5.859507E-6
-1.288283E-4
-2.8970211E-5
-1.2752284E-4
-9.678374E-6
3.4788016E-5
8.9821806E-5
-4.7252855E-5
6.332836E-5
-1.2427532E-4
4.9368282E-5
-4.3992436E-6
1.258076E-4
1.6862405E-5
1.8599784E-4
5.995151E-5
5.5493027E-5
6.645774E-5
1.0562008E-4
5.9730788E-5
1.3001545E-4
1.5040282E-4
2.3164848E-4
1.5530689E-4
1.483227E-4
1.92246E-4
2.9532544E-4
1.5060119E-4
1.12437865E-5
1.5973227E-4
1.1832509E-4
6.030135E-5
3.8362934E-5
4.8943293E-6
2.158623E-5
-1.0367307E-4
-5.1182702E-5
-5.832587E-6
-1.1738343E-5
-1.388358E-4
-1.6226892E-4
-2.0181289E-4
-1.1702245E-4
-1.4681726E-4
-1.2873448E-4
-2.777323E-4
-1.4793809E-4
-3.2759772E-4
-2.2791834E-4
-2.8557348E-4
-1.8101934E-4
-3.401907E-4
-1.628538E-4
-2.9949847E-4
-8.441766E-5
-3.5727926E-4
-1.5924891E-4
-3.036981E-4
-2.1124745E-4
-2.4244109E-4
-1.0243084E-4
-2.0371647E-4
-2.6667944E-5
-2.0767705E-4
-3.2645956E-5
-9.8239754E-5
3.7202863E-5
-9.151209E-5
5.7053563E-5
-5.0581737E-5
2.8049692E-5
2.667987E-5
-2.9588504E-5
-4.0676186E-6
1.0105111E-4
2.7654027E-5
6.993269E-5
2.2417988E-5
7.067005E-5
-3.5248124E-6
2.3426086E-4
1.4197793E-4
2.0183237E-4
3.780555E-5
1.5967978E-4
6.328055E-5
1.9493997E-4
-4.8316648E-5
2.1664324E-4
-3.2560958E-5
1.7031701E-4
6.331909E-5
1.4342739E-4
7.951503E-5
2.821235E-4
7.891729E-5
1.4142107E-4
6.9907524E-5
1.4160675E-4
-1.8027447E-5
1.12940754E-4
2.3073044E-5
1.840868E-4
-3.7387494E-5
1.8939158E-4
-1.5229886E-5
8.161675E-5
-7.115158E-5
1.0432977E-4
-2.7249134E-5
-5.8151927E-5
-1.8991804E-4
-7.4341595E-5
-6.2895415E-5
-6.883298E-5
-1.1521741E-4
-9.214154E-5
-1.8977323E-4
-1.4043068E-4
-1.5953304E-4
-1.6268654E-4
-1.4110317E-4
-1.3215725E-4
-1.878387E-4
-3.1382053E-5
-1.7092343E-4
-1.4126094E-4
-2.0179049E-4
5.6730398E-5
-1.10935725E-4
-2.9762714E-5
-1.7747322E-4
2.0253815E-6
-1.9523346E-4
1.3759274E-5
-8.864534E-5
1.1443966E-4
-1.2818258E-4
1.8275586E-4
4.026215E-5
1.959266E-4
4.995053E-5
3.001229E-4
9.3971474E-5
2.5209144E-4
2.224567E-4
3.7210083E-4
2.442653E-4
3.3957176E-4
2.6303623E-4
3.7421525E-4
1.7380386E-4
3.8851338E-4
2.4785977E-4
3.1240738E-4
3.083724E-4
3.3423677E-4
2.1196947E-4
2.883924E-4
2.4056916E-4
3.5201732E-4
1.2611818E-4
2.6899154E-4
7.516293E-5
1.8995212E-4
6.726283E-6
2.4030627E-5
-6.302172E-5
-7.4175327E-6
-1.4008254E-4
4.1940046E-5
-1.4247965E-4
-1.6238666E-4
-3.549337E-4
-1.8021706E-4
-3.4392308E-4
-2.062857E-4
-4.1480435E-4
-2.550559E-4
-3.426644E-4
-2.4360667E-4
-4.7174352E-4
-2.7435974E-4
-5.237692E-4
-1.6242189E-4
-3.5056297E-4
-7.093304E-5
-4.1154184E-4
-1.5893872E-4
-3.053854E-4
-1.6091474E-4
-3.5069208E-4
-1.2714142E-4
-2.1443503E-4
-8.162829E-5
-1.7421844E-4
-1.4047576E-5
-1.2568054E-4
-2.941819E-5
-1.0010658E-4
5.2760355E-5
-1.3231493E-4
1.7354105E-4
1.7214534E-5
1.1959552E-4
6.0313916E-5
1.9080211E-4
3.4951558E-5
1.3147983E-4
-3.7393005E-5
1.08456814E-4
7.813618E-6
2.2065229E-4
6.0195995E-5
1.2615597E-4
-7.5393385E-5
8.1447215E-5
-1.256908E-4
9.805008E-5
-1.18110525E-4
5.4562865E-5
-2.532472E-4
-1.9225556E-5
-2.8889813E-4
-7.0286966E-5
-1.4485349E-4
2.1934946E-5
-3.1846447E-4
-1.13052476E-4
-4.2852698E-4
-6.070592E-5
-3.8340042E-4
-1.4792297E-4
-3.9646163E-4
-1.7352267E-4
-3.3697268E-4
-1.9703471E-4
-4.0044702E-4
-2.8920156E-4
-3.8449338E-4
-2.0654537E-4
-4.225263E-4
-3.558656E-4
-4.9469323E-4
-2.7362406E-4
-3.0031442E-4
-2.479542E-4
-3.511665E-4
-2.1228638E-4
-3.5162063E-4
-1.6845959E-4
-4.065612E-4
-8.3846055E-5
-2.1235867E-4
-5.203767E-5
-2.5601216E-4
-1.4389723E-5
-2.7467505E-4
-1.12654874E-4
-2.3329204E-4
-1.9151234E-5
-2.0959247E-4
-6.652318E-5
-1.459846E-4
6.121931E-5
-1.043639E-4
-1.0897342E-4
1.9410297E-6
5.072765E-5
6.847468E-5
-2.0233795E-4
1.10381865E-4
-3.3735388E-4
4.657696E-4
7.119769E-4
-0.0035425534
0.0027204074
0.002037516
4.4345896E-4
-0.0037891266
0.0019348508
-2.0290435E-4
-0.0010486345
6.1224314E-4
6.676284E-4
-3.1111678E-4
-8.227933E-4
4.5806973E-4
0.0022696452
-7.192592E-5
-8.30454E-5
8.183549E-4
6.91987E-4
-6.3173997E-4
2.7415404E-4
6.1198015E-4
0.001230948
-4.88406E-4
-0.0010018977
-4.9043976E-4
-5.407327E-4
-0.0010849661
-2.3405749E-4
-7.4342947E-4
-0.0010880987
-0.0012128988
5.142672E-4
7.620421E-4
9.2502864E-4
0.0010567637
0.0013648618
7.312423E-4
0.0010298216
6.650439E-4
4.3556295E-4
-5.9699927E-5
9.99659E-4
6.451801E-4
4.0755814E-4
-1.6281422E-4
8.938361E-4
5.5580866E-4
-2.4431437E-4
-7.7617E-4
1.766464E-4
-1.0493266E-4
-6.779007E-4
-0.0014051393
-6.583412E-4
-1.2902479E-4
-1.9634717E-4
-5.083897E-4
2.2402912E-4
6.6138984E-4
7.38032E-4
5.1495794E-5
2.802971E-4
4.839415E-4
6.73223E-4
9.590214E-5
2.2050604E-4
2.9542804E-4
8.3369855E-4
5.1204715E-4
2.3844863E-4
2.4409023E-4
8.633426E-4
7.9942384E-4
5.6319236E-4
9.178314E-5
4.8078943E-4
4.94693E-4
4.1482478E-4
-1.2220007E-4
9.363892E-5
8.945109E-5
3.7998258E-4
-8.792464E-5
2.5838104E-4
5.5683457E-4
7.4626703E-4
2.468388E-4
1.0971478E-4
-9.2872945E-8
1.9264493E-4
-2.7267166E-4
-3.122891E-4
-2.461057E-4
2.5354692E-4
2.9253517E-5
2.8430952E-5
7.448566E-5
2.5132057E-4
-4.1765747E-6
-5.6125842E-5
-2.4913542E-4
-7.8041216E-5
-1.4943899E-4
-3.0778348E-4
-4.7595194E-4
-2.5142066E-4
-3.2532576E-4
-3.186851E-4
-3.6335384E-4
8.741179E-5
-5.1450646E-5
-1.21925885E-4
-3.0410354E-4
4.6695717E-5
-2.795689E-4
-1.8210248E-4
-4.4911448E-4
-1.2915399E-6
4.1494342E-5
1.883283E-4
7.273364E-8
3.167802E-4
1.945217E-4
3.2056222E-4
-2.3324676E-5
1.6321267E-4
1.4362915E-4
1.7501843E-4
-1.4136656E-4
6.471263E-5
-1.4004696E-4
5.8792157E-5
-2.6305494E-4
-2.7374367E-4
-8.4838875E-6
-1.2777045E-5
-4.3883937E-4
-2.6661062E-4
1.4460497E-4
-1.8789395E-4
-4.7292156E-4
-5.919742E-4
-2.7176947E-4
6.4673754E-6
-3.5520284E-6
-5.456054E-4
1.6958185E-4
2.0957617E-4
-1.2020162E-5
-3.735241E-4
3.7820784E-5
2.9526762E-4
-7.152281E-5
-4.550936E-4
-4.5054632E-5
2.5964747E-4
1.17731324E-4
-1.3342933E-4
1.5162132E-4
2.1561884E-4
1.9934062E-4
-1.9151672E-4
2.5278254E-4
1.3052764E-4
3.0017889E-5
-3.6129047E-4
-1.3665692E-4
-1.7397346E-4
-1.3265562E-4
-3.53244E-4
-1.2990877E-4
-2.1121248E-4
2.9298988E-5
-2.1785725E-4
1.6549412E-4
7.127281E-5
1.801669E-4
-1.5057917E-5
3.5164028E-4
1.0460369E-4
2.7699556E-4
-2.7183036E-5
3.9171363E-4
1.2605023E-4
3.7865475E-4
9.112163E-5
3.3815784E-4
7.696176E-5
3.3184356E-4
7.755402E-5
4.8139182E-4
1.326716E-5
4.0087546E-4
1.2962036E-5
2.4002488E-4
-1.309713E-4
1.2247467E-4
-1.0813133E-4
1.8011873E-4
-5.4089473E-5
1.6922591E-4
5.782541E-5
1.9000309E-4
-2.9576615E-6
1.5300921E-4
1.03630926E-4
2.0054194E-4
-3.9801504E-5
1.3405032E-4
1.20241704E-4
2.8877464E-4
8.083394E-5
1.6971097E-4
6.478164E-5
1.6686434E-4
3.564553E-5
1.782098E-4
6.4586086E-5
1.4537899E-4
-6.285099E-5
3.188021E-5
-5.4748427E-5
-2.8014614E-5
-2.2505087E-4
-1.6103171E-4
-2.993054E-4
-1.5346301E-4
-3.8018654E-4
-1.8359037E-4
-3.4555877E-4
-1.4594136E-4
-3.8097159E-4
-3.2463224E-4
-4.591742E-4
-2.0435109E-4
-4.5832768E-4
-2.3160514E-4
-3.8673275E-4
-2.6890618E-4
-2.849097E-4
-2.5455988E-4
-2.693997E-4
-1.2742245E-4
-1.4554929E-4
-1.2107217E-4
-1.7040974E-4
-3.664731E-5
-8.8271336E-5
8.03851E-6
-5.277648E-6
1.9572724E-5
1.0850788E-6
3.9192064E-6
-7.3676993E-6
-6.563188E-5
-1.1899786E-4
-7.739487E-5
-1.9449602E-4
5.099813E-5
-2.628885E-5
5.105106E-5
-8.8479734E-5
-2.4958665E-5
-1.5645649E-4
-5.2285054E-6
-1.4203046E-4
-4.47211E-6
-1.2391777E-4
4.141359E-4
-3.6645454E-4
-4.0709873E-4
8.8374293E-4
3.87915E-4
-4.8509697E-4
-4.6605835E-4
-1.3075356E-4
4.6931492E-4
3.277519E-4
4.7839194E-4
1.3474222E-4
1.4393707E-4
-3.7965845E-4
-7.97451E-5
-6.23201E-5
1.3313061E-4
8.7818305E-5
-1.9236946E-5
-1.3457431E-4
1.9329863E-4
-2.330421E-5
-1.3077825E-4
-6.3541906E-5
1.3533747E-4
3.2394138E-4
3.5342487E-4
2.6818746E-4
4.652595E-4
2.6623037E-4
-8.172288E-5
-4.9960514E-4
-2.0440777E-4
2.7637507E-4
2.883817E-4
-8.8779225E-6
6.7078196E-5
-1.9898078E-5
-6.833466E-5
-1.03877144E-4
7.377016E-5
-1.1341243E-4
-3.1891563E-5
-1.4167815E-4
5.0846185E-5
-1.8632738E-4
8.2414765E-5
1.01975544E-4
2.7384647E-4
-2.2801156E-5
2.6096273E-4
1.19030665E-4
6.570659E-5
-1.7910569E-4
2.0991918E-4
2.5132493E-5
-9.964802E-6
4.733959E-5
2.828899E-4
3.3513908E-4
2.8307684E-4
3.0859915E-4
4.2146884E-4
1.0150913E-4
9.806471E-5
-2.1037748E-4
-3.8190694E-5
-1.6945749E-4
-1.6036042E-4
-2.4006572E-4
-4.6634188E-5
-1.9706113E-6
1.3864759E-4
1.6528911E-4
3.267004E-4
7.4997275E-5
1.2890605E-4
-1.1791733E-4
-5.98211E-5
-2.818113E-4
-2.830272E-4
-2.8376697E-4
-3.314209E-5
-4.4278928E-5
2.6315538E-5
-1.6877346E-4
6.132412E-5
-5.1921088E-5
-6.223796E-5
-3.1578584E-4
-1.7194149E-4
-3.7180874E-4
-1.6302735E-4
-3.978211E-4
-4.4713426E-5
-1.7147671E-4
3.5437333E-5
5.471238E-5
2.3576038E-4
9.3784576E-5
7.199041E-5
-7.095131E-5
-3.6966463E-5
-2.1550315E-4
-1.9879344E-4
-7.2956325E-5
1.17150375E-5
2.5519283E-5
1.0730152E-4
2.512745E-4
3.7088682E-4
2.4164909E-4
2.6948407E-4
2.9545627E-4
1.6178499E-4
-8.642947E-6
-5.0408114E-5
-1.0241307E-4
-9.518159E-5
-8.797917E-5
-1.0117811E-4
5.8497597E-5
1.5725651E-4
1.7409478E-4
2.4626526E-4
1.105226E-4
1.6317332E-4
-1.9963911E-4
-1.313797E-4
-2.3430823E-4
-9.481717E-5
-4.2143514E-4
-3.0304634E-4
-2.843639E-4
-8.485627E-5
-9.250921E-5
2.7824854E-5
-1.7107617E-4
-4.5563316E-5
-7.8991216E-5
-1.9205092E-4
-2.3102858E-4
-2.2003801E-4
-3.0022083E-4
-2.5250588E-4
-3.6907863E-4
-2.848969E-4
-1.9435096E-4
-2.4458332E-4
-1.8413646E-4
-2.194665E-4
-2.1932175E-4
-2.6367966E-4
-3.0979072E-4
-4.7331429E-4
-3.5041317E-4
-3.1345972E-4
-3.8417574E-4
-4.2205726E-4
-3.117972E-4
-1.8562871E-4
-1.1428923E-4
-1.8783173E-4
-5.0868413E-5
-3.3021588E-5
-2.043163E-4
-2.0841844E-4
-3.1157822E-4
-2.8379855E-4
-2.598062E-4
-5.385043E-5
-1.89144E-4
7.562616E-5
-5.878224E-5
-2.1581958E-5
-6.277872E-5
1.2245787E-4
1.0650301E-5
8.148125E-5
-1.09753004E-4
-2.0236552E-5
-1.936504E-4
-1.4777081E-4
-2.3438949E-4
-8.63558E-6
-6.146108E-5
-6.58211E-5
-1.3933351E-4
-1.8065135E-5
4.9321084E-6
7.315168E-6
-4.1457944E-5
-5.3231444E-5
-3.3439643E-5
7.116492E-5
1.0049536E-4
2.1758431E-4
2.925599E-4
1.8741637E-4
3.8378782E-4
3.1442952E-4
2.8401666E-4
3.3811672E-4
2.7603906E-4
2.1970613E-4
3.1681912E-4
2.5549767E-4
2.260201E-4
3.1697078E-4
3.062006E-4
4.2512605E-4
3.449949E-4
3.0865136E-4
2.8410737E-4
3.3887583E-4
2.4080025E-4
3.3370286E-4
2.1651179E-4
2.7518094E-4
5.124798E-5
1.6046666E-4
4.278005E-5
2.7429982E-4
1.1661215E-4
3.0440648E-4
1.5629952E-4
2.522359E-4
1.7655444E-4
3.3610518E-4
2.7956633E-4
3.150642E-4
1.7628622E-4
3.266009E-4
3.7647647E-4
2.8937488E-4
2.5337073E-4
1.3304681E-4
3.3865293E-4
8.9094676E-5
-1.4901084E-5
-3.598485E-6
1.19341224E-4
1.5012719E-4
1.3763913E-4
3.0478835E-5
1.5197387E-4
1.7885014E-4
6.240522E-5
5.8754747E-5
1.2263241E-4
8.462113E-5
-1.0352755E-4
-9.259228E-5
-9.0054906E-5
1.6450937E-4
4.2303505E-5
5.9194364E-5
4.2604333E-5
1.4860302E-4
6.27639E-5
1.6229339E-4
-8.649464E-5
1.15736366E-4
6.815714E-5
1.7345558E-4
-2.11341E-5
6.576319E-5
6.4912974E-6
4.106438E-5
-3.435994E-5
-1.4056684E-5
-2.051659E-5
-5.3964595E-6
5.1320393E-7
9.30994E-5
6.7935485E-5
1.807017E-4
1.7308524E-4
2.1406262E-4
2.1190738E-4
2.993537E-4
1.1813492E-4
1.8698607E-4
2.2214887E-4
9.356179E-5
1.2276214E-4
1.416435E-4
7.091959E-5
5.4119788E-5
8.587787E-5
1.7225578E-4
1.7460916E-4
2.7679602E-4
1.0434047E-4
1.3098078E-4
6.3861546E-5
1.4960513E-4
7.862354E-5
1.9559338E-4
3.335397E-5
1.18832664E-4
1.2053371E-4
1.9886366E-4
4.2222786E-5
1.9408931E-4
1.5865969E-4
1.5275164E-4
1.9275383E-5
1.5272232E-4
-2.892067E-6
2.247031E-4
-6.520426E-6
1.7120792E-4
1.252521E-4
2.3600491E-4
9.23649E-5
1.9437482E-4
9.613568E-5
1.244189E-4
2.2758442E-4
2.7984357E-4
8.7825974E-5
1.3836344E-4
8.656458E-5
1.1947181E-4
1.663566E-4
2.2723245E-4
2.4610656E-4
2.0915727E-4
2.242848E-4
1.3145733E-4
1.4597228E-4
1.8870953E-4
1.6310843E-4
1.447266E-4
1.6671773E-4
2.3738127E-4
1.624648E-4
1.8280245E-4
1.3572689E-4
2.4112339E-4
5.929228E-5
1.9099128E-4
7.583104E-6
1.1550837E-4
-6.60064E-5
-3.179966E-5
-8.667966E-5
-9.025934E-6
-9.159927E-5
-1.008014E-5
-1.0796227E-4
-6.3347297E-6
-1.8611726E-4
4.4168555E-5
-7.6030185E-5
4.86173E-6
-1.1758063E-4
2.4298377E-5
-1.6327025E-4
-1.0077572E-4
-2.051193E-4
-1.436896E-4
-2.358299E-4
-1.7181593E-4
-9.338115E-5
-9.832863E-5
-2.3689917E-4
-2.3005971E-4
-2.3086675E-4
-6.0061346E-5
-4.278859E-5
-1.2502875E-4
-1.8623419E-4
-2.0896252E-4
-1.3448289E-4
-1.3434215E-4
-8.794781E-5
-1.4351614E-4
-1.3403948E-4
-1.6271313E-4
-2.1492713E-4
-1.9594916E-4
-3.223755E-4
-1.7248717E-4
-2.3355019E-4
-2.3396351E-4
-2.1686465E-4
-2.450116E-4
-2.483719E-4
-6.914823E-5
-1.502268E-4
-1.8041259E-5
-1.9891448E-4
-2.600607E-4
-3.3722888E-4
-9.612774E-5
-2.0773525E-4
-4.3899528E-4
-4.4026127E-4
-1.4558651E-4
-1.874225E-4
-2.3197514E-4
-3.734345E-4
-2.631289E-4
-1.3934361E-4
-2.394566E-4
-3.0673877E-4
-3.6354657E-4
-3.1755364E-4
-3.470205E-4
-3.0507043E-4
-3.044643E-4
-3.4362686E-4
-2.3625203E-4
-2.7622204E-4
-2.3953956E-4
-3.91049E-4
-3.9270765E-4
-1.9349954E-4
-1.4074134E-4
-4.702596E-5
-1.6661768E-4
-2.793708E-4
-3.3141495E-4
-2.797247E-4
-2.6942862E-4
-3.1003592E-4
-3.4392017E-4
-3.4756414E-4
-2.4892515E-4
-3.564808E-4
-4.641715E-4
-2.5741817E-4
-2.17905E-4
-2.4533423E-4
-2.5395257E-4
-2.4606189E-4
-5.9540347E-5
-7.8385005E-5
3.8857243E-6
-3.4174514E-5
-5.4045468E-5
-7.982641E-5
-9.676134E-5
-4.2617277E-5
1.3352387E-5
9.330486E-5
3.6322712E-5
9.703388E-5
2.3589356E-4
1.2938902E-4
1.1434936E-5
9.32228E-5
-4.708156E-6
4.866806E-6
-1.3585735E-4
-3.1416203E-5
3.843145E-5
1.6606844E-4
-4.975949E-6
5.2964155E-5
8.963337E-5
4.3343884E-5
9.053405E-6
1.1367966E-4
1.1483716E-5
-1.4852252E-4
-7.3218485E-5
-1.3582614E-4
-1.1248477E-4
-9.011896E-5
5.4328786E-5
7.92167E-5
9.065406E-5
1.4513546E-4
1.7429971E-4
6.165636E-5
1.0142017E-4
3.0882056E-5
1.7820195E-4
1.06344625E-4
1.7128547E-4
1.3585678E-4
3.0012676E-4
2.8370754E-4
4.4786755E-4
3.7787145E-4
4.3712073E-4
4.2864555E-4
3.1362334E-4
2.8821424E-4
2.9246364E-4
2.7208877E-4
1.7308758E-4
2.2386378E-4
2.2956621E-4
3.3584947E-4
2.9897643E-4
4.1713077E-4
3.822748E-4
4.3012117E-4
4.076909E-4
4.7005346E-4
3.353206E-4
3.2946252E-4
2.4021284E-4
1.9594404E-4
2.4370951E-4
1.5909756E-4
1.6425965E-4
2.84946E-4
1.8299748E-4
2.3979062E-4
3.0122563E-4
1.7388315E-4
1.8428941E-4
1.2427974E-4
2.4358282E-4
1.0978601E-4
1.9641717E-4
9.746076E-5
2.457912E-4
5.2190393E-5
2.9159265E-4
1.5495451E-4
2.2310496E-4
6.2360356E-5
2.179222E-4
1.4375261E-4
1.691154E-4
1.1088744E-4
6.821719E-5
3.6719415E-5
2.7848678E-4
1.8567129E-4
1.9819227E-4
2.5354026E-4
3.3632515E-4
2.481863E-4
3.7022494E-4
3.7548953E-4
4.3402988E-4
4.054598E-4
4.803464E-4
4.0341154E-4
3.2041632E-4
3.526555E-4
4.888078E-4
4.3469534E-4
4.8383325E-4
6.0471747E-4
4.996022E-4
4.3918416E-4
4.8449094E-4
5.1893725E-4
6.235247E-4
3.851394E-4
4.753523E-4
3.282708E-4
3.7019173E-4
2.540306E-4
3.4049858E-4
1.7624104E-4
2.929014E-4
1.03904014E-4
3.4882905E-4
7.033693E-5
8.604061E-5
-3.794549E-5
2.0435806E-4
2.7411623E-5
1.08560635E-4
-5.648597E-5
5.9494585E-5
-1.8657395E-4
-1.13341535E-4
-5.3668875E-5
-3.5395355E-5
-1.8533856E-4
-2.6918846E-4
-2.3086525E-4
-1.7499618E-4
-1.9716282E-4
-2.1654325E-4
-3.2411932E-4
-2.3902974E-4
-2.4990886E-4
-3.0142968E-4
-3.336484E-4
-2.5346735E-4
-2.0936552E-4
-2.43635E-4
-8.147059E-5
-4.1091885E-6
-9.7040385E-5
-7.687293E-5
-1.2788162E-4
-2.4549442E-4
-2.1986326E-4
-2.1305718E-4
-2.1480242E-4
-1.5115706E-4
-1.6906759E-4
-2.077324E-5
-1.487898E-4
-1.0505354E-4
-2.8793962E-4
-1.5659332E-4
-3.0429914E-4
-1.2003185E-4
-2.2925514E-4
-1.04097104E-4
-2.414972E-4
-1.6680405E-4
-2.85707E-4
-2.9366204E-4
-2.6485676E-4
-1.21350866E-4
-1.8352711E-4
-1.5237856E-4
-2.682097E-4
-2.4359098E-4
-2.1077364E-4
-2.0078405E-4
-1.1894585E-4
-1.9662916E-4
-9.135543E-5
-8.637753E-5
-1.1603876E-4
-1.7788218E-4
-9.998296E-5
-1.4949388E-4
-1.3642023E-4
-2.4403614E-4
-1.6111624E-4
-1.04229504E-4
-1.02933016E-4
-1.3589537E-4
-1.5317819E-4
-2.1830962E-4
-2.1430111E-4
-1.5301562E-4
-2.8860316E-4
-2.7100023E-4
-2.5863084E-4
-1.613215E-4
-2.3538267E-4
-1.17601696E-4
-1.5386143E-4
-1.1827764E-4
-1.14427436E-4
-2.3585617E-5
-1.13984104E-4
-9.277196E-5
-1.2251109E-4
-6.0163416E-5
-3.6891455E-5
4.4293945E-5
-1.5465199E-5
-2.7662254E-5
-6.873239E-5
4.4850633E-5
7.864577E-5
1.2633787E-4
1.43287E-4
1.8926147E-4
1.3627285E-4
-3.055804E-5
1.7591567E-4
1.3082678E-4
1.09031665E-4
7.074999E-5
1.5173716E-4
1.14778406E-4
2.4987146E-4
9.698359E-5
2.955924E-4
2.4886415E-4
2.572451E-4
1.705864E-4
1.6825281E-4
2.0761362E-4
1.8781627E-4
9.293023E-5
1.13702874E-4
1.3692932E-4
1.191161E-4
1.8142251E-4
1.5743262E-4
1.4651347E-4
-1.0089603E-5
1.2486514E-4
1.4511496E-5
6.475527E-5
-1.4624507E-5
-7.705168E-5
-8.657934E-5
-6.111264E-5
-1.1771696E-4
-1.9630244E-5
-5.8720947E-5
1.05131985E-4
-5.2949184E-5
1.0854268E-5
-1.0185165E-4
6.489597E-5
-9.859681E-7
1.2994805E-5
5.64015E-5
-1.1305068E-4
-7.676319E-6
-5.230596E-5
4.098578E-7
-9.882358E-5
-5.8799757E-5
-1.3728405E-4
2.3202594E-5
-3.2680447E-5
8.4740124E-5
-1.3151718E-4
7.361819E-5
-1.488791E-5
2.8088501E-5
-5.236406E-5
7.116786E-5
5.9631057E-6
7.841535E-5
2.3938972E-5
3.6149195E-5
8.067733E-5
1.3791748E-4
7.7095465E-5
5.890055E-5
1.7708336E-4
7.277087E-5
1.0722586E-4
2.4206609E-4
2.2102565E-4
1.3510916E-4
3.2213825E-4
1.7148581E-4
2.051532E-4
2.2334713E-4
3.1519405E-4
2.7400552E-4
2.607269E-4
3.234072E-4
3.3005496E-4
3.5501612E-4
3.106124E-4
2.5409032E-4
2.9961544E-4
2.6710884E-4
2.867505E-4
2.4756897E-4
1.6749524E-4
2.7442208E-4
1.3417548E-4
1.722221E-4
1.425724E-4
1.8928848E-4
3.875724E-5
1.17104806E-4
5.058188E-5
7.1225855E-5
8.266529E-5
3.5596222E-5
-1.2449768E-5
-9.247038E-5
-1.2473798E-4
2.1738504E-7
-8.9641595E-5
-1.1283165E-4
-2.109768E-4
-1.9593521E-4
-2.8998376E-4
-2.573824E-4
-1.4718113E-4
-1.9395343E-4
-2.495242E-4
-2.53277E-4
-1.7097763E-4
-2.1762462E-4
-2.4280511E-4
-3.1820085E-4
-2.1645873E-4
-3.0353497E-4
-3.5702626E-4
-2.7179974E-4
-2.307384E-4
-2.5280443E-4
-2.996118E-4
-2.6446732E-4
-3.7358346E-4
-2.510483E-4
-2.8040388E-4
-1.4781267E-4
-2.290964E-4
-1.8427748E-4
-3.0390313E-4
-2.2358657E-4
-3.5051513E-4
-1.4274138E-4
-2.25913E-4
-6.3706975E-5
-2.2843412E-4
-1.9089285E-4
-2.4873196E-4
-1.949162E-4
-1.9444266E-4
-1.4675631E-4
-1.8589207E-4
-5.9518654E-5
-1.8007495E-4
-9.5482865E-5
-7.267182E-5
-6.7977694E-6
-2.516381E-5
-2.3650275E-6
-1.1288564E-4
-1.2793511E-4
6.360911E-5
-6.812948E-6
-7.6180564E-5
-5.2556432E-5
-9.3986906E-5
-3.536175E-5
-4.613862E-5
-1.1129046E-4
-2.2272614E-5
-9.7269665E-5
-2.3564903E-4
-6.827937E-5
-1.3240262E-4
-5.784254E-5
-1.04460305E-4
1.4917836E-4
-8.515611E-5
-3.333295E-5
-4.7798567E-5
3.2496326E-5
1.5676476E-5
1.463083E-4
7.656747E-5
3.0872304E-4
2.2863483E-4
2.3676935E-4
1.7852022E-4
2.7103067E-4
1.8268943E-4
3.3050764E-4
2.2604123E-4
3.1938104E-4
2.986211E-4
2.9389773E-4
2.2390396E-4
2.782737E-4
2.6476715E-4
4.2269132E-4
2.3427414E-4
2.50562E-4
3.1744034E-4
3.0454472E-4
3.1112274E-4
1.7633862E-4
2.1223008E-4
2.87002E-4
2.8527746E-4
2.1132838E-4
1.9141308E-4
2.079667E-4
1.7629565E-4
1.8897714E-4
2.4599774E-4
1.07580374E-4
1.1305934E-4
1.1107624E-4
1.20371056E-4
8.657072E-5
1.0820522E-4
1.8255092E-4
1.016634E-4
1.6190561E-4
1.3540566E-4
1.7655418E-4
6.99001E-5
1.6060003E-4
1.4705256E-5
2.0258893E-4
7.896658E-5
1.08183696E-4
4.878312E-5
1.03096034E-4
-2.7185128E-5
4.675785E-5
1.05418614E-4
1.7796952E-4
1.771911E-4
1.2942629E-4
3.9719474E-5
1.3263499E-4
1.08179454E-4
1.5203124E-4
1.9277561E-4
1.5468865E-4
1.8868882E-4
9.086615E-5
2.0408147E-4
1.1586776E-4
1.8192033E-4
9.195225E-5
1.9899433E-4
1.1300831E-4
2.6014284E-4
1.451884E-4
1.8720517E-4
1.3916606E-4
2.1843925E-4
1.4463291E-4
1.6639443E-4
2.1450821E-4
2.0410643E-4
2.4777994E-4
2.543446E-4
2.0501763E-4
2.960047E-4
2.7177538E-4
2.3339114E-4
3.1423016E-4
1.282158E-4
1.9607031E-4
2.2353583E-4
1.9607304E-4
1.6925937E-4
2.3474808E-4
1.2460725E-4
1.6195106E-4
1.503692E-4
1.8546313E-4
1.5199241E-4
2.02544E-4
1.6097396E-4
7.965577E-5
1.13139555E-4
5.8576694E-5
1.4373216E-4
1.879878E-4
1.5685786E-4
2.7081975E-5
1.8516531E-6
-1.0886288E-4
1.2303714E-4
-2.8944265E-5
9.924103E-5
-1.16243624E-4
-7.147007E-5
-1.3186061E-4
3.3163116E-5
-1.2522563E-4
-4.5984376E-5
-8.9869565E-5
-7.3452655E-5
-1.7514524E-4
-1.5141522E-4
-1.8274199E-4
-1.9215296E-4
-1.7574814E-4
-2.1713269E-4
-1.06025516E-4
-1.9515886E-4
-1.5642968E-4
-2.1039794E-4
-1.9876371E-4
-2.5617547E-4
-2.2118312E-4
-3.122283E-4
-2.3071925E-4
-2.8674433E-4
-1.9675541E-4
-3.347807E-4
-3.4018254E-4
-3.6072652E-4
-3.303687E-4
-3.502605E-4
-3.0597797E-4
-3.7462774E-4
-4.0203915E-4
-3.7362927E-4
-4.0708415E-4
-3.842097E-4
-4.6409198E-4
-3.7025308E-4
-3.7377176E-4
-3.8558387E-4
-5.548008E-4
-3.8841163E-4
-4.5565589E-4
-4.054051E-4
-5.569747E-4
-3.547621E-4
-5.231083E-4
-3.5287614E-4
-4.897158E-4
-3.8858957E-4
-4.0360139E-4
-4.4366886E-4
-4.45758E-4
-4.0392883E-4
-4.187012E-4
-3.6401165E-4
-4.5967565E-4
-4.893284E-4
-3.813132E-4
-4.2966407E-4
-3.8901955E-4
-4.6534897E-4
-3.0963542E-4
-3.845342E-4
-3.5102904E-4
-4.2525824E-4
-2.4731143E-4
-3.3622896E-4
-1.3977823E-4
-2.8253716E-4
-1.0186406E-4
-2.0790829E-4
-1.3958162E-4
-1.9955062E-4
-5.907706E-5
-8.730651E-5
-1.325488E-4
-1.0760081E-4
-1.7896159E-4
-5.519014E-5
1.6417292E-5
1.0467497E-6
-4.5245368E-5
-1.626498E-5
-1.2802251E-4
7.215759E-5
-4.5480897E-6
1.5477635E-4
6.3851774E-5
9.096311E-5
2.5880876E-5
2.1854216E-4
1.256295E-4
2.0071033E-4
1.5132467E-5
1.4054605E-4
1.8290977E-4
1.876495E-4
2.2219487E-4
2.3067811E-4
2.0851192E-4
1.6875789E-4
2.0975409E-4
2.0688333E-4
2.3315985E-4
1.42455E-4
3.373745E-4
1.8096421E-4
2.846771E-4
2.4550807E-4
3.1126686E-4
2.3599518E-4
2.3350699E-4
1.7717034E-4
2.0992338E-4
2.0927293E-4
2.2642856E-4
1.4747145E-4
2.3897526E-4
2.479235E-4
2.1374201E-4
1.968519E-4
5.954968E-5
1.4950524E-4
1.5036328E-4
1.8273777E-4
1.0339656E-4
1.02250546E-4
8.265599E-5
2.4785122E-4
1.613571E-4
2.0368495E-4
1.3336782E-4
2.0835304E-4
1.0131602E-4
1.8583641E-4
1.3753344E-4
7.122907E-5
8.65147E-5
1.0634296E-4
1.4074161E-4
1.5261678E-4
6.713785E-5
7.0837516E-5
1.5513286E-4
5.5268385E-5
1.7324847E-4
1.13848895E-4
1.5658388E-4
8.619095E-5
1.2225658E-4
2.088087E-4
1.0609918E-4
1.3332718E-4
3.008114E-4
1.9998134E-4
2.0883168E-4
2.5682154E-4
2.3024132E-4
2.6255962E-4
3.2193694E-4
4.041651E-4
3.9432594E-4
4.3584386E-4
3.2183868E-4
3.5965221E-4
2.8586524E-4
4.4483913E-4
4.1939542E-4
4.2122396E-4
4.1391197E-4
3.9731126E-4
3.9613488E-4
4.5550018E-4
3.3100188E-4
4.001971E-4
2.4768754E-4
4.5327836E-4
3.5150594E-4
4.1005362E-4
3.4748987E-4
4.2300587E-4
3.1811948E-4
4.0662743E-4
4.666904E-4
4.2885073E-4
4.1639077E-4
4.2229958E-4
4.0675976E-4
4.1951126E-4
4.1545174E-4
3.3517936E-4
2.8629403E-4
3.2247682E-4
3.1669546E-4
2.659546E-4
3.729112E-4
2.499592E-4
2.6064995E-4
1.4853005E-4
1.4309291E-4
1.8353284E-4
1.6078838E-4
2.2254967E-4
7.033422E-5
5.704143E-5
4.980413E-5
5.4036125E-5
-5.8129237E-5
1.7607954E-5
-1.0928141E-5
-2.4125718E-6
-5.083243E-5
8.374668E-5
-1.1646502E-4
-3.6126665E-5
-1.616522E-4
-8.39129E-5
-1.5299318E-4
-1.4384091E-4
-2.4595094E-4
-1.8456981E-4
-2.9036612E-4
-1.059113E-4
-2.343099E-4
-1.4244232E-4
-2.445756E-4
-3.0680024E-4
-3.536361E-4
-2.5186795E-4
-2.9974958E-4
-3.5238007E-4
-2.6676976E-4
-2.665161E-4
-2.948278E-4
-4.2119168E-4
-3.0625492E-4
-3.2267589E-4
-2.101474E-4
-2.5831963E-4
-2.1411656E-4
-2.708797E-4
-2.1289778E-4
-3.843137E-4
-1.9871668E-4
-2.5309387E-4
-2.6765847E-4
-2.7989628E-4
-3.0442892E-4
-2.9829494E-4
-2.8245334E-4
-2.3777472E-4
-1.8844518E-4
-2.8986242E-4
-2.603294E-4
-2.7723398E-4
-3.139478E-4
-1.9270735E-4
-1.5870287E-4
-8.755178E-5
-2.577327E-4
-2.925127E-4
-3.213804E-4
-1.7995041E-4
-4.2124037E-5
-1.01877056E-4
-1.62864E-4
-1.7528835E-4
-1.8509667E-4
-1.7217052E-4
-1.2489018E-4
-8.696523E-5
-1.7110344E-4
-1.4710963E-4
-1.5783374E-4
-1.6923733E-4
-3.4451044E-5
-1.4298133E-4
-3.5887333E-5
-5.064683E-5
-2.8770095E-5
-8.278275E-5
7.3401643E-6
-1.256014E-4
-1.1471099E-4
-1.5763153E-4
3.140707E-5
-1.1284067E-4
1.1102887E-4
2.7262704E-5
8.240077E-5
5.810369E-5
5.141843E-5
4.885322E-5
1.2734889E-5
9.9976736E-5
4.1586667E-5
9.07842E-5
1.1993976E-4
1.7302846E-4
1.736938E-4
1.850703E-4
1.7342293E-4
3.2128431E-4
2.76589E-4
3.1528872E-4
2.5339998E-4
2.6080786E-4
2.2760034E-4
3.4048737E-4
3.38618E-4
2.6803848E-4
2.757223E-4
2.958269E-4
3.2485084E-4
3.3353333E-4
3.9795198E-4
3.1992327E-4
3.8560998E-4
3.5826082E-4
3.7844703E-4
3.6405495E-4
4.6071093E-4
3.2264247E-4
4.124745E-4
3.3675812E-4
3.0486356E-4
4.2242918E-4
3.1318972E-4
3.3513713E-4
2.716136E-4
2.464391E-4
3.0746387E-4
2.5420275E-4
1.8920048E-4
2.0466918E-4
2.501871E-4
3.2236334E-4
2.68825E-4
2.4896683E-4
2.5086777E-4
3.055579E-4
2.910556E-4
3.1401066E-4
2.589959E-4
4.0226022E-4
2.7581342E-4
3.6185054E-4
2.563486E-4
3.405594E-4
2.4635813E-4
3.0580146E-4
3.0703624E-4
3.1880112E-4
4.1365274E-4
3.934181E-4
3.9544946E-4
3.0194197E-4
3.2283273E-4
2.0679213E-4
2.7536086E-4
2.1193082E-4
2.6280235E-4
2.436211E-4
2.610313E-4
1.9981261E-4
2.9079945E-4
1.8512613E-4
2.663078E-4
1.8574337E-4
2.7631002E-4
1.521687E-4
2.086727E-4
1.3340647E-4
2.134773E-4
2.2743692E-4
1.7815035E-4
1.647866E-4
1.4695578E-4
6.464701E-5
9.02949E-5
1.4434384E-4
2.6676464E-5
6.687454E-5
4.4359982E-5
6.098032E-5
8.197506E-7
5.8913687E-5
-1.0282094E-4
1.4215435E-5
-8.724491E-5
1.2479253E-5
-2.3795325E-5
-3.986982E-6
3.3300028E-5
-7.071909E-5
3.6071456E-6
-4.284468E-5
-1.8860077E-4
-1.661449E-4
-9.326781E-5
-2.0976648E-4
-1.2519867E-4
-1.6697284E-4
-8.654967E-5
-2.425832E-4
-1.2569575E-4
-3.0183853E-4
-1.7249073E-4
-3.2166994E-4
-2.8296481E-4
-4.253948E-4
-2.7052575E-4
-3.695149E-4
-2.8346447E-4
-3.7406842E-4
-3.8353508E-4
-4.3295504E-4
-4.0599002E-4
-4.0512596E-4
-5.2100635E-4
-4.4024075E-4
-4.2085914E-4
-4.3420005E-4
-4.8991543E-4
-5.8649306E-4
-5.518276E-4
-5.6780456E-4
-5.220511E-4
-4.2032253E-4
-5.2040536E-4
-3.689038E-4
-6.203503E-4
-4.0664413E-4
-6.380145E-4
-4.456196E-4
-5.822283E-4
-4.6224642E-4
-5.2924914E-4
-4.5851234E-4
-5.499379E-4
-6.121556E-4
-4.880855E-4
-4.5280135E-4
-4.251487E-4
-4.5955504E-4
-4.1659936E-4
-4.818116E-4
-4.2116598E-4
-4.7689272E-4
-4.0121327E-4
-4.397465E-4
-3.2430573E-4
-2.9994387E-4
-2.1024383E-4
-2.625683E-4
-2.842029E-4
-2.3622715E-4
-1.16577205E-4
-1.641613E-4
-1.4727372E-4
-2.1969316E-4
-1.8050167E-4
-1.8164456E-4
-1.9249834E-4
-1.6969637E-4
-1.9432353E-4
-1.643115E-4
-7.498857E-5
-2.576111E-5
-1.2193625E-4
-3.277145E-5
-9.071719E-5
-1.4112961E-5
-1.07090156E-4
1.3186158E-5
-6.698696E-5
2.1316344E-5
-1.1106672E-4
-4.7131212E-5
-1.2773457E-4
6.3387E-5
-4.3004748E-6
6.360864E-5
2.6508314E-5
6.0307444E-5
1.7955203E-5
8.5648004E-5
-9.015175E-6
-4.740531E-6
7.02729E-6
6.2970175E-6
9.241057E-5
1.5240043E-4
1.5260691E-4
9.6759424E-5
9.5220996E-5
1.6763786E-4
2.410695E-4
1.1097E-4
1.86624E-4
2.1954018E-4
2.069884E-4
1.0176764E-4
1.4554209E-4
8.4932675E-5
6.82356E-5
9.091058E-5
1.3273716E-4
1.9233047E-4
5.251972E-5
1.7734888E-4
1.1899374E-4
7.417911E-5
4.5797125E-5
1.0960666E-4
1.0269315E-6
1.3637172E-4
4.1085863E-5
8.227917E-5
7.210185E-5
1.6087775E-4
2.6130258E-5
1.7408773E-4
8.890919E-5
1.8585146E-4
1.10631496E-4
7.544707E-5
1.6067711E-4
1.5677592E-4
2.1972694E-4
1.894753E-4
2.5198265E-4
2.4335553E-4
2.3780839E-4
1.6031646E-4
2.4531854E-4
2.1225578E-4
3.3665582E-4
1.7955883E-4
1.899288E-4
1.660279E-4
3.435035E-4
2.098285E-4
2.71304E-4
2.4659093E-4
2.751846E-4
2.961416E-4
3.183594E-4
4.5680275E-4
3.5621496E-4
3.49517E-4
3.3690975E-4
3.6504812E-4
2.5799745E-4
3.330313E-4
3.2411696E-4
3.4617682E-4
3.5926228E-4
3.6440755E-4
3.1760443E-4
3.4280686E-4
2.540747E-4
2.673191E-4
1.6828006E-4
2.2201892E-4
2.2720941E-4
2.4134843E-4
2.2406147E-4
2.4984198E-4
1.7023871E-4
2.5842738E-4
2.5474076E-4
2.613098E-4
2.1283819E-4
3.1237944E-4
2.5981985E-4
1.8988877E-4
2.3404858E-4
9.559523E-5
3.0080482E-4
1.5738104E-4
1.5846276E-4
9.307435E-5
2.554175E-4
1.4105666E-4
1.0166131E-4
7.893599E-5
1.9582319E-4
1.1862804E-4
1.19137774E-4
4.8983107E-5
2.2166676E-4
9.1203336E-5
8.181606E-5
4.444023E-5
5.8142396E-5
3.7674814E-5
1.09957335E-4
3.4387114E-5
1.6153662E-7
3.3103355E-5
-5.1253344E-5
4.2489133E-5
-1.10717956E-4
-2.990758E-6
-2.1012659E-4
-1.3319735E-4
-2.2526359E-4
-2.0133847E-4
-1.8556778E-4
-1.4397372E-4
-2.8545404E-4
-2.6217813E-4
-2.1243254E-4
-2.1721325E-4
-2.589871E-4
-2.4395528E-4
-1.8597428E-4
-2.610924E-4
-2.0076291E-4
-2.3779797E-4
-2.9667045E-4
-2.8390493E-4
-2.7020837E-4
-3.5299317E-4
-1.7070983E-4
-3.2765116E-4
-2.8279054E-4
-3.5286095E-4
-2.5131443E-4
-2.251792E-4
-1.6749086E-4
-3.5419702E-4
-2.4614978E-4
-3.0978885E-4
-2.9502617E-4
-2.8768196E-4
-3.7164835E-4
-3.1905193E-4
-3.0111204E-4
-2.972522E-4
-2.731252E-4
-3.1062865E-4
-2.0075128E-4
-3.7017447E-4
-3.2298497E-4
-3.0971953E-4
-3.5132E-4
-2.935593E-4
-3.3114426E-4
-3.0148067E-4
-2.641225E-4
-3.1510007E-4
-2.4107058E-4
-2.5083913E-4
-3.01335E-4
-3.081977E-4
-2.1380521E-4
-2.9115885E-4
-1.2342291E-4
-1.781603E-4
-1.14269504E-4
-1.7400977E-4
-7.7471705E-5
-1.2484135E-4
-1.0146714E-4
-2.1351434E-4
-1.1233352E-4
-1.4159454E-4
-3.4835954E-5
-2.3062777E-5
5.3226013E-5
-8.0321435E-5
3.687455E-5
8.501668E-6
9.7984965E-5
-1.42359195E-5
2.0534104E-4
6.043423E-5
1.9830508E-4
1.03747814E-4
1.4729181E-4
1.4771675E-4
1.7578466E-4
2.824876E-4
2.2816412E-4
1.6480059E-4
1.9569871E-4
2.4543787E-4
3.0032173E-4
2.2578817E-4
1.9417613E-4
2.6708894E-4
2.5353036E-4
2.639897E-4
2.2960681E-4
2.4570498E-4
2.5263656E-4
2.1231045E-4
2.986317E-4
2.3455665E-4
2.5321654E-4
2.971902E-4
3.0132735E-4
8.9439134E-5
2.3061699E-4
2.934842E-4
3.3264878E-4
1.7164112E-4
3.0240678E-4
1.14576185E-4
3.9135033E-4
1.7101014E-4
2.1352606E-4
2.6193747E-4
3.527969E-4
2.6911494E-4
2.961107E-4
1.2798223E-4
2.6478546E-4
1.2041071E-4
2.8373068E-4
2.3780015E-4
2.8520077E-4
2.5062813E-4
2.3544356E-4
3.1145976E-4
2.0640314E-4
3.216055E-4
2.524767E-4
2.7499234E-4
1.2989453E-4
2.1272089E-4
2.007552E-4
1.5395273E-4
1.6035426E-4
1.0677207E-4
1.3945278E-4
7.496189E-5
1.0211336E-4
1.371786E-4
4.2743348E-5
5.739689E-5
6.21758E-5
-1.41791E-5
7.8315126E-5
6.81255E-5
8.557767E-5
-8.899218E-5
-5.4265747E-5
-1.3849659E-4
2.876179E-5
-1.7451857E-4
-7.738592E-5
-6.780923E-5
-8.960441E-5
-1.1863489E-4
3.0590265E-5
-1.335491E-4
-1.3189549E-4
-1.8489079E-4
-1.8428895E-4
-2.3237674E-4
-1.274331E-4
-7.140707E-5
-5.6453337E-5
2.3263187E-6
-4.9121467E-5
-1.5762838E-5
-3.2969183E-5
-3.619408E-5
1.1439191E-5
9.739798E-5
-6.375592E-5
-9.130919E-5
-2.0947529E-4
-5.6381406E-5
3.3741648E-7
-5.407266E-5
-1.3655816E-4
-4.6552064E-5
-5.8464233E-5
-7.388912E-5
-7.84984E-5
-3.5563513E-5
-1.329998E-4
-1.3425844E-4
-1.1390854E-4
-1.2856636E-4
-5.369317E-5
-1.9622661E-4
-1.1317111E-4
-1.2462787E-4
-1.0984901E-4
-2.2318342E-4
-9.126386E-5
-2.353267E-4
-6.429802E-5
-2.5068191E-4
-1.594721E-4
-2.5273248E-4
-1.305393E-4
-2.2736838E-4
-1.2180755E-4
-2.4093107E-4
-1.3104487E-4
-1.162095E-4
-1.2613945E-4
-1.6922982E-4
-2.0773703E-4
-2.2222093E-4
-1.9188173E-4
-1.3932546E-4
-1.0306794E-4
-1.3656596E-4
-2.6769252E-4
-1.7982133E-4
-2.1509652E-4
-1.12517126E-4
-2.0849136E-4
-1.1917101E-4
-1.7246629E-4
-9.037007E-5
-1.4856538E-4
-8.675981E-5
-9.184215E-5
-4.9582482E-5
-1.0527022E-4
-9.5995216E-5
-9.225259E-5
-1.889958E-5
7.6951605E-5
7.1471775E-5
5.4924214E-5
2.6715057E-5
1.2523457E-4
1.7293172E-5
8.310501E-5
7.993623E-5
2.798714E-4
7.97277E-5
1.9546151E-4
9.9968245E-5
1.804176E-4
9.483485E-5
3.0467458E-4
1.7314343E-4
1.53527E-4
7.9673715E-5
1.5265345E-4
1.06031584E-4
1.18290125E-4
5.8996244E-5
1.3017851E-4
1.1957728E-4
1.0477099E-4
6.810281E-5
1.4908772E-4
1.240282E-4
6.580267E-5
2.1497365E-4
4.334597E-5
8.416415E-5
9.9002405E-5
1.469769E-4
2.2595863E-5
3.982997E-5
3.5865924E-5
6.7754496E-5
5.208676E-7
3.894369E-6
4.833684E-5
5.853644E-5
-2.9915877E-6
2.5966066E-5
-1.6254766E-5
-2.9465467E-5
1.4452121E-4
9.1823764E-5
5.573897E-5
1.9063269E-5
1.4260183E-4
-3.6755908E-5
6.60871E-5
9.798771E-6
7.861038E-5
7.685988E-5
1.3066367E-4
5.0881703E-5
7.690046E-5
7.936925E-5
1.1732429E-4
-2.4073473E-5
1.2443276E-4
2.7235108E-5
4.6414178E-5
3.697911E-5
9.150639E-5
1.5582966E-4
8.241007E-5
8.9849156E-5
1.7400426E-4
7.050499E-5
1.15598436E-4
1.2691814E-4
9.1092785E-5
1.1546855E-4
4.6695128E-5
1.335334E-4
1.9749257E-4
1.8862475E-4
4.8680788E-5
1.4559201E-4
1.5187668E-4
7.203912E-5
2.5074766E-4
9.112957E-5
1.3089491E-4
9.395756E-5
2.2922119E-4
1.20724566E-4
2.491422E-4
1.4928539E-4
2.9545845E-4
1.3755837E-4
3.0045633E-4
1.6588483E-4
2.575513E-4
1.9383931E-4
3.8802673E-4
1.8148085E-4
3.7588764E-4
1.4893628E-4
2.4616267E-4
1.9596318E-4
2.924169E-4
1.9641784E-4
3.17622E-4
2.1719873E-4
1.142965E-4
1.138752E-4
1.5254514E-4
1.6378348E-4
1.5517013E-4
2.1010399E-5
2.94725E-6
1.7595853E-4
4.9596732E-5
-1.965065E-5
1.0391171E-5
5.8547135E-5
4.114524E-6
8.710046E-5
2.9507232E-6
-7.539445E-5
-1.0542214E-4
-3.6125089E-6
-3.7406295E-5
-3.51361E-5
-6.4557666E-5
-1.04302424E-4
-3.8395137E-5
-4.726251E-6
1.7917615E-5
-5.476125E-5
-2.335341E-6
-8.6315384E-5
-3.608089E-5
-5.8659138E-5
-2.3778792E-5
-8.107183E-5
-3.259472E-5
-1.1307348E-4
1.6014488E-5
-9.747491E-5
-1.6856638E-5
-1.249184E-4
-8.028553E-6
1.2705845E-5
-1.2326558E-4
-1.2557079E-4
-1.2155334E-4
-6.9325135E-5
-4.95682E-5
-4.3431424E-5
-1.571019E-4
-1.6150696E-4
-1.7976231E-4
-1.0121758E-4
-1.839714E-4
-5.2758587E-5
-1.4988435E-4
-7.645351E-5
-1.4582936E-4
-7.608425E-5
-1.5786129E-4
-1.5435113E-4
-2.1792209E-4
-2.1833953E-4
-2.4355887E-4
-1.4612709E-4
-1.3090349E-4
-1.221076E-4
-1.0347762E-4
-8.7386215E-5
-2.4153337E-4
-1.3767823E-4
-1.9512743E-4
-2.4763492E-4
-2.0251755E-4
-1.3334693E-4
-1.6845056E-4
-1.6494958E-4
-1.2602314E-4
-1.5358829E-4
-9.625016E-5
-1.5928283E-4
-1.0373183E-4
-1.1998686E-4
-4.0069135E-5
-1.6990567E-4
-6.8165886E-5
-1.0255959E-4
-1.0273343E-5
-6.791695E-5
-1.0814441E-4
-7.5582895E-5
-8.179714E-5
-7.3553674E-5
-1.422827E-4
3.3017062E-5
-9.50335E-5
7.5238124E-5
-8.314584E-5
-6.27093E-5
-1.0192122E-4
8.911022E-5
-3.7096917E-5
-3.0952728E-5
-1.1162902E-4
-3.413774E-5
-5.3689113E-5
3.2500495E-5
2.7323156E-5
-9.779181E-5
1.4016485E-5
4.37746E-5
-2.3670718E-5
7.473135E-5
4.8179365E-5
-6.037948E-5
5.398341E-6
-4.674168E-5
4.2137108E-5
3.0503676E-5
1.0585736E-4
4.1323205E-5
2.6167847E-5
1.8411507E-5
1.0998288E-4
8.619754E-5
8.914424E-5
7.6144635E-5
1.6397085E-5
4.213068E-5
1.2599997E-4
7.8326404E-5
1.0754023E-4
7.54308E-5
1.211916E-4
1.625094E-4
8.53201E-5
6.793866E-5
7.5975506E-5
9.398063E-5
4.8323454E-5
6.706726E-5
1.2195901E-4
1.0148796E-4
4.432027E-5
8.968145E-5
1.1233671E-4
7.5456825E-5
2.0467848E-4
2.1082304E-4
5.4404325E-5
1.8160751E-4
1.4336439E-4
6.360462E-5
1.5453195E-4
1.592737E-4
1.7486577E-4
8.593885E-5
1.3324848E-4
3.217148E-5
1.8321231E-4
1.6602706E-5
1.7419108E-4
1.4069791E-4
2.2565416E-4
1.0432403E-4
1.3943884E-4
7.652751E-5
1.7620472E-4
1.1685403E-4
1.5157326E-4
9.591356E-5
1.8732379E-4
1.7792228E-4
1.7340382E-4
1.8020542E-4
1.1749415E-4
1.809201E-4
1.2619433E-4
1.7696108E-4
1.5961092E-4
1.5745497E-4
1.4556873E-4
1.0800221E-4
1.5866535E-4
1.8206783E-4
1.9149852E-4
2.1304602E-4
1.2455357E-4
1.9877113E-4
1.1652446E-4
1.5920326E-4
1.0459616E-4
1.2085669E-4
1.1709251E-4
8.718521E-5
8.8603556E-5
2.1330483E-5
3.546238E-5
3.2959204E-6
5.9637892E-5
6.0648897E-5
-1.3602405E-5
-8.3005E-6
1.8225312E-5
-1.3763435E-5
8.458028E-5
-6.3772175E-5
-3.7410413E-5
-8.335509E-5
-8.612516E-6
-1.3521283E-4
-1.003457E-4
-1.2530485E-4
-1.5713231E-4
-1.9029716E-4
-9.97286E-5
-1.7931864E-4
-1.4703504E-4
-1.8166231E-4
-2.1467645E-4
-2.4347994E-4
-2.5644185E-4
-1.0722609E-4
-2.2777544E-4
-3.351689E-5
-2.2688476E-4
-1.3077534E-4
-1.2040652E-4
-1.1974218E-4
-1.9138632E-4
-9.5101575E-5
-1.8275042E-4
-2.0665432E-4
-1.5106343E-4
-1.1626945E-4
-1.679724E-4
-6.188091E-5
-6.338054E-5
-1.17780015E-4
-2.0395328E-4
-1.2298296E-4
-1.237607E-4
-1.893182E-4
-1.1052393E-4
-1.11072564E-4
-3.1772703E-5
-4.041755E-5
-4.6604655E-5
-1.7044297E-4
-3.7605074E-5
-1.5732276E-5
-4.2620366E-5
-1.2845703E-4
1.6323816E-5
-4.7723104E-5
2.3756682E-5
3.1946198E-5
1.1887239E-4
4.839791E-5
1.2280551E-5
-6.06101E-5
6.5303885E-7
8.950695E-5
-8.779795E-5
-5.2772182E-5
-5.7063968E-5
-6.0179504E-5
-1.0973357E-4
2.6730317E-5
-1.7701859E-4
-3.9215196E-5
-1.3633269E-4
-2.5001715E-5
-1.7474924E-4
-3.369534E-6
-6.960173E-5
-4.9029313E-5
-7.024795E-5
-8.3954E-5
-1.0866171E-4
-2.8169257E-5
-1.176988E-4
-9.887644E-5
-8.63046E-5
-1.4450193E-4
-1.7468866E-4
-1.0981586E-4
-1.07561E-4
-1.5369942E-4
-3.6415335E-5
-1.20648496E-4
-8.195122E-5
-8.1038634E-5
-5.4596367E-6
-1.1712217E-4
-4.6819838E-5
-5.299001E-5
-3.7500256E-5
-1.1856637E-4
-8.958397E-6
-3.937058E-5
-7.362266E-6
-4.4781846E-5
-5.2854542E-5
-2.4810213E-5
-1.1254835E-4
-2.6366388E-6
-7.152052E-5
-1.9593792E-5
-1.5011156E-4
-4.048234E-5
-6.0700622E-5
6.7510984E-5
-1.55272E-4
-5.3903506E-5
-1.7866232E-4
-8.246661E-6
-7.8577345E-5
-8.916134E-6
-7.4122654E-5
7.291209E-5
-1.9454425E-5
-2.0891144E-5
-2.5760293E-5
-1.4425978E-5
-4.707309E-5
1.0091395E-5
-5.4987388E-5
-1.4774794E-5
8.114328E-5
1.0987192E-5
-3.7646965E-5
-6.2411586E-5
5.136327E-5
-2.4952864E-5
4.33485E-5
1.9797879E-5
2.4846924E-5
1.5162731E-6
1.0609267E-4
-8.412525E-5
1.5543863E-5
-3.073223E-5
2.5653549E-6
-1.1239478E-4
1.8854675E-5
2.902192E-6
-1.8274226E-5
7.2383824E-5
-6.2274494E-6
-4.0412277E-5
-5.2223182E-5
5.9103404E-5
-7.4004083E-6
8.793629E-5
-5.4689946E-5
-3.7921436E-5
-5.3583175E-5
-8.435269E-5
-8.978184E-5
-4.5647667E-7
-4.9639737E-5
4.183293E-5
-7.507604E-5
-5.7319365E-5
-1.17660864E-4
-6.292924E-5
-2.8944576E-5
-3.7857277E-5
-4.084462E-5
-1.703013E-5
-1.8270657E-5
6.5540065E-5
4.40472E-5
-1.0889943E-4
8.2516664E-5
3.677972E-5
1.5545553E-4
-4.304317E-5
6.6973764E-5
-5.0919938E-5
6.581998E-5
-2.1988873E-5
1.09969296E-4
8.683429E-5
1.5335892E-4
-1.8391347E-5
1.7781215E-4
-3.1877586E-5
6.0317543E-5
-1.5626352E-5
8.399403E-5
4.2391188E-5
5.8939637E-5
9.4289484E-5
7.651296E-5
5.692652E-5
4.9236376E-5
4.9094237E-5
8.010539E-6
1.5247784E-5
-9.391642E-6
5.9530274E-5
-2.1372987E-5
5.716856E-6
1.4900233E-4
2.8744575E-5
-5.0951578E-5
2.6716483E-5
6.064064E-5
-5.702377E-5
-2.8400164E-6
-1.1278624E-4
8.5795364E-5
-1.2535299E-4
-3.2336626E-5
-1.0321624E-4
-6.7149864E-5
-6.960114E-5
2.32102E-5
-1.7596818E-4
-4.314786E-5
-1.651228E-4
-1.0253058E-4
-2.1461607E-4
-1.3676997E-5
-1.5382335E-4
-9.557627E-5
-2.5056538E-4
-1.1670959E-4
-8.680336E-5
-9.403739E-5
-1.21152574E-4
-2.0296126E-5
-1.4666968E-4
-1.2947193E-4
-1.4502295E-4
-7.788278E-5
-1.4160488E-4
-1.8595315E-4
-1.8843343E-4
-6.4287335E-5
-1.0861216E-4
4.8293573E-6
-1.11935835E-4
2.4584998E-7
-8.707099E-5
-1.5701471E-4
-7.633874E-5
-6.6964916E-5
-1.6178506E-4
-2.3646555E-4
-9.0684334E-5
-1.569849E-4
-2.4253872E-4
-1.7543959E-4
-1.440849E-4
-9.815685E-5
-2.9387846E-4
-1.5458048E-4
-2.3323283E-4
-1.11443595E-4
-2.0683698E-4
-8.1266546E-5
-1.571846E-4
-1.0350244E-4
-2.0962046E-4
-8.468232E-5
-2.1370377E-4
-9.173447E-5
-1.4747946E-4
1.649597E-5
-1.787723E-4
-9.075551E-5
-1.9597495E-4
6.9359517E-6
-1.715884E-4
-9.005318E-5
-5.559371E-5
-3.4667148E-5
-1.0017267E-4
-1.6937256E-4
-1.6270342E-4
-3.4589055E-5
-4.964703E-5
-2.5474E-5
-7.594416E-5
2.197009E-5
-5.951631E-5
-5.7850346E-5
-2.1059022E-5
2.4149385E-6
-5.121726E-5
-5.818002E-5
-6.282233E-5
5.9699934E-5
1.6763277E-5
7.98633E-5
5.1182134E-5
1.0692438E-4
-3.4146342E-5
6.088379E-5
-1.2398328E-5
9.653833E-5
-3.0306814E-5
2.3868715E-4
1.2328902E-4
1.9323779E-4
9.207119E-5
1.3927613E-4
3.7194368E-5
1.4791645E-4
1.1237944E-4
2.3502563E-4
7.462726E-6
1.5043381E-4
1.384286E-4
1.832449E-4
2.0079243E-4
2.7024574E-4
1.7709164E-4
2.0920922E-4
1.7959661E-4
1.8372922E-4
2.6144594E-4
2.3719619E-4
2.1813085E-4
2.4671014E-4
2.3126669E-4
1.8187276E-4
2.5096795E-4
2.6651312E-4
2.098195E-4
6.6435896E-5
1.2915426E-4
1.2097637E-4
9.936144E-5
1.25069E-4
7.9481484E-5
1.1510282E-4
1.7571897E-4
1.6897939E-4
1.6573486E-4
1.5623901E-4
1.20677614E-4
1.5833142E-4
4.5604484E-5
1.3051387E-4
-8.890633E-6
1.8255769E-4
5.0530965E-5
1.3689214E-4
4.043163E-5
1.8818177E-5
-4.6782283E-5
6.290649E-5
-6.4060965E-5
1.6344175E-5
-1.3278582E-4
-1.0291362E-4
-1.4474655E-4
-1.019627E-4
-1.02202095E-4
-1.6297553E-4
-1.4335364E-4
-1.6194342E-4
-1.8671714E-4
-2.0508717E-4
-1.8223772E-4
-2.491386E-4
-1.5601637E-4
-2.2465287E-4
-2.7250493E-4
-1.4919564E-4
-1.5239448E-4
-2.4458152E-4
-1.4642754E-4
-3.092045E-4
-1.2905848E-4
-1.9773528E-4
-1.7458406E-4
-1.4666472E-4
-2.2451015E-4
-2.0027506E-4
-1.7315127E-4
-2.2052716E-4
-2.7997865E-4
-1.1178889E-4
-1.8419667E-4
-1.3701554E-4
-2.0604249E-4
-1.1059505E-4
-2.1235511E-4
-9.2504444E-5
-2.678645E-4
-3.73621E-5
-2.611504E-4
-8.082696E-5
-1.8519834E-4
1.4446324E-5
-8.617699E-5
3.731483E-5
-1.6092241E-4
-2.0352853E-5
-5.404674E-5
4.9443686E-5
-1.06775966E-4
-3.1846506E-5
-8.2825136E-5
-7.5750286E-5
4.695211E-5
2.4030725E-5
-4.6934524E-6
4.7629772E-5
-1.2620493E-5
6.273108E-5
7.271172E-5
1.0133998E-4
2.1164682E-5
1.2266485E-4
1.4146151E-5
-5.467586E-6
-1.6849417E-6
5.1008246E-5
-2.4801488E-5
1.4975216E-4
-4.177189E-5
4.4450335E-5
-2.349233E-5
1.2971065E-4
-1.06283205E-5
1.8921644E-4
6.0039998E-5
1.2446368E-4
6.990848E-5
1.2086133E-4
1.4340133E-5
8.796967E-5
1.4222005E-5
1.3689003E-4
2.7333146E-5
2.1223193E-4
-3.300958E-6
6.2779785E-5
-3.5281864E-5
1.0852345E-4
1.1864894E-5
1.3862494E-4
-7.7794306E-5
6.487791E-5
-4.5406254E-5
-5.984586E-5
9.464711E-6
1.2390528E-4
5.030362E-5
1.1062326E-4
-4.8574762E-5
2.6482063E-5
-2.7237518E-5
6.738947E-6
-8.042472E-5
1.5733265E-5
-9.322271E-5
2.6588294E-5
-4.665183E-5
1.4354918E-5
-2.3463781E-5
-7.1906965E-5
-8.19606E-5
-7.9681624E-5
-1.02433856E-4
-1.1418312E-4
-1.0603143E-4
-1.6627855E-5
-1.5463446E-4
6.921527E-6
-1.27247E-4
-5.0981453E-6
-1.9577926E-4
-3.7263948E-5
-1.710295E-4
5.7114805E-5
-1.2012707E-4
-1.735317E-5
-2.1952899E-4
6.619671E-5
-1.4299325E-4
-1.143441E-5
-1.2805294E-4
7.948753E-5
-1.3953373E-4
7.152376E-5
-5.7495614E-5
-5.9581926E-6
8.643214E-5
7.7162535E-5
2.0910828E-5
5.437825E-5
5.3780874E-5
9.519336E-5
7.233276E-5
1.2556302E-4
1.3494719E-4
1.4974855E-4
9.493714E-5
1.7890845E-4
2.0983617E-4
1.6106927E-4
1.9329773E-4
1.6388285E-4
1.481213E-4
1.8027527E-4
1.4993276E-4
1.8435647E-4
2.5008863E-4
2.8573023E-4
2.1958002E-4
3.175707E-4
2.3811372E-4
2.509257E-4
1.5426276E-4
2.2586511E-4
1.8375152E-4
2.7664806E-4
9.703671E-5
3.102485E-4
1.17940224E-4
2.8799594E-4
8.734511E-5
2.4003893E-4
1.5212513E-4
2.6469995E-4
8.2871105E-5
1.9522017E-4
1.0022355E-4
1.9213143E-4
1.9334077E-5
1.7420818E-4
1.5543618E-4
9.514886E-5
-1.9325658E-5
7.9397054E-5
3.885873E-5
5.585182E-5
-3.8339873E-5
1.8404771E-5
-4.2360202E-6
-1.1515715E-5
-9.92159E-5
5.2211135E-6
-7.032248E-5
-2.017425E-7
-6.124708E-5
-3.0111125E-6
-1.4006946E-4
-1.9978967E-5
-1.8628166E-4
9.129574E-5
-1.4399893E-4
-3.1343778E-5
-5.7266312E-5
-9.042064E-5
-2.1600572E-4
-4.238303E-5
-2.3523164E-4
-5.761669E-5
-2.3166116E-4
1.9061712E-5
-2.457149E-4
-3.16011E-5
-2.501171E-4
-3.315023E-5
-3.1369276E-4
-1.0005111E-4
-2.994873E-4
-7.5480035E-5
-2.889135E-4
-3.8202732E-5
-2.5714203E-4
-8.43089E-5
-1.4142838E-4
-1.881454E-5
-1.1083417E-4
-1.13450296E-4
-1.6681309E-4
-7.831554E-5
-1.5447804E-4
-2.652383E-5
-1.9687126E-4
-6.4345135E-5
-1.3710177E-4
-1.1882078E-4
-2.0525134E-4
-6.4770415E-5
-9.869326E-5
-6.0237508E-5
-1.3645837E-4
-1.2680123E-4
-1.561757E-4
2.8651496E-6
-1.733856E-4
-8.907298E-5
-1.5581115E-4
-2.240633E-5
-3.7691912E-5
8.845925E-5
-1.8102226E-4
-1.3579837E-5
-2.7175725E-4
1.0108965E-6
-1.8606675E-4
-5.0700164E-5
-1.8450631E-4
-4.006047E-5
-2.4385512E-4
-4.3586464E-5
-2.1841326E-4
1.691007E-5
-1.8884672E-4
-2.431021E-5
-2.0613724E-4
7.643648E-5
-2.171319E-4
-1.12167945E-4
-1.5704868E-4
5.4075077E-5
-1.4493783E-4
-7.160416E-5
-1.8062495E-4
-3.4798086E-5
-1.5552E-4
4.816346E-5
2.455265E-5
-1.2254207E-4
-1.4962864E-4
-9.2283146E-5
-1.7163546E-4
-5.4842127E-5
-1.1956987E-4
-3.3812128E-5
-1.16822186E-4
-1.4156094E-4
-2.4698474E-4
-6.4476306E-5
-2.3844068E-4
-6.035348E-5
-2.594652E-4
-1.0441848E-4
-2.9213098E-4
-1.5005506E-4
-2.7907698E-4
-1.0617E-4
-3.23659E-4
-8.7414315E-5
-2.6662252E-4
-6.979516E-5
-3.051004E-4
-1.85892E-4
-3.3741476E-4
-8.49859E-5
-2.67214E-4
-8.003712E-5
-3.4266678E-4
-2.7004717E-4
-3.037205E-4
-8.8755456E-5
-2.5931158E-4
-7.341116E-5
-2.532936E-4
-1.9602108E-4
-1.9599094E-4
-1.09553155E-4
-1.5701371E-4
-7.111898E-5
-2.0993859E-4
-6.109768E-6
-1.5506089E-4
-9.008196E-5
-2.1152514E-4
1.3726492E-5
-3.91859E-5
6.1855906E-5
-6.791341E-5
-5.1027328E-5
-1.2828338E-4
9.376741E-5
-3.609087E-5
8.779625E-5
-1.4203874E-6
1.8332321E-4
-4.664479E-5
1.2651377E-4
1.3315292E-5
1.936967E-4
4.0302726E-5
3.2245915E-4
1.4307174E-5
2.0870066E-4
8.201842E-6
1.7822444E-4
3.3769204E-5
3.1346054E-4
1.2484423E-4
4.660977E-4
1.0631802E-4
3.652538E-4
1.4916067E-4
2.9721533E-4
1.0797656E-4
4.00106E-4
2.2575972E-4
3.8516967E-4
2.1175377E-4
3.485779E-4
2.1016266E-4
3.262625E-4
2.2820821E-4
4.035862E-4
2.0453635E-4
3.1091008E-4
1.4160486E-4
2.2796055E-4
1.4259934E-4
2.7715796E-4
1.4075972E-4
2.3560572E-4
8.701339E-6
1.6115162E-4
3.8617873E-5
1.8164399E-4
-1.4537143E-5
1.1974007E-4
-6.670823E-5
2.2256319E-4
-7.012331E-5
6.437394E-5
-1.8851898E-4
1.8228337E-4
-1.3924089E-4
8.049151E-5
-1.5152723E-4
1.0488982E-4
-1.4441345E-4
1.190897E-4
-1.6495469E-4
1.0519027E-4
-9.2594964E-5
1.0081939E-4
-2.5943454E-4
-4.483563E-5
-2.0232835E-4
6.0215327E-5
-2.3868748E-4
-5.0659393E-5
-2.7709114E-4
-8.140294E-5
-2.521116E-4
-8.1641025E-5
-2.5106463E-4
-6.1028277E-5
-2.8875016E-4
-1.6304954E-4
-2.4949663E-4
-1.7016125E-4
-2.7413038E-4
-8.0110054E-5
-2.7771134E-4
-7.309651E-5
-3.387977E-4
-8.1705926E-5
-3.2752377E-4
-9.452764E-5
-3.8086317E-4
-1.3156042E-4
-4.0441254E-4
-2.3634198E-5
-3.673415E-4
-1.6483893E-4
-3.943805E-4
-5.8567348E-5
-3.7831927E-4
-5.187541E-5
-4.2275674E-4
-8.60358E-5
-3.913994E-4
-8.728421E-5
-3.565698E-4
-6.106983E-5
-3.656932E-4
-3.609783E-5
-3.04159E-4
1.052344E-5
-2.950368E-4
-1.7483793E-5
-2.285303E-4
4.9672482E-5
-3.0077586E-4
1.1599261E-5
-2.2997665E-4
4.1892377E-5
-2.4577405E-4
6.783016E-5
-2.1120888E-4
1.5413322E-4
-2.3011962E-4
3.559917E-5
-3.181535E-4
4.678511E-5
-2.7325322E-4
1.487332E-4
-2.7302676E-4
7.307633E-5
-2.461904E-4
4.970196E-5
-5.2610456E-5
-1.8031779E-4
2.2858955E-4
-3.7319178E-4
-1.9483543E-4
6.370643E-4
-1.9647829E-4
1.5652538E-4
-1.4354475E-4
2.78072E-4
-1.798617E-4
2.8153503E-4
-1.4044002E-4
2.5904246E-4
-2.6126567E-4
2.2465663E-4
-1.5830496E-4
1.4079188E-4
-2.2226915E-4
5.3615993E-5
-3.4436057E-4
1.0520149E-4
-3.7413428E-4
-7.01653E-7
-3.0982646E-4
3.4098917E-5
-3.4930054E-4
1.7992012E-5
-3.3288993E-4
-1.4818283E-5
-3.4796837E-4
1.1452906E-4
-2.7534904E-4
1.01421225E-4
-2.6998337E-4
3.2537337E-5
-2.7394365E-4
-3.782629E-6
-2.81565E-4
-1.0304172E-5
-2.6143997E-4
1.2783518E-4
-2.9236448E-4
6.218177E-5
-3.9089605E-4
-1.7087494E-5
-4.209552E-4
4.284796E-6
-4.172217E-4
9.0296664E-5
-4.0504872E-4
2.5365882E-5
-4.3882523E-4
-4.9936123E-5
-4.254202E-4
3.164336E-5
-3.1994842E-4
1.5101969E-4
-2.925882E-4
2.1598993E-4
-3.7513702E-4
6.610786E-5
-3.183019E-4
2.4963755E-4
-2.2792656E-4
2.0097007E-4
-1.7080952E-4
2.586626E-4
-3.0458346E-4
1.977565E-4
-2.6522737E-4
2.0744417E-4
-8.100399E-5
2.4794973E-4
-1.3941113E-4
1.762211E-4
-2.7629206E-4
1.3494966E-4
-2.4227444E-4
1.6923709E-4
-1.232178E-4
2.0370432E-4
-2.6652843E-4
2.0640389E-4
-2.6030306E-4
2.1138086E-4
-1.987806E-4
2.2550147E-4
-1.5519638E-4
4.5246969E-4
-1.2664637E-4
2.6930214E-4
-1.12273054E-4
2.955616E-4
-2.2809011E-4
3.558787E-4
-1.057942E-4
4.0688773E-4
-1.9783283E-5
4.312312E-4
-4.284895E-5
3.673067E-4
4.000586E-5
3.6903517E-4
7.9445854E-5
4.8403867E-4
8.789143E-5
3.2324524E-4
1.2720814E-4
2.9076028E-4
2.1086542E-4
1.3827435E-4
2.674962E-4
-6.428264E-5
4.0224506E-4
-3.5152715E-4
6.177494E-4
-6.993476E-4
9.570164E-4
-0.001260113
0.0014421685
-0.0019654331
0.0023015493
-0.0030523958
0.0034542622
-0.0043844013
0.0049992683
-0.006169509
0.0068038693
-0.00783219
0.008592943
-0.009418984
0.010354708
-0.010447336
0.011184119
-0.010756654
0.01035923
-0.009126742
0.0072417306
-0.0044542155
6.300654E-4
0.0049815425
-0.012302026
0.026788343
-0.05685622
0.113827474
-0.17925769
0.25660092
-0.25576547
0.2575457
-0.20849945
-0.5094773
0.873897
0.43915024
-0.59289443
-1.0
-0.41939086
-0.0104863895
0.5208757
0.64571524
0.6375902
0.33828738
0.004496289
-0.15442364
-0.12645642
0.08531034
0.19972894
0.24849717
0.04828401
-0.008278545
-0.036616836
-0.29347318
0.05762412
-0.48255834
-0.40238443
0.37205425
0.07059935
-0.51873356
-0.5421684
-0.35323542
-0.20873837
0.07254173
0.17283429
0.13366486
-0.0047600097
0.044733994
0.05169108
0.026329212
0.026303368
0.102284364
0.13815299
0.10520364
0.03253612
-0.048912514
-0.07528355
-0.0069768205
0.00797282
-0.045238882
-0.056204755
-0.03003329
-0.027603624
-0.061228637
-0.060589004
8.1318634E-4
0.014368629
-0.0199976
-0.043347444
-0.06554544
-0.07944382
-0.073402286
-0.047255054
0.0131242
0.07407066
0.058173675
0.009615928
0.0024784063
0.03101867
0.04647775
0.055432875
0.07482765
0.079256825
0.06583936
0.06166536
0.078617945
0.08528982
0.09543948
0.09784825
0.061654005
0.03648652
0.04696917
0.035738233
0.036762223
0.052444573
0.059904758
0.05604477
0.042578436
0.017119251
-5.73497E-4
0.0074661877
0.016321024
0.04062841
0.0559442
0.05105983
0.034426462
0.018044712
0.022215914
0.036876936
0.03785496
0.05553988
0.061060205
0.052070707
0.036582176
0.019450616
0.005174775
0.0021757244
0.017047945
0.0375548
0.03442276
0.025113802
0.017577892
-1.1391948E-4
-0.012910007
-0.017755747
-0.01597814
-0.008243259
0.010229241
0.020661538
0.014249051
0.009854472
0.004380914
-0.001772175
-0.009648939
-0.0073870034
0.0010690549
0.0079232175
0.018956797
0.024399871
0.014060812
-9.2205097E-4
-0.014704754
-0.02029067
-0.02127669
-0.016845223
-0.005593205
-0.0046798657
-0.003781184
-0.0068911547
-0.01708758
-0.03315982
-0.039588384
-0.035288516
-0.029326199
-0.022810198
-0.022057176
-0.01960282
-0.022732895
-0.029713597
-0.03545783
-0.038731627
-0.03672444
-0.030328006
-0.025798855
-0.015099052
-0.016421186
-0.022277571
-0.028575432
-0.030439015
-0.03403206
-0.034455
-0.031572845
-0.026982917
-0.029807389
-0.028624447
-0.02992236
-0.036902305
-0.042628627
-0.041244403
-0.035695598
-0.03301027
-0.027632298
-0.024745313
-0.02390754
-0.028983537
-0.031935766
-0.02759015
-0.03037258
-0.032257296
-0.028478755
-0.018505039
-0.0135039715
-0.011808472
-0.012913784
-0.017067175
-0.020801159
-0.01847969
-0.016173504
-0.013778591
-0.0130205
-0.012645563
-0.013127831
-0.01566239
-0.015957484
-0.013515997
-0.012081603
-0.010657907
-0.009276031
-0.0068134223
-0.0062647825
-0.0066579697
-0.007253434
-0.0072811204
-0.007125728
-0.005845375
-0.0046048025
-0.0034323733
-0.002620379
-0.0022691349
-0.0030009777
-0.0037379852
-0.004272982
-0.004177955
-0.0034817462
-0.0023326923
-0.0015144959
-0.0010996413
-9.819546E-4
-9.755517E-4
-0.001016997
-9.168143E-4
-6.8772794E-4
-3.7294923E-4
-1.7743661E-4
-7.0910064E-5
-6.0767146E-5
-5.2547195E-5
-5.8304187E-5
-3.196651E-5
-8.672355E-6
-0.0
