* Impulse Response data saved by REW V5.20 Beta 12
* IR is normalised
* IR window has been applied
* IR is not the min phase version
* Source: Microfone (E-MU 0404 | USB), no input selected, Left channel, volume: no control
* Dated: 29/06/2017 16:39:19
* Measurement: jun 29 16:39:19
* Excitation:  128k Log Swept Sine, 1 sweep at -14,0 dBFS  Using a loopback as a timing reference
* Response measured over: 1,8 to 20.000,2 Hz
0.01768319495022297 // Peak value before normalisation
5996 // Peak index
6207 // Response length
2.0833333333333333E-5 // Sample interval (seconds)
-0.125 // Start time (seconds)
* Data start
-0.0
1.115713E-10
-2.3709693E-10
1.1253455E-10
-7.189915E-10
1.9918618E-9
1.4823676E-9
3.4650212E-9
9.719843E-9
2.8951301E-9
2.2432805E-9
2.6656628E-9
1.2120393E-8
1.5995129E-8
1.3578382E-8
2.5979055E-8
5.301325E-8
4.0938605E-8
3.2306087E-8
2.199331E-8
2.7549524E-8
1.2437864E-8
5.171168E-8
2.0142009E-8
-3.8444014E-8
-4.004351E-8
-1.3263531E-8
-5.035304E-8
-7.090314E-8
2.7196611E-8
-1.6704163E-7
-6.139932E-8
-1.9367015E-7
-9.191552E-8
-2.3329817E-7
-1.4830974E-7
-2.5712475E-7
-1.5500339E-7
-1.8736094E-7
-2.9405957E-8
-1.5194608E-7
-2.642462E-8
-9.402939E-8
1.10230445E-7
-2.168002E-7
-7.428021E-8
-1.0417002E-7
1.5271948E-7
-1.417607E-7
-1.4474129E-7
-1.7177888E-8
-1.4389961E-7
-4.192455E-8
-2.495465E-7
-1.719818E-7
-3.9298828E-7
-7.8501046E-8
-4.5027693E-7
-3.2017275E-7
-3.3453932E-7
-2.6865047E-7
-4.058427E-7
-8.596356E-8
-2.1060984E-7
-4.9789105E-7
-4.3318144E-7
-2.4918432E-7
-5.044667E-7
-4.714165E-7
-2.1880747E-7
-4.1245474E-7
-7.211233E-7
-1.664124E-7
-1.4278824E-8
-3.5763125E-7
3.3530264E-7
-5.1687374E-7
4.3208587E-7
2.2727829E-7
6.14903E-7
6.934243E-8
5.1952946E-7
-2.100376E-7
6.055304E-7
-4.629345E-7
3.9645263E-7
-4.774301E-7
2.632517E-7
3.8767325E-8
1.5656431E-7
4.297616E-7
2.2795975E-7
-3.759571E-7
3.059219E-7
6.960758E-8
-2.3083479E-7
-2.689151E-7
4.7117E-7
-5.420181E-7
-1.5726265E-7
3.99636E-7
3.1755266E-7
3.1984317E-7
-2.4146317E-7
8.8954044E-7
-1.0606323E-7
1.6029819E-7
-4.1928456E-7
5.3000645E-7
6.1444507E-7
5.0637294E-7
1.5495076E-6
8.9062223E-7
5.943686E-7
6.53645E-7
1.6580186E-6
1.5164964E-6
1.7423807E-6
1.1485447E-6
2.2261572E-6
1.1539395E-6
2.9366106E-6
1.9803191E-7
1.2478691E-6
-8.0473804E-8
8.4700827E-7
5.9397854E-7
2.1183123E-6
-1.3708475E-6
-5.0121418E-8
-5.1566326E-7
6.953122E-8
-2.00687E-6
3.2714023E-8
1.034583E-7
-5.4147193E-7
-1.5367121E-6
-5.857974E-7
-7.300041E-7
-1.0037623E-6
-3.348094E-7
4.1617997E-7
-1.8178551E-7
7.083516E-7
-2.7166712E-7
9.646425E-7
1.6036853E-6
1.7969613E-6
2.1747092E-6
2.413364E-6
2.6921364E-6
1.1479152E-6
1.8460486E-6
1.0990163E-6
1.8110247E-6
2.249446E-6
-8.864062E-7
2.4213007E-6
7.895042E-7
8.3524066E-7
-3.3409006E-7
8.65579E-7
9.1022275E-7
3.4003424E-6
2.066291E-7
8.279949E-8
-1.6925728E-6
8.4650264E-7
-1.3727441E-6
-2.5642776E-6
-8.070808E-7
2.195054E-6
6.89883E-7
3.4822628E-7
-1.1890719E-6
4.3954956E-6
2.1547057E-6
4.4260723E-6
3.5828664E-6
3.8506364E-6
4.3428563E-6
3.2730181E-6
5.118871E-6
6.2651106E-6
7.324646E-6
6.604927E-6
4.6260616E-6
5.9033064E-6
2.7767676E-6
3.276203E-6
4.3567898E-6
2.0116588E-6
3.543207E-6
2.451526E-7
6.826835E-6
3.1443103E-6
3.0068345E-6
2.7019805E-6
1.5602009E-6
5.964289E-7
-1.1408133E-6
1.3780431E-6
3.4648428E-6
1.916068E-6
9.557522E-7
1.597836E-6
4.6265623E-6
3.2261032E-6
-1.578526E-6
6.1237192E-6
3.1106094E-6
9.335106E-7
-2.4408507E-6
-1.4218987E-8
-2.4272413E-7
1.3217201E-6
-1.8316872E-6
-2.0393513E-6
-3.9549964E-6
-4.9539494E-6
-4.2029396E-6
-9.480428E-7
-3.5416429E-6
-6.255208E-6
-2.0764148E-6
-3.147458E-6
-3.214279E-6
-3.8434105E-6
-1.9101692E-6
-9.817128E-7
4.0732907E-6
-1.8537252E-6
2.0571886E-6
8.2138837E-7
4.4995304E-6
3.856957E-6
2.7530712E-6
2.2014883E-6
5.389738E-6
-1.5389454E-6
4.7126787E-6
1.5159484E-8
6.3086854E-6
-1.1403322E-6
-3.1178482E-7
9.600193E-7
1.5036793E-6
-7.2227823E-7
-4.6853406E-6
1.2075385E-6
-1.2968877E-6
8.302352E-7
-3.1864802E-6
-7.6973544E-7
-6.611427E-6
2.3349999E-6
-3.1946709E-6
-1.0930268E-6
-6.7044434E-6
-8.264936E-6
-4.579345E-6
5.301084E-6
-1.8261164E-6
2.7858488E-7
-5.3619474E-6
-5.1709917E-6
-8.7020936E-7
1.0468711E-6
-3.380296E-6
8.760429E-7
5.9355098E-6
-2.3400316E-6
2.5903987E-6
6.2127456E-6
1.8746169E-6
6.1766445E-6
1.178152E-5
6.9734683E-6
1.355158E-5
9.038316E-6
6.807812E-6
3.7872894E-6
7.067175E-6
8.253702E-6
6.269252E-6
6.166585E-6
1.1648924E-5
2.4167693E-6
-1.4168812E-6
6.6055513E-6
5.586577E-8
8.421663E-6
7.790789E-6
4.9488704E-6
-1.608578E-7
6.6259017E-6
-4.831994E-6
5.917913E-6
5.0049657E-6
9.545995E-7
-3.4639902E-6
1.07236665E-5
-2.7389312E-6
1.9704096E-6
-4.2975427E-7
8.447234E-6
-1.1788129E-6
1.0430627E-5
3.4474137E-6
-8.620526E-8
3.4096036E-6
1.214165E-6
-1.0250625E-6
7.824784E-6
1.1930933E-6
6.427453E-7
3.3960864E-6
4.967568E-7
6.974354E-6
-2.3609985E-6
4.9151517E-6
4.6330265E-6
-2.6419868E-6
-1.1836423E-6
7.0243556E-7
2.6542589E-6
8.301339E-6
4.9287496E-6
3.4143145E-6
1.7127389E-6
-1.3721268E-6
-4.941139E-7
-5.4834545E-6
1.491243E-6
-4.307194E-6
6.3668285E-6
-8.567331E-6
5.344054E-7
-1.35141E-5
-1.8899765E-6
-4.800003E-6
-6.123741E-6
-6.9220673E-6
1.2134416E-5
1.0891181E-5
1.1596843E-5
4.3219106E-6
1.4314219E-6
-5.5044234E-6
1.4663574E-5
4.9812193E-6
1.1626945E-5
1.0854365E-5
6.565324E-6
8.631461E-6
5.6874433E-6
1.1174083E-5
1.5263413E-5
1.3554524E-5
3.1587515E-6
1.2134362E-5
5.9708614E-6
1.3086914E-5
4.437888E-6
1.8592118E-5
-2.6276914E-6
8.845855E-6
7.0185934E-6
9.777779E-6
-2.5950098E-6
7.406432E-6
1.6313957E-6
5.3382837E-6
-1.1891309E-5
5.097837E-7
-2.0295372E-6
5.908536E-7
2.0833845E-6
2.1849355E-6
1.0074067E-5
1.376605E-6
-3.63839E-6
9.0370025E-7
1.0260327E-5
1.4433011E-5
2.248133E-5
9.757566E-6
5.8499936E-6
4.107308E-6
1.803022E-5
1.1203642E-5
2.3502298E-5
2.3726154E-5
3.3289052E-5
1.8306455E-5
1.3037411E-5
2.0156025E-5
1.0276026E-5
2.3825349E-5
2.1389485E-6
2.3963557E-5
2.7328833E-6
1.9403493E-5
-1.4780875E-5
6.0280768E-6
-3.1818959E-6
-2.7601006E-6
-2.3602319E-5
2.095458E-6
-1.6758342E-5
-5.369157E-6
-1.427521E-5
-3.311289E-6
-3.957995E-5
9.1972396E-7
3.342403E-6
8.878629E-6
2.9037121E-6
1.7493892E-5
1.5587115E-5
2.1716167E-5
1.8625813E-5
2.7545506E-5
2.6676156E-5
3.270249E-5
1.8481298E-5
2.9577985E-5
2.829764E-5
1.1529529E-5
3.028736E-5
2.237141E-5
3.0690364E-5
-4.3212453E-6
1.30587305E-5
-6.84308E-6
2.493603E-6
-1.2035784E-5
-3.492486E-5
-1.887653E-5
-1.37926545E-5
-9.782437E-6
-1.6202892E-5
-1.74399E-5
-3.3972887E-5
-1.0540155E-5
-4.292168E-5
-9.954499E-6
-1.39280555E-5
1.0393241E-5
-7.86598E-6
2.2127548E-5
-1.0729847E-5
3.1010935E-5
-1.0276208E-5
1.095603E-5
1.9974217E-5
1.9994694E-5
9.924186E-6
1.5417823E-5
1.2067793E-5
2.7323314E-5
1.2170703E-5
2.6848284E-5
1.9662775E-5
3.7885657E-6
1.4777307E-6
1.4577519E-5
-1.0707452E-5
-3.5126047E-6
7.3524416E-6
-6.5659183E-6
5.6665813E-6
-3.6922577E-6
8.2879005E-6
-5.042581E-7
5.680414E-6
1.4013039E-5
-1.8311332E-5
-1.1549326E-5
-1.9001242E-6
6.4212622E-6
1.7637898E-5
-1.3058608E-5
-2.710087E-5
2.8881039E-5
-6.1657006E-6
-1.14498835E-5
-1.1175992E-5
9.1884885E-8
-8.370278E-6
-2.2802408E-6
-8.773888E-6
-4.6213486E-6
-3.5557794E-5
-1.1873784E-5
-1.571929E-5
9.110157E-6
-8.961564E-6
2.7633996E-5
-9.413436E-7
2.0165913E-5
1.1483617E-5
1.1157444E-5
-3.132363E-6
2.4685462E-5
1.9694202E-5
1.541961E-5
-3.5927114E-6
2.4956762E-6
-1.9190504E-5
-1.122467E-6
-1.1590731E-5
-3.816562E-5
-1.416611E-5
-1.08949125E-5
-5.8685137E-6
-3.118448E-5
-1.3091595E-5
-1.7660268E-5
-1.8893283E-5
-3.8576236E-5
-1.9085099E-5
-3.2357213E-5
-3.0175344E-5
-3.21221E-5
-2.57744E-5
-3.2252236E-5
-2.549374E-5
-1.9769317E-5
-1.0119332E-5
5.679254E-8
-6.27049E-7
2.4921574E-5
-7.4034983E-6
3.6873662E-5
1.3923832E-6
2.623592E-5
6.476959E-6
9.77768E-6
7.2144962E-6
1.846035E-5
-3.30934E-7
2.919043E-5
-1.0715253E-5
4.375492E-6
-4.7542903E-6
-1.8101482E-5
-3.3574557E-5
-4.7795165E-5
-5.7349557E-6
-2.7893051E-5
1.3631281E-5
-2.8024155E-5
-2.8030776E-5
-3.0642113E-5
-2.0179832E-5
-1.912805E-6
-1.1994027E-5
-1.1714105E-5
9.590053E-6
-1.34782E-5
1.2094976E-6
-7.373838E-7
4.60704E-6
-1.6987984E-5
3.1278094E-5
2.3782698E-7
-5.130792E-6
1.7579645E-5
3.2630054E-5
2.8261916E-6
3.6679034E-5
3.4944467E-5
8.059419E-6
5.338568E-6
3.4116229E-6
5.6481867E-6
-3.0934357E-6
1.970676E-5
-1.1845859E-5
4.9149335E-6
-9.811746E-6
3.3902776E-5
-7.639798E-6
-4.8519105E-6
2.5362046E-6
1.4274127E-5
-5.577625E-7
2.649068E-5
5.752131E-6
4.5329894E-6
4.879282E-6
3.2946384E-6
9.605952E-6
2.222271E-6
2.3286539E-5
-8.729666E-7
3.384136E-6
4.1712123E-5
6.2661486E-5
1.751665E-5
4.030724E-5
8.567016E-6
5.385E-5
-1.0138171E-5
5.712658E-6
-2.0021947E-7
1.5427859E-5
-1.2256049E-5
4.025467E-5
2.9905073E-6
1.31603665E-5
-7.3125766E-6
-2.6690917E-5
-1.676461E-5
-1.3203564E-5
-1.5936303E-5
-5.6599547E-6
-1.11584195E-5
-1.6499696E-5
4.0502173E-6
-1.5347245E-5
-1.1324432E-5
-4.5790406E-5
2.2930564E-5
-4.133563E-5
-5.943981E-6
9.3231565E-6
1.4588812E-6
-3.03411E-5
6.7065243E-6
1.0745931E-5
-3.1370862E-5
2.1014997E-5
-1.1677208E-5
3.0121932E-5
8.0048443E-7
3.103613E-5
-8.008845E-6
8.838096E-6
-1.8942499E-5
-5.3976496E-6
-2.7869196E-6
-1.9714738E-5
-1.3022964E-5
1.7959283E-5
-1.0562222E-5
2.4851399E-5
-1.2120321E-5
-9.957697E-6
-7.549591E-6
-1.1168084E-5
-9.172324E-6
-7.951873E-7
-4.716973E-5
-4.8832168E-5
-2.9003775E-5
-2.388011E-5
-1.8571078E-5
-2.2716635E-5
-1.0096315E-5
-1.0540999E-5
-1.4567012E-5
-1.7787726E-5
1.703529E-5
-2.5735984E-5
1.8924156E-5
-6.9665757E-6
1.9899959E-5
7.5493913E-6
3.9213057E-5
-9.8608325E-6
8.973589E-7
-3.081248E-5
-3.577634E-5
-4.6536607E-5
-1.1429404E-5
-1.19947035E-5
-1.4894082E-5
-3.9864813E-6
6.0675598E-6
2.3864233E-5
4.450551E-6
8.8984325E-6
-1.6447231E-5
2.7660713E-5
-2.0776629E-6
5.5943223E-5
-2.74115E-6
1.4477895E-5
-5.100919E-6
-1.1004581E-5
3.2945547E-5
-1.498626E-5
3.8598628E-5
-1.4286205E-5
3.514738E-5
-3.7505793E-5
3.7942667E-5
-6.7906603E-7
3.953552E-5
-6.707988E-5
8.5470296E-5
-8.644632E-5
7.498283E-5
-1.6047359E-4
1.1245665E-4
-1.6544783E-4
1.3833288E-4
-1.8453372E-4
1.9551933E-4
-2.2323054E-4
2.4717007E-4
-3.7986395E-4
4.3705455E-4
-5.03321E-4
8.511858E-4
-0.0010131258
5.834925E-4
-5.140706E-5
-5.595481E-4
0.0021592104
-0.0015261661
-3.5347644E-4
-4.7664467E-4
0.0012571216
-6.496021E-4
6.47824E-4
-1.8412899E-4
0.0012367027
-2.9465172E-4
-5.505948E-4
-0.0013349297
-4.913845E-4
-6.6760974E-4
4.1353214E-4
7.346347E-4
0.0018477543
8.7146414E-4
3.8908856E-4
-5.3056784E-4
-6.464315E-4
-0.001201718
-7.2740606E-4
-7.504731E-4
1.9208197E-5
-9.372872E-5
3.5264075E-4
-8.980861E-5
8.0683836E-5
1.0842107E-4
5.3171715E-4
3.58623E-4
3.840415E-4
3.817059E-4
4.6317233E-4
2.2186329E-4
2.4728366E-4
3.2337604E-5
2.129674E-4
-4.9807317E-5
-1.2945509E-4
-3.9703556E-4
-1.0619984E-4
-2.863351E-4
-1.1990694E-4
-3.3769765E-4
-6.184769E-5
-4.570668E-4
-1.3854494E-4
-3.0777778E-4
-1.1768917E-4
-1.4728234E-4
1.3366627E-4
-3.9009887E-5
1.6615071E-4
-1.968485E-5
1.7468803E-4
1.004666E-4
2.3283597E-4
3.6942365E-4
5.032766E-4
4.2995377E-4
4.5448335E-4
3.0885346E-4
2.5829708E-4
1.005443E-4
6.542676E-5
1.2228452E-4
4.4139226E-5
1.9575324E-4
6.891844E-5
8.499572E-5
3.4866294E-5
-2.9926503E-6
-2.1645262E-4
-1.3982592E-4
-3.4330078E-4
-1.3809578E-4
-3.5344856E-4
-1.0402083E-4
-3.1338213E-4
-4.5004934E-5
-2.1544436E-4
1.5039409E-5
-3.065614E-4
-1.9355308E-5
-2.240052E-4
2.3575221E-5
-1.7086488E-4
1.2642825E-4
-1.05809595E-4
1.6395186E-4
-5.1606756E-5
2.9443955E-4
-1.5941327E-5
2.7584351E-4
-1.6830765E-5
1.697714E-4
-6.730148E-5
1.7783324E-4
-4.6212517E-5
2.9558202E-4
-7.850499E-6
3.5158332E-4
-4.1852294E-5
2.6445067E-4
-7.549658E-5
2.3475826E-4
-7.3236595E-5
2.8902385E-4
-8.1269776E-5
2.6308256E-4
-1.6806628E-4
1.0407556E-4
-2.310826E-4
1.8293555E-4
-5.1171828E-5
3.0906993E-4
-1.3049094E-4
2.4423067E-4
-2.6208343E-4
9.951603E-5
-2.7157646E-4
1.1525643E-4
-1.7720021E-4
2.1457502E-4
-6.078339E-5
2.3186428E-4
-1.8027262E-4
6.392301E-5
-2.616393E-4
1.230489E-5
-2.1262815E-4
1.3331274E-4
-1.2176494E-5
1.7455715E-4
-7.217057E-5
1.17358824E-4
-1.5555405E-4
7.0413465E-5
-7.9915575E-5
1.2373456E-4
6.523697E-5
2.5568553E-4
1.06111154E-4
1.8670497E-4
2.981967E-5
5.8761445E-5
-3.81356E-5
8.103911E-5
1.2524374E-4
1.8471255E-4
8.902292E-5
1.3336902E-4
-7.5253693E-6
2.2439167E-6
-3.4024157E-5
5.3963056E-5
3.7321082E-5
1.8099199E-4
1.4417454E-4
1.7457067E-4
4.9089875E-5
-6.400505E-6
-5.7179413E-6
-2.4477335E-5
2.4452754E-6
-1.3507593E-5
1.2377437E-6
5.717E-5
6.1788946E-6
-1.3369787E-4
-4.8937363E-5
-1.6581742E-4
-5.9116817E-5
-1.6407197E-4
4.0708687E-6
-7.60308E-5
6.6827015E-5
-9.4808536E-5
4.8946556E-5
-1.0034773E-4
8.982117E-6
-1.9555753E-4
-1.8308825E-5
-1.1129249E-4
7.239324E-5
-6.5035136E-5
1.7850085E-4
-9.7946344E-5
2.2308159E-5
-1.7195962E-4
3.478263E-5
-1.5240855E-5
8.160509E-5
7.3690455E-5
1.707033E-4
2.7831662E-5
9.7099255E-5
2.9791297E-5
5.5456887E-5
7.07155E-5
1.2711559E-4
1.521837E-4
1.8656645E-4
9.42919E-5
8.51362E-5
-1.0883192E-5
-5.0841704E-6
2.0068983E-6
4.2006563E-5
6.131616E-5
6.0648767E-5
1.1335421E-4
5.1344294E-5
1.0012349E-4
1.07907734E-4
8.0213955E-5
2.5649528E-5
1.5831945E-4
1.9611236E-4
2.3030823E-4
2.3999152E-4
1.7055073E-4
4.372658E-5
8.356171E-5
5.3359632E-5
1.3449673E-4
1.2285473E-4
1.5363413E-4
1.02887854E-4
1.3721938E-4
5.3390053E-5
6.267837E-5
7.362939E-5
8.512528E-5
6.7390116E-5
1.1393231E-4
1.7489567E-4
1.01494144E-4
1.7019807E-4
1.6838165E-4
1.1716643E-4
1.11181325E-4
1.0847092E-4
1.3613349E-4
7.87727E-5
5.5824254E-5
6.728994E-5
-1.8079509E-5
-2.9581584E-4
4.1002332E-4
2.704941E-5
-1.2697696E-5
-2.7923245E-4
-5.931026E-5
9.4634204E-5
2.563707E-5
5.0714985E-5
-1.2142245E-4
2.9627274E-5
-1.716189E-4
2.738598E-5
-2.6437358E-4
-2.8995886E-5
-1.31165E-4
2.1744824E-4
-5.9714745E-4
-1.6656702E-5
3.383521E-4
4.627882E-5
-4.7147847E-4
-2.7587052E-4
-1.9562127E-4
-7.998577E-5
-2.0301537E-4
-1.0266385E-4
-2.3279345E-5
2.8141963E-4
9.6370204E-5
1.18676624E-4
-1.8262911E-4
1.6584787E-5
6.7780156E-6
4.74223E-5
-1.7301182E-4
1.3791592E-4
8.712294E-5
-2.1450594E-5
-4.976023E-5
-1.261967E-4
-7.7100485E-6
-2.639787E-4
-1.5253288E-4
2.7915288E-4
5.260449E-4
3.7975635E-4
2.2754169E-4
3.15488E-4
3.6977214E-4
1.4952845E-4
1.892686E-4
6.5938664E-5
-6.1691746E-5
-1.55976E-4
-2.0384719E-4
-2.4669972E-4
-2.6939885E-4
-2.640204E-4
-2.844908E-4
-1.1982229E-4
-8.68157E-5
3.4624147E-5
7.321976E-5
1.6588448E-4
1.5997684E-4
2.2214095E-4
9.154385E-5
9.37327E-5
7.3891365E-6
9.781686E-5
-2.507456E-5
2.1505168E-5
-1.16289906E-4
-6.554469E-5
-1.4012531E-4
-5.8430964E-5
-6.530239E-5
4.8186E-5
-2.1401927E-5
1.941935E-5
-6.0771876E-5
3.1200907E-5
-7.2624434E-6
6.368941E-5
1.6914596E-4
2.6349985E-4
2.579384E-4
2.5946557E-4
1.7580843E-4
1.613787E-4
6.9866204E-5
8.860365E-5
1.20786735E-5
9.071025E-5
1.0636284E-4
6.309282E-5
7.4038726E-5
1.9637513E-5
-2.5458841E-5
-2.870291E-5
-4.3884513E-5
-8.26988E-5
-8.7239285E-5
-4.3350603E-5
1.6934914E-6
-8.932416E-5
-8.1617225E-5
-3.5123816E-5
-3.5581565E-5
-9.57839E-5
-1.7435344E-4
-9.591073E-5
-1.464309E-4
-8.348955E-5
-1.2414281E-4
-4.540558E-5
2.5270641E-5
-3.0753183E-6
1.6058984E-5
3.497945E-5
1.2323886E-4
1.4779237E-4
1.3381557E-4
9.335382E-5
7.8457175E-5
1.8992966E-4
1.8444713E-4
1.4003503E-4
2.0503777E-4
1.7180582E-4
1.7996159E-4
1.7250223E-4
9.127199E-5
1.6380238E-4
9.976994E-5
1.2279593E-4
-1.6389151E-5
9.275144E-6
1.7614437E-5
-3.4799832E-5
-7.769855E-5
-9.275967E-6
-7.049798E-5
-6.648599E-5
-2.0339026E-4
-3.5361608E-4
-2.6797107E-4
-2.6730238E-4
-2.6842952E-4
-3.1210654E-4
-3.5905986E-4
-3.4435716E-4
-3.94399E-4
-4.0440873E-4
-3.7563939E-4
-3.5442275E-4
-2.2601684E-4
-2.945822E-4
-1.8697527E-4
-2.4873807E-4
-7.754693E-5
-2.0000299E-4
-7.8556004E-5
-1.7734597E-4
-3.516156E-5
-5.0142546E-5
8.0212325E-5
5.647359E-5
2.4531398E-4
3.0148287E-5
9.058489E-5
1.2907908E-4
1.14370545E-4
7.226943E-5
1.3876962E-4
1.2219186E-4
1.961061E-4
4.9609014E-5
6.038744E-5
1.9692887E-4
1.6706665E-4
1.4993756E-4
8.106933E-5
1.3815901E-4
9.155558E-5
1.9757547E-4
-7.3741336E-5
-1.0178458E-5
-7.961105E-5
5.887406E-5
8.532681E-5
-3.527761E-5
-2.0036234E-4
-8.158066E-5
-1.9568826E-4
-2.3773957E-4
-2.7283575E-4
-1.7362587E-4
-1.3535512E-4
-2.3786256E-4
-2.8966094E-4
-2.1575352E-4
-2.1187017E-4
-2.4973706E-4
-2.1647461E-4
-1.0103149E-4
-1.3114128E-4
-1.2585169E-4
-1.0348577E-4
-8.442219E-5
-4.8942675E-6
-1.1483273E-4
5.295474E-5
3.0240342E-5
2.0832744E-4
5.9119393E-5
1.6830908E-4
1.5447717E-4
1.286431E-4
1.2972609E-4
2.4985836E-4
1.09181325E-4
1.6917716E-4
1.7392208E-4
2.388976E-4
2.2241462E-4
2.1582168E-4
1.7164697E-4
1.4119204E-4
1.1976616E-4
7.3529213E-6
5.58962E-5
9.55979E-5
6.586615E-5
1.0258436E-4
1.1523063E-4
1.2917281E-4
9.2235634E-5
6.139156E-5
2.9732353E-5
8.466287E-5
1.10342306E-4
1.555649E-4
1.512525E-4
1.9734932E-4
2.0592529E-4
2.382761E-4
2.4032789E-4
2.48895E-4
2.1418958E-4
3.2248057E-4
3.0081611E-4
3.7709103E-4
2.7183027E-4
3.198229E-4
2.7254858E-4
2.796329E-4
2.2574599E-4
3.2911362E-4
1.807791E-4
3.18101E-4
1.4819627E-4
2.0363448E-4
1.1916484E-4
1.9945623E-4
1.2594528E-4
1.972264E-4
1.06111795E-4
1.07282955E-4
9.756461E-5
7.707838E-5
-6.5544205E-5
-2.661304E-5
-1.840587E-4
-3.235314E-5
-6.372183E-5
-1.00630605E-4
-2.0407028E-4
-1.453815E-4
-2.2226802E-4
-1.5753589E-4
-1.0106505E-4
-1.3050303E-4
-8.695831E-5
-1.4566263E-4
-1.5382114E-4
-1.2216713E-4
-1.3850979E-4
3.5724668E-6
-6.8540226E-6
-1.06077314E-4
-1.5579899E-5
3.00375E-5
-9.0203845E-5
-2.5269858E-6
2.1916578E-5
9.552656E-5
2.2816885E-5
1.9845605E-4
1.2033434E-4
1.1061421E-4
9.545506E-5
2.1065335E-4
1.3851182E-4
2.6568494E-4
2.2079628E-4
2.1255945E-4
1.7209865E-4
1.2069246E-4
1.4176765E-4
1.0535338E-4
3.9933784E-5
1.16795425E-4
8.04175E-8
-4.191438E-6
-9.153949E-5
-1.06900705E-4
-1.5021442E-4
-2.0011805E-4
-1.3034763E-4
-1.3633765E-4
-1.7314091E-4
-2.8255995E-4
-2.5914202E-4
-2.7368878E-4
-2.6421304E-4
-2.7766806E-4
-2.8578928E-4
-2.7684376E-4
-2.8963637E-4
-3.1124707E-4
-2.9567233E-4
-3.8180075E-4
-2.847883E-4
-2.698141E-4
-1.8014254E-4
-1.6264472E-4
-2.0298005E-4
-1.0164919E-4
-1.2469993E-4
-1.5725671E-4
-1.0169319E-4
-8.800869E-5
-2.543111E-4
-1.277076E-4
-1.9189555E-4
-1.948959E-4
-2.2058756E-4
-1.1761591E-4
-1.9946329E-4
-7.935309E-5
-2.3435098E-4
-2.814135E-4
-2.1424833E-4
-1.6291848E-4
-2.323455E-4
-2.8536565E-4
-2.7101845E-4
-2.794367E-4
-1.9558545E-4
-2.5349908E-4
-1.5557796E-4
-2.0358448E-4
-1.3434562E-4
-2.0277394E-4
-1.4133393E-4
-1.3238828E-4
-1.3460513E-4
-1.0250668E-4
-1.15103285E-4
-1.0247412E-4
2.5856634E-5
3.2269632E-5
3.5602014E-5
3.991305E-5
5.816507E-5
1.0390359E-4
7.8968675E-5
3.4279194E-5
2.0839459E-4
2.8228303E-4
2.6226978E-4
2.186573E-4
1.9556699E-4
2.2184421E-4
1.3526103E-4
2.0729101E-4
6.198079E-5
4.610054E-4
2.1157211E-4
8.338037E-5
3.9555147E-5
1.2056062E-4
1.695706E-4
1.2562722E-4
1.04574836E-4
3.6790563E-5
-1.6344007E-5
-2.727313E-5
-1.1628171E-4
-1.1430555E-4
-1.5219998E-4
-1.5935129E-4
-2.4085453E-4
-2.0960392E-4
-3.20439E-4
-2.2620623E-4
-1.7227652E-4
-2.761495E-4
-1.8460515E-4
-1.5095835E-4
-1.3846158E-4
-3.292211E-4
-4.164732E-4
-2.4061202E-4
-1.0756121E-4
-1.3448045E-4
2.7674938E-5
-1.2394824E-4
-1.863209E-5
7.8133635E-5
-6.0218626E-6
-2.0373027E-5
2.811597E-5
1.1227209E-4
1.5336892E-4
2.0328442E-4
2.1466466E-4
1.886651E-4
3.0429644E-4
4.4939734E-4
4.0875355E-4
4.1906539E-4
2.2211792E-4
3.0951563E-4
2.458999E-4
2.2738749E-4
3.1731866E-4
3.123216E-4
2.738322E-4
3.0066757E-4
3.1160962E-4
3.4238945E-4
2.2599523E-4
2.0329548E-4
2.0736962E-4
2.0507045E-4
1.8660183E-4
1.8198667E-4
2.601104E-4
1.8379164E-4
2.707544E-4
1.3513635E-4
1.4841657E-4
1.5573284E-4
1.9024215E-4
1.6089474E-4
6.147548E-5
1.12746726E-4
8.9201094E-5
6.835861E-5
-1.2200748E-5
-1.6196947E-4
-1.0103615E-4
-1.1895038E-4
-1.595568E-4
-1.01753525E-4
-1.08458364E-4
-8.827467E-5
-1.9685953E-4
-1.2315832E-4
-2.478293E-4
-1.004705E-4
-1.9624272E-4
-9.950252E-5
-1.4465241E-4
-4.730591E-5
2.8463288E-5
7.710214E-5
5.905076E-5
2.1121456E-4
1.7067933E-4
1.4865483E-4
1.9421015E-4
2.0756424E-4
2.0269964E-4
2.6029197E-4
1.8511032E-4
2.7852942E-4
3.3869728E-4
4.1437976E-4
3.1630995E-4
2.3244637E-4
3.3250148E-4
1.4719724E-4
1.9070241E-4
2.9353885E-4
3.8906359E-4
3.0593475E-4
3.3529254E-4
3.4024406E-4
3.37285E-4
1.6420762E-4
4.0883664E-5
1.5109737E-4
1.5365185E-4
2.5246147E-4
2.5069702E-4
3.3150104E-4
3.0338575E-4
3.202934E-4
2.1150532E-4
1.599516E-4
2.1229902E-5
1.2918333E-4
2.8523625E-4
2.653672E-4
2.6969146E-4
2.3733759E-4
1.6951254E-4
1.5425537E-4
-8.902645E-6
8.893588E-5
1.4465401E-4
2.17892E-4
9.230799E-6
1.02028476E-4
2.8833978E-5
1.3559504E-5
6.0348066E-6
1.4912437E-4
1.0266757E-4
1.3301568E-4
5.147537E-5
5.3512026E-6
-7.868978E-5
-1.6558333E-4
-8.4555424E-5
-3.2811346E-5
2.0264257E-5
-6.810148E-5
2.2990127E-5
-1.1110235E-4
-1.5886841E-4
-2.1139898E-4
-2.2883268E-4
-2.2802621E-4
-8.945643E-5
-3.5505702E-6
-2.6253776E-5
-3.1296197E-5
-1.4051115E-4
4.7942027E-5
6.391075E-5
1.6752725E-4
1.6206127E-4
1.3677192E-4
7.973442E-5
2.2800323E-4
2.1676942E-4
3.5681343E-4
3.329023E-4
4.411031E-4
3.8296735E-4
3.0356724E-4
2.3354271E-4
3.0878544E-4
3.1881893E-4
4.349284E-4
3.0916077E-4
3.3367018E-4
2.9933732E-4
2.7553074E-4
2.0544327E-4
1.7942302E-4
2.1620348E-4
1.929112E-4
2.0423679E-4
1.10183755E-4
1.101495E-4
4.7113597E-5
-2.2849923E-5
-3.073684E-5
7.636336E-6
-2.3528251E-5
-5.659655E-5
-1.6946935E-4
-1.9995536E-4
-2.6119378E-4
-3.1209618E-4
-3.497691E-4
-2.723098E-4
-2.6797593E-4
-4.0346012E-4
-4.0490346E-4
-3.9728088E-4
-5.5690424E-4
-4.9223355E-4
-4.6999397E-4
-4.7501974E-4
-5.494356E-4
-3.988765E-4
-3.2462907E-4
-4.2351152E-4
-3.7510105E-4
-4.3812438E-4
-3.8383543E-4
-3.2669192E-4
-1.6580973E-4
-2.4616593E-4
-2.608701E-4
-2.2776546E-4
-1.1444186E-4
-3.1284555E-5
1.2644203E-4
1.7265929E-4
1.6669792E-4
1.2936468E-4
8.942391E-5
1.0443175E-4
3.505061E-6
2.938499E-5
1.6487249E-4
3.0701308E-4
3.308492E-4
2.8399046E-4
1.8084435E-4
8.379263E-5
2.9510344E-5
-4.2496238E-5
-7.5142176E-5
2.2032009E-5
1.6800233E-5
-4.6173036E-6
-9.514411E-5
-1.0037366E-4
-1.1364116E-4
-9.0028E-5
-2.1483362E-4
-1.7451857E-4
-1.874736E-4
-1.964414E-4
-1.4079806E-4
-2.478417E-4
-2.8209222E-4
-2.468549E-4
-2.9906683E-4
-3.9932667E-4
-3.0958917E-4
-4.096637E-4
-3.285166E-4
-3.2974544E-4
-4.3920078E-4
-3.1281917E-4
-2.7024548E-4
-4.3830907E-4
-3.112944E-4
-4.0165804E-4
-3.4438365E-4
-4.3739978E-4
-3.4023207E-4
-3.1638454E-4
-3.712189E-4
-3.512613E-4
-2.5981382E-4
-2.7507395E-4
-2.8703085E-4
-2.4396155E-4
-2.4133372E-4
-3.010943E-4
-3.0467004E-4
-1.4395337E-4
-2.3120285E-4
-1.9033584E-4
-1.3801258E-4
-1.01565725E-4
-1.6814527E-4
-1.19510994E-4
-1.1088991E-4
-1.2787509E-6
-8.321828E-5
4.4790107E-5
2.495796E-5
5.4186363E-5
-7.982705E-6
3.8389106E-5
1.20792414E-4
1.4574674E-4
1.9551383E-4
2.0442864E-4
2.890814E-4
2.2553925E-4
2.1227756E-4
2.183666E-4
2.7105008E-4
1.8227154E-4
3.7690374E-4
2.2243906E-4
3.464287E-4
2.5453753E-4
2.1596836E-4
1.547896E-4
3.06669E-4
1.6774955E-4
1.1047085E-4
6.372465E-5
1.21990146E-4
8.3272236E-5
1.3653772E-4
-1.2526045E-5
-1.9623725E-5
-3.6655678E-5
-9.4510026E-5
-1.0803717E-4
-7.1303984E-5
-1.1311988E-4
-1.2025324E-4
-1.1439233E-4
-9.804667E-5
-1.6657216E-4
-1.5689703E-4
-2.9261675E-4
-2.496285E-4
-2.0230174E-4
-2.21369E-4
-2.0678637E-4
-2.3535789E-4
-1.996691E-4
-2.4804863E-4
-2.705095E-4
-1.5809928E-4
-1.3904192E-4
-8.1299724E-5
-1.4794497E-4
6.9869886E-5
-3.6984336E-5
1.11351495E-4
7.18641E-5
1.9217606E-4
7.2378076E-5
2.8750178E-4
2.3421046E-4
3.1021523E-4
2.5537531E-4
4.250371E-4
4.0533306E-4
4.1603006E-4
4.389573E-4
5.7016895E-4
4.9204205E-4
6.0441036E-4
5.8500754E-4
6.3598726E-4
7.411442E-4
7.6460995E-4
6.3182623E-4
5.579051E-4
5.633679E-4
5.6777266E-4
5.044247E-4
4.153569E-4
4.3676398E-4
4.6871297E-4
3.6409064E-4
3.6933963E-4
2.6040312E-4
2.1546266E-4
1.9914922E-4
1.429969E-4
6.760209E-5
5.23446E-5
3.7204725E-5
-6.0282484E-5
-4.641776E-5
-5.1831932E-5
-9.718226E-5
-7.7284145E-5
-1.3543991E-4
-1.5907518E-4
-2.6690974E-4
-1.4641498E-4
-1.4314963E-4
-1.6565474E-4
-1.8711745E-4
-1.4129399E-4
-2.1065054E-4
-1.10359855E-4
-2.5945855E-4
-1.367605E-4
-1.7349039E-4
-3.0210918E-5
-1.4783196E-4
-1.10365916E-4
-7.916131E-5
-6.541835E-5
2.8114859E-5
-3.912157E-5
6.0092232E-5
6.1021452E-5
3.85018E-5
9.43716E-5
1.517078E-4
1.5819725E-4
5.6676265E-5
6.219902E-5
2.3358241E-5
1.0422502E-4
1.9209874E-4
2.0581434E-4
1.8814873E-4
3.2770704E-4
2.771324E-4
2.5545308E-4
1.4833105E-4
1.14575465E-4
1.5542762E-4
2.0365606E-4
1.5462509E-4
2.464235E-4
3.0504935E-4
2.9079634E-4
2.884816E-4
2.03704E-4
1.5432293E-4
2.3110313E-4
2.8187182E-4
2.541563E-4
1.5960081E-4
1.8182803E-4
1.0224775E-4
7.3769996E-5
6.025564E-5
2.1050288E-4
1.6677432E-4
1.7319949E-4
7.393007E-5
7.7348835E-5
-9.411207E-5
6.1679166E-5
-2.572426E-5
-1.5907067E-4
-1.337954E-4
-2.443731E-4
-1.7750797E-4
-2.9244696E-4
-2.650847E-4
-2.7566392E-4
-2.0473712E-4
-1.8793842E-4
-3.011555E-4
-3.1951725E-4
-1.9461096E-4
-2.2222106E-4
-2.6800772E-4
-2.5954607E-4
-2.0558493E-4
-2.0974902E-4
-1.8609874E-4
-1.6963303E-4
-2.0416839E-4
-1.255399E-4
-2.3558334E-4
-5.8718255E-5
-1.4066287E-4
4.9742626E-5
-8.91193E-5
1.0179408E-6
-6.372471E-5
6.769423E-5
-6.796692E-5
3.390022E-5
-7.875023E-5
1.0408612E-6
-3.3933822E-5
1.251221E-4
7.9540405E-5
8.973038E-5
1.1729231E-4
1.8435558E-4
1.3346238E-4
1.3584073E-4
1.5860489E-4
2.2215807E-4
2.714187E-4
2.4883603E-4
2.1544786E-4
2.3336925E-4
2.642635E-4
3.177147E-4
2.6184705E-4
2.1836125E-4
2.5018377E-4
3.2140952E-4
2.734716E-4
2.1365279E-4
7.512896E-5
8.340757E-5
6.606673E-5
7.4788935E-5
-1.4288498E-5
7.178761E-5
5.0039496E-5
7.0061804E-5
-8.6689375E-5
-1.3212183E-4
-2.2001928E-4
-1.397674E-4
-2.430686E-4
-7.287293E-5
-3.0209406E-4
-1.6699567E-4
-3.511257E-4
-2.9254658E-4
-4.5323194E-4
-2.8235177E-4
-3.799643E-4
-3.032595E-4
-4.0366978E-4
-3.767931E-4
-4.1173835E-4
-3.2654876E-4
-3.8956368E-4
-3.3515814E-4
-3.029929E-4
-3.0494528E-4
-3.0112348E-4
-2.5844818E-4
-1.6665782E-4
-1.6837822E-4
-1.6306658E-4
-4.769824E-5
-4.4346198E-5
-2.2817232E-5
-4.4378803E-6
5.9091664E-5
1.377151E-4
1.1198477E-4
9.350383E-5
1.8628857E-4
2.3232104E-4
1.9287605E-4
2.421522E-4
2.5529627E-4
2.4654673E-4
3.4558514E-4
2.9648398E-4
3.520382E-4
3.0146708E-4
3.363194E-4
2.1769857E-4
2.6925735E-4
2.0872058E-4
2.495274E-4
1.2745516E-4
2.4023875E-4
1.04280225E-4
2.1718803E-4
9.583396E-5
7.359282E-5
-2.9619732E-5
2.3288261E-5
-1.9918814E-5
-9.244664E-5
-1.2506607E-4
-1.2809558E-4
-2.1093701E-4
-2.2712845E-4
-2.2430472E-4
-1.9762335E-4
-1.8688363E-4
-2.642693E-4
-2.8115083E-4
-3.7356187E-4
-3.7416912E-4
-3.7062063E-4
-3.686404E-4
-3.1847373E-4
-3.1252453E-4
-3.7973447E-4
-3.173366E-4
-3.9463502E-4
-2.2558904E-4
-3.4863554E-4
-2.280614E-4
-1.8428636E-4
-1.2403722E-4
-2.0091211E-4
-1.7089376E-4
-1.134799E-4
-1.0799164E-4
-9.715497E-5
-8.308593E-5
-8.38488E-5
-2.7149084E-5
-3.1811185E-5
2.2444305E-5
8.487392E-5
-5.6872695E-6
8.631594E-5
2.692322E-5
9.656664E-6
1.50674905E-5
1.8644101E-5
5.8483714E-5
5.104962E-5
3.4742472E-5
3.1011725E-5
1.0931195E-4
1.2761932E-4
1.17644624E-4
9.9373174E-5
2.5566214E-5
1.8021601E-5
4.369546E-5
5.171228E-6
5.7527788E-5
-6.7430345E-5
7.468134E-5
-6.784373E-5
-4.0665822E-5
-1.21287725E-4
-1.1961023E-4
-1.842896E-4
-7.8403675E-5
-1.08885404E-4
-1.9945834E-4
-2.2289006E-4
-1.2720261E-4
-1.4755594E-4
-1.6067344E-4
-1.144718E-4
-1.6198312E-4
-1.9392477E-4
-1.4765593E-4
-1.4100118E-4
-1.7752429E-4
-1.9693904E-4
-1.3473898E-4
-1.4693725E-4
-1.821069E-4
-1.8216221E-4
-1.0734089E-4
-1.7466878E-4
-2.0344391E-4
-2.5194857E-4
-1.9761747E-4
-1.298331E-4
-2.803396E-4
-1.6161866E-4
-1.3567781E-4
-1.1161597E-4
-2.239766E-4
-2.0431339E-4
-1.8111167E-4
-2.482452E-4
-1.9051995E-4
-1.8603304E-4
-8.831641E-5
-7.450918E-5
-1.2358031E-5
-7.035597E-5
-6.133E-5
-1.2093547E-4
7.181346E-5
-3.0833864E-5
6.433751E-5
3.864711E-5
1.4439739E-4
1.0665211E-4
1.7385895E-4
1.4037898E-4
2.1191656E-4
1.5084022E-4
2.622432E-4
2.6539827E-4
2.2984884E-4
2.7972963E-4
2.4910457E-4
2.6644042E-4
2.7049027E-4
2.9560237E-4
3.1596102E-4
3.0484755E-4
3.0555463E-4
3.9223052E-4
3.413601E-4
1.9925903E-4
2.6770457E-4
2.1138357E-4
2.9150993E-4
2.139862E-4
1.1525977E-4
1.4168881E-4
1.694179E-4
5.4959928E-5
9.6909804E-5
1.1240285E-4
9.5114825E-5
2.140208E-6
2.007183E-4
3.9069826E-5
1.3585406E-4
-5.986568E-5
1.0120214E-4
-1.3954595E-4
1.728642E-5
-1.13940485E-4
1.53237E-5
-9.022335E-5
4.507905E-5
-6.208755E-5
4.973939E-5
-1.2624759E-5
8.484328E-5
-1.08477E-5
1.51057075E-5
-6.7506735E-5
7.0101356E-5
-4.6956644E-5
-3.2371336E-5
2.3372777E-5
5.133576E-5
-3.741179E-5
8.608077E-5
4.5352324E-5
9.651048E-5
8.696245E-5
2.1903633E-4
1.2982823E-4
1.8338897E-4
2.8878523E-4
3.403363E-4
3.0793875E-4
2.9741618E-4
2.3648608E-4
2.9067075E-4
3.1448327E-4
3.572051E-4
2.693212E-4
3.6070115E-4
2.7886216E-4
3.4237496E-4
3.1599973E-4
2.3929482E-4
1.940419E-4
2.1493944E-4
1.6169315E-4
2.8218838E-4
1.3977029E-4
2.4992382E-4
1.3497671E-4
1.4707983E-4
-1.60968E-5
1.9574913E-4
-2.025848E-6
1.2607627E-4
4.5825742E-5
9.9175115E-5
-1.13039285E-4
9.184269E-8
-5.6157292E-5
3.156604E-6
-7.785192E-5
-1.7136392E-4
-6.262647E-5
-2.4887982E-5
-1.731937E-4
-9.236988E-5
-1.2667284E-4
-1.987566E-4
-1.4978289E-4
-3.4584096E-5
-1.1681621E-4
-8.010046E-5
-9.8466E-5
-7.774631E-5
-2.519646E-5
5.974406E-6
-5.6101242E-5
6.509543E-5
4.9182217E-5
3.4079316E-5
1.6776838E-5
5.6914978E-5
6.2634986E-6
6.286584E-5
5.854304E-5
7.7645695E-5
3.322612E-5
1.0273822E-4
1.2421203E-4
1.21931254E-4
5.8460824E-5
1.061468E-4
8.674443E-5
1.6804575E-4
3.9980725E-5
8.2797844E-5
2.7787979E-5
-1.5042271E-5
3.217929E-5
3.8183804E-5
3.469607E-5
-1.706263E-5
3.686692E-5
2.6562859E-5
-6.921722E-5
-1.2982266E-4
-6.5120286E-5
-8.996301E-5
-1.6871125E-4
-1.2684599E-4
-4.568882E-5
-6.2809864E-5
-1.3358436E-4
-1.3709864E-4
-1.4394027E-4
-1.5037745E-4
-1.5725648E-4
-1.8020268E-4
-8.607195E-5
-1.996375E-4
-6.9872396E-5
-1.3829397E-4
-2.181792E-4
-1.8159449E-4
-1.6540445E-4
-2.5992157E-4
-1.4281369E-4
-3.95095E-5
-1.6341607E-4
-1.9836826E-4
-3.4692624E-4
-1.7248551E-4
-2.1731887E-4
-1.7143853E-4
-1.17843905E-4
-1.9739318E-4
-2.6997345E-4
-1.9587277E-4
-1.8592212E-4
-2.0725811E-4
-2.3810689E-4
-2.061863E-4
-2.2762587E-4
-1.5988483E-4
-1.543568E-4
-1.3685033E-4
-1.3284967E-4
-1.2491472E-4
-1.9992166E-4
-1.1780015E-4
-6.951646E-5
-1.5841506E-4
-1.126333E-4
-1.5384372E-4
-1.0898556E-4
-1.8463921E-4
-1.9595894E-4
-1.14653914E-4
-1.0048733E-4
-5.018321E-5
-9.0454225E-5
-1.291375E-4
-1.04790335E-4
-5.3167503E-5
-8.950542E-5
-8.4210085E-5
-2.0756379E-5
-3.9109025E-5
-1.4578805E-5
-7.523597E-5
6.055057E-6
2.8308457E-5
2.6214148E-5
-5.576206E-6
-1.19545315E-4
9.499999E-6
2.524563E-5
1.089375E-4
6.306849E-5
1.7648692E-4
8.15961E-5
1.5140828E-4
2.8154933E-5
5.5165852E-5
5.970282E-5
1.12838155E-4
1.13792164E-4
1.3113959E-4
9.543692E-5
1.19704E-4
1.7122838E-4
1.2170502E-4
1.6742223E-4
1.17919895E-4
9.2315626E-5
3.7377005E-5
1.2568824E-4
1.9006788E-4
1.4856721E-4
1.1618124E-5
3.7320384E-5
5.7282046E-5
1.02681E-4
3.3152555E-5
3.233444E-5
8.947563E-6
5.723712E-6
-9.814429E-6
2.0453388E-5
7.886524E-5
4.772871E-5
8.039771E-5
4.0842344E-5
5.488182E-5
5.2765572E-5
1.00632475E-4
6.59659E-5
1.4372575E-4
1.4571255E-4
1.3705758E-4
1.2343373E-4
2.8281656E-4
1.6905607E-4
2.5785758E-4
2.3674636E-4
3.2700357E-4
1.4865107E-4
2.6054028E-4
2.2695323E-4
3.4426802E-4
2.0833184E-4
2.5458544E-4
2.7751524E-4
3.261643E-4
3.2333724E-4
2.9797546E-4
2.489364E-4
2.755919E-4
2.3932668E-4
1.8906921E-4
2.3089541E-4
1.8854093E-4
1.5683948E-4
2.270788E-4
9.91006E-5
6.8747766E-5
1.5636304E-5
1.5227438E-4
5.4823184E-5
1.0975808E-4
7.539323E-5
9.573704E-6
-4.4310385E-5
-1.5465697E-6
-6.1472906E-6
3.5285608E-5
-6.071343E-5
-3.927327E-5
-6.640818E-5
-2.831705E-5
-1.4833448E-4
-1.0033961E-4
-3.696506E-5
7.845868E-6
-8.0069076E-5
-3.996736E-6
-4.9533455E-6
1.6258606E-4
-5.071856E-5
2.2206548E-5
-5.7071276E-5
-7.614677E-5
-9.035367E-5
-4.236414E-5
-9.83947E-5
-2.6742713E-5
-3.330187E-5
-2.7683518E-5
-9.311191E-5
-1.7666369E-4
-7.470121E-5
-1.2205568E-4
-5.5386467E-6
-8.4391344E-5
-1.4011275E-4
-9.53371E-5
-1.446188E-4
-1.600887E-4
-7.8584984E-5
-1.16509575E-4
-1.2876316E-4
-2.3514395E-4
-1.7649772E-4
-1.9558721E-4
-2.0068577E-4
-2.0341905E-4
-2.0150938E-4
-1.5329193E-4
-1.5906799E-4
-2.3316834E-4
-1.3935305E-4
-1.1924488E-4
-1.7314052E-4
-6.2888146E-5
-1.349916E-4
-6.09312E-5
-5.6615103E-5
-6.27209E-5
-9.1439484E-5
5.0360413E-6
-5.8710182E-5
-6.963024E-5
-7.1882285E-5
-1.2747794E-4
-1.13426184E-4
-7.977757E-5
-4.881967E-5
-8.431315E-5
-6.849064E-5
-9.2679744E-5
-1.4954405E-5
-1.3836277E-4
-1.12273796E-4
-7.828903E-5
-2.1407423E-5
-1.281034E-4
-3.80732E-5
-1.7865738E-4
-1.6970623E-4
-2.1487086E-4
-1.4643851E-4
-2.1899847E-4
-1.7635798E-4
-3.501447E-4
-2.6686033E-4
-3.4116767E-4
-3.0823637E-4
-3.6847795E-4
-3.0292402E-4
-2.8998015E-4
-3.8091856E-4
-2.935764E-4
-2.3742803E-4
-2.9323864E-4
-2.1218283E-4
-2.849498E-4
-2.357798E-4
-3.1791395E-4
-2.3722823E-4
-2.5640868E-4
-1.2404266E-4
-1.6654268E-4
-1.908647E-4
-1.2297324E-4
-5.8161735E-5
-1.3100749E-4
-3.4758013E-6
-2.1729045E-5
-2.8877714E-5
6.0946582E-5
7.767028E-5
1.6574464E-4
1.3279643E-4
8.560571E-5
1.7045229E-4
1.684997E-4
1.8872395E-4
1.2035245E-4
3.176725E-4
1.5880265E-4
2.8473284E-4
2.4153003E-4
2.821902E-4
7.502751E-5
2.3036379E-4
2.209387E-4
3.1506972E-4
2.5944764E-4
3.2449394E-4
2.5465552E-4
3.4730948E-4
2.1992829E-4
3.0082956E-4
1.8743532E-4
2.295181E-4
1.8572474E-4
2.6959417E-4
1.1191045E-4
1.8154744E-4
1.3463885E-4
6.9855225E-5
9.601687E-5
1.4650912E-4
5.494058E-5
-1.9067846E-5
-1.4528345E-5
1.5483476E-5
-1.229711E-4
-9.4299125E-5
-8.4804575E-5
-4.675185E-5
-7.279541E-5
-8.886021E-5
-1.5322436E-4
-1.4069834E-4
-1.9687385E-4
-1.3823913E-4
-1.0853435E-4
-3.077755E-5
-1.2358579E-4
-1.272345E-4
-4.3936165E-5
5.127594E-5
-1.768349E-4
-9.3552604E-5
-1.831028E-4
7.7218996E-5
5.3900574E-5
1.4097031E-4
2.805535E-5
7.202554E-5
1.1990234E-6
1.3718987E-4
4.1947504E-5
1.871109E-4
1.713102E-4
2.7393887E-4
1.6213847E-4
2.5875337E-4
2.6315913E-4
2.7246223E-4
1.8348265E-4
2.9012552E-4
2.2696292E-4
2.5289797E-4
2.3086143E-4
2.7454927E-4
1.9958943E-4
3.001973E-4
1.9024737E-4
1.9841199E-4
2.1771758E-4
1.7236799E-4
1.560963E-4
2.1632951E-4
2.1859584E-4
2.2071038E-4
1.3255397E-5
9.588826E-5
-3.4555254E-5
-2.9596267E-5
-8.829048E-5
-8.547351E-5
-9.004259E-5
-7.2306124E-5
-1.5631253E-4
-1.3430834E-4
-2.0579975E-4
-2.2504851E-4
-3.7700808E-4
-3.0016914E-4
-3.554793E-4
-2.5838165E-4
-4.4693114E-4
-3.1746435E-4
-3.9110705E-4
-2.6039017E-4
-2.5972785E-4
-2.6920144E-4
-3.672117E-4
-2.8701685E-4
-2.6370893E-4
-1.9029147E-4
-3.2022933E-4
-1.8904841E-4
-1.784475E-4
-1.2182031E-4
-1.8911163E-4
-1.361118E-4
-2.3799592E-4
8.538581E-6
-7.236042E-5
3.786933E-5
-3.6983027E-5
4.402262E-5
-1.36972085E-5
-9.7419885E-5
1.5577092E-5
3.8775394E-7
1.4257478E-5
8.257102E-5
-2.0276719E-5
3.6400168E-5
5.1248124E-5
1.2083833E-4
2.2915228E-5
1.0124332E-4
1.1237548E-6
9.117588E-5
3.3507873E-5
-1.2673748E-6
-6.984503E-5
-8.515617E-6
-3.421612E-5
4.899835E-5
-1.6971519E-4
5.6772864E-5
-1.5975066E-4
-1.0443386E-4
-1.5896819E-4
-1.3426838E-4
-2.351286E-4
-1.4419165E-4
-2.1521133E-4
-2.6634088E-4
-2.871443E-4
-1.7138889E-4
-2.759E-4
-2.3474141E-4
-3.5952686E-4
-2.1882496E-4
-1.5858916E-4
-1.9419764E-4
-2.6170677E-4
-2.7724597E-4
-3.016309E-4
-1.6677786E-4
-3.539422E-4
-3.388848E-4
-3.5260842E-4
-2.2552346E-4
-3.567293E-4
-3.093632E-4
-2.3543624E-4
-2.2229714E-4
-4.169921E-4
-2.146163E-4
-2.0726201E-4
-2.0234052E-4
-3.160568E-4
-2.2804274E-4
-3.6738138E-4
-2.0448651E-4
-2.673133E-4
-1.5360508E-4
-2.1116498E-4
-1.2651843E-4
-1.4907692E-4
2.2041313E-5
-1.1889931E-4
-8.098821E-5
-6.945801E-5
3.8663253E-5
-7.9157464E-5
3.063831E-5
-2.7304672E-5
1.0862257E-4
-3.4561275E-5
4.7596302E-5
7.268481E-5
9.899985E-5
9.759661E-5
1.4941492E-4
1.6225195E-4
2.7645228E-4
1.9658377E-4
1.7806914E-4
5.5617325E-5
2.1457179E-4
1.6099025E-4
2.694709E-4
2.068345E-4
2.021427E-4
1.9383349E-4
2.8090147E-4
2.3947026E-4
2.5423427E-4
1.29503E-4
2.6140633E-4
2.1537262E-5
1.229303E-4
-3.37168E-5
1.9125664E-4
-1.956614E-6
2.5635658E-4
-9.83878E-5
2.3243872E-4
-1.7519502E-4
4.6156347E-4
-3.2972475E-4
5.209222E-4
-0.0011564741
0.0016094021
-0.0017897295
-3.8607974E-4
0.0018395387
0.001294252
-0.0010296106
-0.0017940073
0.0016279633
-0.0018218482
-2.4373717E-4
7.073786E-4
6.492261E-4
-0.0012774353
9.949118E-6
3.4516185E-4
0.0010795557
2.4652664E-4
8.5886347E-4
3.5891467E-4
3.282624E-5
7.7288096E-5
6.839718E-4
8.0075633E-4
0.0010814436
6.613169E-4
3.8520058E-4
-7.821898E-4
-5.2995054E-4
-4.304335E-4
-3.877834E-4
-0.0010298026
-6.0611835E-4
-3.4335186E-4
3.6218847E-4
6.117437E-4
0.0011329843
9.054404E-4
8.781454E-4
7.6174526E-4
9.96856E-4
5.941164E-4
2.3937173E-4
7.2835805E-4
0.0013590355
7.16099E-4
2.7201575E-4
5.2570424E-4
0.0013791845
7.4636855E-4
4.6111256E-4
2.630017E-4
6.5352954E-4
3.3224333E-4
-1.5536172E-4
-7.3946733E-4
-3.9319944E-4
-3.5151592E-4
-3.9324985E-4
-8.1986876E-4
-5.9900014E-4
-4.735027E-4
-1.2999047E-4
-6.784249E-4
-6.533856E-4
-6.003725E-4
-3.4747226E-4
-9.3354576E-4
-9.236189E-4
-8.3865516E-4
-2.6110522E-4
-5.718424E-4
-6.031327E-4
-5.775807E-4
2.7961793E-5
4.3581254E-5
-2.1116581E-4
-3.2267644E-4
9.1396294E-5
2.7284428E-4
1.763334E-4
-1.7612841E-4
-6.204933E-5
6.764907E-5
1.166203E-4
6.7853376E-5
2.4960793E-4
5.137282E-4
6.190753E-4
4.8326308E-4
3.931272E-4
4.476668E-4
4.3833465E-4
1.7495135E-4
1.5221589E-4
3.5537063E-4
4.3063212E-4
3.1616536E-4
4.994295E-4
5.404875E-4
6.769573E-4
4.9455435E-4
3.3589872E-4
2.1014432E-4
3.876741E-4
1.9128447E-4
5.7131092E-5
-4.7247046E-5
4.617862E-5
-1.1839865E-4
-1.752432E-4
-2.8372844E-4
4.282799E-5
-1.7003205E-5
-1.03385115E-4
-2.0594872E-4
-1.198545E-4
-2.9010634E-4
-3.9341982E-4
-5.3800986E-4
-3.903285E-4
-3.857535E-4
-3.9078493E-4
-3.032722E-4
-1.8945817E-4
4.241209E-5
-1.3687501E-4
-3.100849E-4
2.2940687E-4
1.5803493E-4
-1.2552162E-4
-2.1849743E-4
2.9814459E-5
-1.137477E-5
2.7865676E-6
-6.745622E-4
-1.1544759E-4
-3.1422726E-6
1.1739664E-4
-2.6123336E-4
-1.662457E-4
2.7658974E-4
-7.0095215E-5
-7.0878543E-4
-5.632444E-4
-3.7916118E-4
1.5765344E-4
-2.669904E-4
-1.2279967E-4
2.3342347E-4
3.2469537E-4
-1.784905E-4
1.4125962E-5
9.699082E-5
4.2848525E-4
1.2566963E-4
3.360454E-4
2.97076E-4
4.692964E-4
2.8246583E-4
5.001104E-4
3.9568078E-4
5.417685E-4
3.2771236E-4
4.6126175E-4
2.880992E-4
4.387702E-4
1.883481E-4
1.6301859E-4
-1.3464524E-5
5.9333473E-5
-1.3945025E-4
-5.487072E-5
-2.5143105E-4
-3.8806174E-5
-2.3363577E-4
-5.5940098E-5
-2.5700085E-4
3.551226E-5
-9.3484385E-5
5.432746E-5
-5.128651E-5
9.1962655E-5
-1.1787719E-5
1.456199E-4
-5.1932304E-5
1.2715968E-4
1.59024E-4
2.6341536E-4
1.6848877E-5
1.9754574E-4
3.7964634E-5
2.4753157E-4
6.789369E-6
2.64964E-4
1.3539105E-4
2.7120594E-4
2.3907096E-5
1.37661E-4
-9.497833E-5
7.6302815E-5
-1.1992429E-4
-9.496477E-5
-9.28859E-5
-3.5369621E-6
-1.4693369E-4
-2.0516907E-5
-7.767638E-5
3.357831E-5
-5.5140357E-5
-7.7904435E-5
-5.3497595E-5
6.900213E-5
-4.967356E-7
5.7439E-6
6.421897E-5
1.8692446E-4
1.2388079E-4
1.6872062E-4
1.8561457E-4
2.384861E-4
1.8180974E-4
1.20438024E-4
1.20694116E-4
1.2146519E-4
-2.3987717E-5
2.2330465E-5
-1.00241195E-4
3.3909786E-5
-1.1153596E-4
-6.49116E-5
-3.633248E-5
-1.1809936E-4
-7.5764015E-5
-1.0443704E-4
-1.8455555E-4
-9.0618174E-5
-6.8835856E-5
-8.9558256E-5
-1.2622226E-4
-1.2956897E-4
-1.2609233E-4
-9.205588E-5
-2.4699338E-4
-1.9871625E-4
-2.0407124E-4
-1.0727913E-4
-2.2320433E-4
-1.7224334E-4
-1.1807784E-4
-1.3405006E-5
-1.2135143E-4
-3.7730485E-6
4.4131426E-5
-7.575105E-5
-1.2549954E-4
1.7483761E-4
1.9535069E-4
1.2937537E-4
-1.2784904E-4
-8.946617E-5
-4.2337466E-5
-1.0063665E-5
-9.991543E-5
-1.7758766E-5
-1.13420654E-4
-6.21491E-5
-7.456148E-5
-7.747465E-5
-2.08662E-4
5.1996263E-5
1.1187804E-4
-7.435869E-4
-8.1691454E-5
7.5333635E-4
-6.870881E-5
-4.827908E-4
-7.4783823E-4
-1.1148602E-4
2.2096734E-4
3.6618896E-4
2.595363E-5
1.7605377E-4
1.4273835E-4
-1.1373846E-4
-1.09808665E-4
-2.868814E-5
-9.651777E-5
9.495917E-7
-1.5803149E-4
-9.4523864E-5
3.6587873E-5
-1.6226728E-5
-2.1389486E-4
-2.3039576E-4
-1.786269E-4
-2.5301075E-5
5.7300327E-5
1.8212416E-4
3.5050587E-4
2.943883E-4
-2.887098E-5
-2.7716625E-4
6.3976484E-5
2.8487024E-4
3.1336333E-4
1.7839778E-4
-4.2484633E-5
-1.6661329E-4
-2.8026826E-4
-9.311916E-5
-8.0457634E-5
-2.2894904E-4
-1.0828706E-4
-1.452557E-4
-1.358045E-4
-1.3442768E-4
-6.973801E-5
2.9051112E-4
2.8926594E-4
3.0479935E-4
1.1654978E-4
1.9562087E-4
2.2120134E-4
1.12123285E-4
-1.5159104E-4
-2.0448602E-4
-1.9171389E-4
-2.5871655E-5
3.896585E-5
8.471129E-5
-1.2936315E-4
1.7036793E-4
2.3211127E-4
1.8401536E-4
-1.01564605E-4
3.8208622E-5
9.2383954E-5
-8.238967E-5
-2.8079448E-4
-1.9725665E-4
5.5310844E-5
1.2216942E-5
-2.6064343E-5
1.1580539E-5
9.408838E-5
2.6951084E-5
-1.1984924E-4
-1.9959945E-4
-1.5727205E-4
-2.0010477E-4
-1.8541637E-4
-2.6931587E-4
-1.4438976E-4
-1.3389124E-4
-6.7090485E-5
-3.5179204E-5
3.6117974E-5
-5.684022E-5
-8.25092E-5
-1.7450964E-4
-2.0843773E-4
-2.7268854E-4
-3.0184703E-4
-2.5242922E-4
-1.522279E-4
-1.0236558E-4
-1.7534493E-4
-6.0565708E-5
9.450355E-5
5.6655415E-5
-9.89853E-5
-6.5342814E-5
-2.0309932E-4
-2.7337723E-4
-3.3333115E-4
-1.7087531E-4
-3.7310386E-4
-2.779601E-4
-1.8556975E-4
-3.5664012E-5
-2.1915104E-5
1.0905416E-4
7.2318275E-5
1.003438E-4
-4.9352097E-5
1.0361811E-5
-1.3009249E-4
-2.670407E-4
-1.6544743E-4
-2.9484305E-4
-2.9067034E-4
-2.489033E-4
-1.5975659E-4
-9.261061E-5
-1.8934143E-4
-1.1817654E-4
-1.6506249E-4
-3.2620062E-4
-2.581765E-4
-3.3717608E-4
-4.572583E-4
-4.8555416E-4
-3.8014003E-4
-3.9480338E-4
-4.1511026E-4
-3.7411693E-4
-2.8377882E-4
-1.9573077E-4
-2.6380506E-4
-3.2421848E-4
-2.5177302E-4
-2.8504242E-4
-4.2469415E-4
-3.6914364E-4
-5.250869E-4
-3.7440396E-4
-2.3910176E-4
-1.1382153E-4
-1.31824E-4
-1.296428E-4
-8.975464E-5
-5.742349E-5
-2.147927E-4
-1.642264E-4
-2.9382645E-4
-1.2508348E-4
-5.588177E-5
-1.7860967E-4
-1.10204215E-4
-3.8096052E-5
-5.4165135E-5
6.174847E-5
8.072889E-5
1.746967E-4
1.1595009E-4
-8.9159585E-6
4.163499E-5
-2.8863793E-5
-1.2033731E-4
4.3581564E-5
-3.1615286E-6
-1.9564034E-6
-9.307721E-6
-5.7709814E-5
-6.426669E-5
5.0094754E-6
6.691165E-5
1.174913E-5
-9.05019E-5
-6.1452396E-5
-2.4600693E-5
9.9552935E-6
-1.5968084E-4
-1.0235458E-4
-4.833962E-5
-6.77646E-5
-2.6839072E-5
-4.7327594E-5
-4.4332905E-5
-5.536762E-5
-3.2203672E-5
1.4326579E-5
-7.528756E-5
-3.881474E-5
-4.204768E-5
1.0064898E-5
6.4458254E-5
1.5305597E-4
1.2724882E-4
1.6768544E-4
2.31418E-4
2.8737157E-4
2.2806689E-4
2.236706E-4
2.3791456E-4
2.871191E-4
2.5762134E-4
1.923997E-4
2.2980517E-4
2.1836044E-4
2.657796E-4
1.3357184E-4
1.8409091E-4
2.4959605E-4
2.9414517E-4
2.4714303E-4
1.4377323E-4
2.0821001E-4
1.603287E-4
1.7839798E-4
1.6897144E-4
2.0859738E-4
1.5005564E-4
8.278614E-5
5.3355696E-5
4.9254202E-5
7.428535E-5
-3.6237754E-5
-1.0640993E-5
-2.9402187E-5
3.7828097E-5
1.12884416E-4
5.796131E-5
8.65244E-5
7.573476E-5
2.813959E-5
-4.903328E-5
-1.4585805E-5
-4.020491E-5
-1.2276703E-4
-1.15178555E-4
-8.4009356E-5
-5.1843348E-5
-1.0255241E-4
-5.6619632E-5
-8.0071724E-5
-9.8894794E-5
-1.307126E-4
9.4761E-5
7.1353854E-5
3.3077667E-5
5.3649896E-5
9.11768E-5
1.3339405E-4
1.9804956E-4
1.4023854E-4
1.3063593E-4
1.4302217E-4
1.9363826E-4
9.131204E-5
1.6092393E-4
6.9933085E-5
1.579379E-4
5.536842E-5
1.9939253E-4
1.5638815E-4
7.7811426E-5
1.630556E-4
7.8017445E-5
1.37832E-4
6.919654E-5
4.1892235E-5
-8.120089E-6
1.3684285E-4
5.0183557E-5
1.682873E-4
5.258401E-5
1.7589492E-4
1.829657E-4
2.4573685E-4
2.2833885E-4
1.6476565E-4
2.4627236E-4
3.8701834E-4
2.6405466E-4
2.6960732E-4
2.0600596E-4
2.8535927E-4
2.5627788E-4
2.8997147E-4
3.705973E-4
3.1491695E-4
2.7464004E-4
1.6311093E-4
8.296223E-5
1.5597994E-4
1.8732471E-4
8.904346E-5
1.3619568E-4
1.9325055E-4
2.579539E-4
1.8698082E-4
1.622425E-4
1.8492166E-4
1.3766688E-4
1.09185676E-4
9.9604E-5
-3.0552306E-5
4.5585675E-6
-3.1219857E-5
-7.507624E-5
-8.96837E-5
-3.4484307E-5
-1.01620964E-4
-3.387104E-5
-2.623017E-6
-8.89247E-5
-2.1343336E-5
-1.6582076E-4
-6.8612586E-5
-8.773893E-5
7.513644E-6
-9.342798E-5
-6.310593E-5
-6.883425E-5
-6.1180166E-5
-9.301214E-5
-1.9649802E-4
-8.93185E-5
-2.1820293E-4
-1.7018884E-4
-2.4091132E-4
-1.7864713E-4
-1.3270837E-4
-1.2565666E-4
-1.3207314E-4
-1.5799417E-4
-1.9231536E-4
-2.076209E-4
-1.4034651E-4
-1.3002894E-4
-2.1583686E-4
-8.4361454E-5
-2.294251E-4
-2.1886588E-4
-1.56997E-4
-2.1086863E-4
-2.3044959E-4
-2.6675654E-4
-2.5405124E-4
-1.6009962E-4
-1.9419634E-4
-2.737912E-4
-3.078756E-4
-2.0053047E-4
-2.5768424E-4
-2.3564923E-4
-2.0943295E-4
-1.079318E-4
-1.3849426E-4
-1.8867744E-4
-2.6137911E-4
-2.8728816E-4
-1.8702011E-4
-9.111101E-5
-1.6578843E-4
-1.2323905E-4
-2.67933E-4
-2.0118756E-4
-3.9823394E-4
-3.1356374E-4
-3.529905E-4
-4.220925E-4
-4.0476775E-4
-3.0060564E-4
-3.7807887E-4
-4.1710114E-4
-4.4072742E-4
-3.4230316E-4
-2.8457146E-4
-2.710815E-4
-3.6412675E-4
-3.056401E-4
-3.6448755E-4
-2.7532765E-4
-3.7583584E-4
-2.696988E-4
-2.1233605E-4
-2.8520575E-4
-1.754602E-4
-1.6467011E-4
-1.6465073E-4
-6.3763495E-5
-5.5157652E-5
-1.3480887E-4
-1.08252956E-4
1.4483141E-4
3.867389E-5
-2.038496E-4
-1.09817236E-4
-5.6161054E-5
1.5709511E-5
5.890379E-5
-9.369689E-5
-6.605547E-5
2.939395E-5
8.782949E-5
-1.9043788E-5
-1.5366717E-5
-8.131297E-5
9.613332E-5
5.962341E-5
1.9571489E-4
8.420651E-5
2.3101232E-4
2.1443517E-4
1.4871517E-4
-3.637164E-5
-3.251994E-5
-6.79811E-5
5.4914297E-5
7.160754E-5
1.51195E-4
-4.450184E-5
-1.8400846E-5
-4.863774E-6
5.661217E-5
-8.701043E-5
-1.8067661E-4
-1.8218588E-4
-1.6537949E-4
-2.2003877E-4
-2.27029E-4
-1.8689064E-4
-1.1468085E-4
-1.5119497E-4
-9.099207E-5
-2.462329E-5
-6.5007924E-5
2.9340908E-5
-1.4801024E-5
-2.2652564E-5
-6.188177E-5
-4.2585434E-5
-3.2781982E-6
-5.7010795E-5
3.761602E-5
1.11223395E-4
1.415438E-4
1.03467784E-4
2.567528E-4
2.1653545E-4
1.9310747E-4
1.53049E-4
2.2749354E-4
2.3243722E-4
1.1694221E-4
2.2969347E-4
2.2747427E-4
2.5840977E-4
3.6829012E-4
3.0274582E-4
3.806156E-4
2.6816555E-4
4.5545172E-4
3.260407E-4
3.3107636E-4
2.6756013E-4
2.469411E-4
1.4566016E-4
2.1926027E-4
3.1958794E-4
3.8853596E-4
4.103286E-4
3.9704295E-4
3.5094732E-4
5.050487E-4
3.8168856E-4
4.3772018E-4
3.630378E-4
1.7839672E-4
1.5941117E-4
1.6568927E-4
1.1317314E-4
1.9897913E-4
1.9289476E-4
3.1618497E-4
3.5902564E-4
3.5882456E-4
3.643683E-4
3.0990923E-4
1.8939454E-4
2.0416235E-4
1.8626488E-4
1.4731324E-4
1.2651151E-4
2.3739939E-4
1.9415024E-4
2.6651347E-4
3.1724293E-4
2.1175355E-4
2.4601485E-4
3.2180274E-4
3.0760147E-4
2.5919918E-4
1.9268437E-4
1.41019E-4
2.5552645E-4
3.0341107E-4
3.4462387E-4
2.9194084E-4
3.1398944E-4
3.2315333E-4
2.5719425E-4
4.466955E-4
3.604943E-4
3.2860038E-4
2.732804E-4
3.0342402E-4
2.4829406E-4
2.5708962E-4
2.1454405E-4
2.3277402E-4
2.5106175E-4
4.2685505E-4
2.3668665E-4
1.7663724E-4
2.7524665E-4
2.1712536E-4
1.889672E-4
1.4146508E-4
7.245072E-5
-6.469276E-6
1.2059194E-4
5.476403E-5
-7.10686E-5
1.168677E-4
-3.7065587E-5
-1.5717067E-4
-1.8216399E-4
-2.7236623E-5
-5.9370403E-5
-6.1947E-5
-1.1710481E-4
-1.6541059E-4
-1.2056844E-4
-1.7648797E-4
-1.2317483E-4
-1.898149E-4
-2.0505062E-4
-2.010901E-4
-2.3190452E-4
-1.6293838E-4
-2.4532905E-4
-2.6828403E-4
-2.5986857E-4
-2.0023975E-4
-2.1504746E-4
-2.6452038E-4
-2.8051293E-4
-3.6453787E-4
-3.0341186E-4
-2.956916E-4
-3.4436412E-4
-3.7338247E-4
-3.2248668E-4
-4.0681753E-4
-4.6333656E-4
-3.627829E-4
-3.5715982E-4
-2.6875656E-4
-3.574729E-4
-2.8498794E-4
-2.896656E-4
-3.154723E-4
-3.786493E-4
-2.524674E-4
-2.0640684E-4
-2.0767102E-4
-2.1191951E-4
-2.2836408E-4
-1.8910828E-4
-1.629528E-4
-1.0980538E-4
-1.2708455E-4
-5.5704822E-5
-3.44606E-5
-1.2391635E-4
-1.4029458E-4
-1.6991046E-4
-1.7546238E-4
-8.25825E-5
3.0647898E-5
1.2293878E-5
1.0577095E-4
-4.6893532E-5
2.8752727E-6
1.2024047E-5
6.349035E-5
4.23744E-5
6.914452E-5
6.529237E-5
2.074458E-4
1.258962E-4
2.0305144E-4
5.1806364E-5
5.293995E-5
-9.687089E-6
1.0601883E-4
-9.578186E-6
-2.6141535E-5
-7.016839E-5
2.5011044E-5
-3.3848475E-5
-2.1116359E-5
-5.366148E-5
6.346616E-6
-8.385139E-5
-1.4235782E-4
-1.4885707E-4
-1.1811498E-4
-1.0867878E-4
-5.4584172E-5
-4.681448E-5
-9.89544E-6
1.1846993E-5
1.5352583E-5
2.3417055E-5
1.0719634E-5
-5.677363E-5
-2.4070408E-5
6.5432585E-5
1.0080278E-4
-2.734811E-6
4.893743E-5
5.7166657E-5
5.4102664E-5
8.366789E-5
3.4511268E-5
7.4036E-5
7.576912E-5
1.37521665E-5
6.188014E-5
-1.6303835E-5
6.4912434E-5
-7.862613E-5
-4.7797377E-5
-8.526134E-5
-3.576242E-5
-6.2450374E-5
-7.858327E-5
-1.0723734E-4
-1.1647568E-4
-9.88584E-6
-1.096629E-4
-1.1003809E-4
-1.00901365E-4
-1.490863E-4
-1.5645493E-4
-1.4695637E-4
-8.455658E-5
-9.028941E-5
-1.5936229E-4
-1.7149457E-4
-1.15124414E-4
-5.802075E-5
-3.2862557E-5
-6.410397E-5
-8.269765E-5
-1.211505E-4
-1.6236727E-4
-1.5957977E-4
-1.421939E-4
-1.8462985E-4
-9.206548E-5
-1.2046437E-4
-9.711824E-5
-5.7834673E-5
-2.8578741E-5
-1.2223417E-4
-8.033548E-5
-9.818894E-5
-8.887988E-6
-7.141255E-5
-1.2348905E-4
-1.606703E-4
-3.874013E-5
3.981191E-5
-4.5668523E-5
-7.737406E-5
5.4167303E-5
-5.5326334E-5
6.3208276E-8
-1.8809515E-5
-4.0313655E-5
-5.1497675E-5
-1.5981866E-5
-1.13597525E-4
-1.1685676E-4
-2.8090377E-5
-1.2716535E-4
-1.228777E-4
-6.144754E-5
-3.340467E-5
2.2537364E-5
-2.1890268E-5
-4.2664495E-5
-8.209893E-5
-4.16721E-5
-1.8343313E-5
-4.001784E-5
1.221983E-5
-2.5891968E-5
4.9877122E-5
-1.8810477E-5
-9.035676E-6
-1.759236E-5
1.262238E-5
-5.250262E-6
1.3814608E-4
-7.838192E-5
-1.8356954E-5
-8.577634E-5
-1.6858119E-4
-1.490778E-4
-1.8899437E-4
-1.3973056E-4
-1.8176506E-4
-1.6225348E-4
-2.5833072E-4
-1.3413951E-4
-2.9290593E-4
-2.28348E-4
-3.4864154E-4
-2.807408E-4
-3.036963E-4
-2.7170588E-4
-4.139588E-4
-2.6432073E-4
-3.808937E-4
-3.086367E-4
-3.2574416E-4
-3.0494004E-4
-2.9638625E-4
-3.431635E-4
-3.6834538E-4
-3.2697027E-4
-3.2917323E-4
-3.223256E-4
-2.9761257E-4
-4.6904443E-4
-3.7026106E-4
-3.516138E-4
-2.538624E-4
-3.7980935E-4
-3.7041743E-4
-2.8586408E-4
-2.7943656E-4
-3.4106808E-4
-3.2544349E-4
-3.166726E-4
-3.0376145E-4
-3.240799E-4
-3.3475837E-4
-3.3974255E-4
-3.1189955E-4
-2.6483167E-4
-3.13764E-4
-3.436762E-4
-3.897005E-4
-3.6618227E-4
-4.0655833E-4
-3.0181752E-4
-2.7615987E-4
-3.3985375E-4
-3.408583E-4
-3.2065742E-4
-3.6199208E-4
-3.3526163E-4
-2.61212E-4
-1.92517E-4
-2.7101734E-4
-2.0048415E-4
-2.3789496E-4
-1.5934258E-4
-6.708615E-5
-9.097293E-5
-1.5846865E-4
-1.943856E-4
-1.097411E-4
-6.1012983E-5
-4.4822715E-5
-2.9707118E-5
1.094758E-5
-3.726782E-5
-1.8871608E-5
2.8450266E-5
1.03746825E-4
3.9785762E-5
2.6242044E-5
6.5855056E-5
-4.6749424E-6
-1.6514321E-5
8.3194915E-5
3.5835776E-5
1.5663488E-4
1.11212044E-4
8.870419E-5
3.837894E-5
1.12223046E-4
1.357911E-4
7.395182E-5
1.7503682E-5
1.2604469E-4
1.2746395E-4
1.4500586E-4
2.54702E-4
2.2260014E-4
3.367804E-4
1.3969891E-4
2.1311844E-4
2.5987005E-4
3.1558712E-4
3.0929543E-4
3.0724736E-4
2.6219324E-4
2.669292E-4
2.1656278E-4
2.909911E-4
2.5293347E-4
1.5399432E-4
1.8054282E-4
1.6794185E-4
1.1497158E-4
1.3624367E-4
1.5660148E-4
2.1205033E-4
1.8350506E-4
1.220583E-4
4.3503143E-5
1.956188E-4
9.82182E-5
1.3120253E-4
-1.247605E-5
1.2048236E-4
7.19735E-5
1.0256866E-5
2.259136E-5
-2.7363754E-5
-3.430273E-5
-6.1752016E-6
-2.2435552E-5
-3.9532202E-5
-1.0887551E-4
-1.8785913E-4
-1.7371979E-4
-1.0454366E-4
-9.457464E-5
-1.6343241E-5
-1.2840489E-4
-5.914039E-5
-1.4560216E-4
-7.4181364E-5
-1.5515E-4
-1.0343559E-4
-1.4755432E-4
-1.8217717E-4
-8.912789E-5
-1.1512888E-4
-1.1957891E-4
-4.003248E-5
-1.4007003E-4
-4.143732E-5
-1.4949731E-4
-7.2500196E-5
-1.1368843E-4
-9.200747E-5
-1.4978237E-4
-1.1881857E-4
-7.229234E-5
-8.546698E-5
-1.0587197E-4
-4.657067E-5
-2.1643593E-5
-3.220576E-5
-7.5816475E-5
-5.2394796E-7
-9.323139E-7
9.6445176E-5
6.267339E-5
7.516467E-5
7.4018806E-7
4.5034863E-5
2.9738701E-5
5.4387547E-5
1.412799E-4
1.2577782E-4
1.725142E-4
2.0691736E-4
1.2840964E-4
1.6170589E-4
2.5958492E-4
1.0624637E-4
1.2234044E-4
9.2459355E-5
9.566029E-5
1.4182726E-4
1.1878037E-4
1.4765517E-4
1.8410441E-4
1.707729E-4
1.1021199E-4
1.404718E-4
1.0287409E-4
1.2074382E-4
7.24202E-5
1.3902913E-4
-1.3195656E-5
-5.543649E-5
-1.1453085E-4
-7.854041E-5
-6.397339E-5
-3.0256679E-5
-6.974507E-5
-1.243431E-4
-1.7961308E-4
-1.2916453E-4
-1.5440403E-4
-9.2526636E-5
-1.2520328E-4
-1.581895E-4
-1.6742935E-4
-1.4096519E-4
-1.4813743E-4
-2.0151689E-4
-2.2584185E-4
-2.548913E-4
-2.6962088E-4
-2.2655312E-4
-2.666568E-4
-3.2847092E-4
-2.717722E-4
-3.0746512E-4
-3.8329145E-4
-2.342456E-4
-3.5065183E-4
-3.1074948E-4
-3.5267344E-4
-3.6671825E-4
-4.1305574E-4
-3.7402572E-4
-3.7742362E-4
-3.594619E-4
-3.9760256E-4
-4.4993014E-4
-5.168695E-4
-4.3058064E-4
-5.061713E-4
-4.2405867E-4
-4.1732003E-4
-4.8375473E-4
-4.0431978E-4
-4.501252E-4
-5.060418E-4
-3.7938176E-4
-2.967684E-4
-3.2915195E-4
-3.159694E-4
-2.945264E-4
-3.4031435E-4
-2.0895382E-4
-1.647912E-4
-2.709288E-4
-2.6349202E-4
-2.7013037E-4
-2.7121007E-4
-2.7209581E-4
-2.739594E-4
-2.142637E-4
-2.868512E-4
-2.1137511E-4
-2.1653067E-4
-1.7256934E-4
-2.3596255E-4
-2.4947908E-4
-2.9636838E-4
-2.8517976E-4
-2.4930856E-4
-1.5930696E-4
-2.643663E-4
-2.1139752E-4
-1.531559E-4
-1.9471717E-4
-1.945197E-4
-1.5952036E-4
-1.3100076E-4
-5.8664053E-5
-7.288845E-5
5.150263E-6
-7.540795E-5
5.576478E-6
-6.043544E-5
3.8173166E-5
5.6655026E-5
5.985152E-5
1.293258E-6
5.7448935E-5
9.091874E-5
6.3191466E-5
9.597711E-5
1.963068E-4
1.0260609E-4
1.2892256E-4
1.3862048E-4
1.7443765E-4
1.6855587E-4
2.5893378E-4
2.5332268E-4
2.557901E-4
2.3422428E-4
2.6575223E-4
3.1606696E-4
3.536793E-4
2.7321748E-4
3.083947E-4
2.6636833E-4
3.0383363E-4
3.100024E-4
3.2863437E-4
2.9515714E-4
3.6721933E-4
2.6429168E-4
3.473559E-4
3.3368132E-4
3.2194576E-4
3.3181603E-4
2.694404E-4
2.345075E-4
3.1534868E-4
1.7798961E-4
2.0926182E-4
2.9455003E-4
2.3518133E-4
1.6403332E-4
1.4849973E-4
2.01525E-4
1.5901003E-4
1.1289001E-4
2.1067513E-4
2.0623396E-4
1.5094044E-4
1.9514587E-4
1.7117901E-4
1.9437716E-4
1.0323743E-4
1.328325E-4
1.2729934E-4
1.7629027E-4
1.8473537E-4
1.8549664E-4
1.2519746E-4
1.4306695E-4
1.6177751E-4
1.0641385E-4
2.1102626E-4
1.6445827E-4
2.0215493E-4
2.0653343E-4
2.5630946E-4
1.6822634E-4
2.2394181E-4
2.0231571E-4
1.9897809E-4
1.9524821E-4
3.0609744E-4
1.7997973E-4
3.0070686E-4
3.0004006E-4
3.0923338E-4
1.9672871E-4
2.2435938E-4
2.2435164E-4
2.5345176E-4
2.5207223E-4
2.4134599E-4
2.598026E-4
3.1614624E-4
3.0647896E-4
3.5747336E-4
2.7214224E-4
2.889624E-4
2.8141064E-4
3.5183833E-4
2.8956798E-4
3.6482004E-4
2.759083E-4
3.663926E-4
2.3788557E-4
3.4012072E-4
2.571242E-4
3.6909795E-4
3.6341042E-4
3.892648E-4
2.979618E-4
2.9620787E-4
2.7559395E-4
2.6356307E-4
1.6872841E-4
2.241296E-4
2.534556E-4
2.4231333E-4
3.0595588E-4
2.8481602E-4
1.8989282E-4
1.5389425E-4
1.5677013E-4
1.9357835E-4
2.3027934E-4
1.7936513E-4
1.4842245E-4
1.6041195E-4
4.199321E-5
9.822237E-5
1.6048569E-5
1.2524714E-4
-3.7243102E-5
1.0526155E-4
-1.3663174E-4
-6.610797E-5
-1.628872E-4
-1.2411641E-4
-1.514556E-4
-8.585123E-5
-1.9726517E-4
-1.8433043E-4
-3.412158E-4
-1.7890081E-4
-1.7308778E-4
-2.178495E-4
-1.5102737E-4
-1.2734799E-4
-2.1021672E-4
-1.5747361E-4
-2.2323149E-4
-1.889435E-4
-1.3941215E-4
-2.0922112E-4
-1.837979E-4
-1.9663353E-4
-2.240752E-4
-2.0024001E-4
-1.6432081E-4
-1.6780857E-4
-2.504129E-4
-1.7407344E-4
-2.1260811E-4
-1.0326879E-4
-3.0066035E-4
-2.3120616E-4
-2.3251372E-4
-1.893224E-4
-2.631828E-4
-2.1277885E-4
-2.5257823E-4
-2.8015277E-4
-3.1886259E-4
-3.8095706E-4
-3.1092993E-4
-3.073137E-4
-2.741033E-4
-2.8741863E-4
-3.6846896E-4
-3.5111376E-4
-4.0898097E-4
-4.0762444E-4
-3.5192046E-4
-3.3852257E-4
-4.0531988E-4
-2.7135975E-4
-2.4236988E-4
-3.5792525E-4
-3.226344E-4
-3.2696966E-4
-3.7317845E-4
-2.967762E-4
-2.5361008E-4
-3.221547E-4
-3.025672E-4
-2.8088756E-4
-2.336369E-4
-2.5036093E-4
-1.91446E-4
-2.5212392E-4
-2.0959716E-4
-1.7833282E-4
-1.570937E-4
-1.701897E-4
-1.097593E-4
-9.974974E-5
-1.3804149E-4
-1.6139372E-4
-6.5326494E-5
-9.094557E-5
-8.3603714E-5
-5.6180972E-5
-9.907078E-6
1.3127347E-5
-1.4810164E-5
6.315977E-5
1.15745555E-4
-2.931461E-5
2.5159017E-5
5.9016867E-5
1.6473232E-4
1.4133853E-4
1.19673154E-4
3.4585257E-5
2.1729055E-4
2.6353673E-4
2.2195846E-4
2.1578511E-4
2.3112608E-4
2.7650138E-4
2.445986E-4
2.8897877E-4
2.2700266E-4
3.56712E-4
3.4381505E-4
2.5941833E-4
3.301293E-4
3.6315058E-4
3.3580157E-4
4.0116312E-4
3.7097992E-4
3.9872763E-4
3.2316233E-4
3.3189266E-4
4.5519695E-4
3.6604243E-4
3.345717E-4
3.5709128E-4
3.3583085E-4
3.0036888E-4
3.4431633E-4
3.4966914E-4
2.8449012E-4
2.707533E-4
2.9135513E-4
3.7477363E-4
2.8597278E-4
3.095051E-4
3.622789E-4
2.5072362E-4
2.8357984E-4
2.2283355E-4
2.7091667E-4
1.872565E-4
2.3626504E-4
2.9335296E-4
3.3642995E-4
2.7577332E-4
2.5561746E-4
2.3886173E-4
2.8086815E-4
2.660411E-4
9.035417E-5
1.7611295E-4
2.829857E-4
2.364195E-4
2.0141105E-4
2.642277E-4
2.7185353E-4
2.183866E-4
2.353954E-4
2.9229437E-4
2.397403E-4
1.9756173E-4
2.3410523E-4
2.882137E-4
2.1811975E-4
1.7020754E-4
1.4804406E-4
1.8879154E-4
1.9825461E-4
1.9662124E-4
1.5596166E-4
1.49649E-4
1.16435556E-4
6.9023925E-5
1.4421396E-4
1.3319797E-4
1.7173347E-4
8.9236884E-5
3.707622E-5
1.0223288E-4
1.8170445E-4
7.6899465E-5
1.2876462E-4
2.0787871E-4
2.0781216E-4
1.2526968E-4
1.3575643E-4
1.06665364E-4
7.438714E-5
5.107056E-5
1.07628046E-4
1.14925264E-4
-1.106091E-5
-3.7671187E-5
-2.6040932E-5
-4.205544E-5
-2.2039181E-5
-1.2324973E-5
2.0383011E-5
-2.4398754E-5
-1.02838654E-4
-8.765332E-5
-1.1097864E-4
-1.3562228E-4
-2.0426989E-4
-1.0459959E-4
-1.5426367E-4
-1.7633446E-4
-1.7569147E-4
-2.5899053E-4
-2.2148732E-4
-1.8426098E-4
-2.2002452E-4
-1.9533746E-4
-1.5768566E-4
-3.1160942E-4
-2.1452422E-4
-2.8006197E-4
-1.8006987E-4
-2.3546192E-4
-2.3054096E-4
-2.7366608E-4
-3.3551478E-4
-3.2819776E-4
-3.3809594E-4
-3.1561873E-4
-3.1200776E-4
-4.1197424E-4
-4.0117127E-4
-3.818851E-4
-4.224423E-4
-3.6523904E-4
-4.1039646E-4
-3.766636E-4
-3.7928927E-4
-2.902735E-4
-4.3703272E-4
-4.6485564E-4
-4.7438787E-4
-4.9805496E-4
-5.09222E-4
-4.550866E-4
-4.7197417E-4
-4.3736614E-4
-4.0127753E-4
-4.4533165E-4
-3.7822998E-4
-5.3477875E-4
-4.3994575E-4
-4.2662435E-4
-3.1477178E-4
-3.4971102E-4
-4.143262E-4
-4.392169E-4
-3.1992272E-4
-2.563688E-4
-2.796348E-4
-3.3367137E-4
-2.7811818E-4
-3.5727696E-4
-3.1632694E-4
-3.09827E-4
-2.0480249E-4
-2.467354E-4
-2.4704624E-4
-2.3509526E-4
-1.7575762E-4
-2.3759743E-4
-1.5578732E-4
-1.6639316E-4
-1.2011229E-4
-1.1054768E-4
-8.1776896E-5
-8.346018E-5
-9.064083E-5
-6.9710986E-5
-6.185793E-5
-1.2182988E-4
-1.0732895E-4
-4.8546815E-5
-1.2197286E-4
-4.1674677E-5
-4.3398115E-5
4.5527093E-5
7.2945506E-5
5.248373E-5
5.983687E-5
-5.599173E-5
-2.0510262E-5
4.8767473E-5
9.791409E-5
1.857781E-5
4.6753878E-5
4.5681303E-5
2.5516849E-5
1.08123655E-4
1.0801901E-4
1.0626902E-5
1.5002438E-4
1.4147763E-4
1.4176876E-4
1.9089508E-4
2.2770424E-4
1.3099665E-4
1.5080311E-4
1.0266035E-4
9.330368E-5
7.6060234E-5
1.627353E-4
5.857463E-5
6.1635816E-5
1.3812783E-4
8.8924775E-5
2.59269E-5
1.6072587E-4
7.166429E-5
1.349247E-4
6.729061E-5
1.8615695E-4
1.5922067E-4
1.6733445E-4
1.4636533E-4
1.1591016E-4
2.1809652E-4
2.355455E-4
1.8072892E-4
2.5124132E-4
2.2409033E-4
2.5237337E-4
2.3195815E-4
2.551895E-4
2.0959404E-4
3.0026515E-4
3.5783843E-4
3.3662422E-4
3.5554843E-4
3.3867572E-4
3.2570216E-4
3.3652462E-4
2.816015E-4
3.3743388E-4
3.6415315E-4
4.2447995E-4
3.5473699E-4
3.99673E-4
3.0438852E-4
3.9433956E-4
3.3383115E-4
3.6280818E-4
3.7144712E-4
2.9383242E-4
2.9008172E-4
3.0328525E-4
3.1180648E-4
2.3375498E-4
1.8149485E-4
2.6903595E-4
2.1690849E-4
3.1330498E-4
2.4289393E-4
2.3295784E-4
1.7017871E-4
1.8197109E-4
2.5365205E-4
2.7544488E-4
2.1281285E-4
1.7921017E-4
1.5467494E-4
7.218991E-5
1.1659486E-4
1.6220742E-4
1.3589661E-4
1.281432E-4
5.7031328E-5
1.2767052E-4
9.9040146E-5
8.25688E-5
6.940549E-5
9.094737E-5
5.3742365E-6
3.4742003E-5
4.423527E-5
-4.8647803E-6
7.072638E-5
5.1382533E-5
5.227133E-5
8.243473E-5
-2.5499252E-5
4.437769E-5
1.6408569E-5
7.887435E-5
-3.8183975E-5
9.618096E-5
2.4762203E-5
4.0617157E-5
2.0759791E-5
-1.7705246E-5
-2.6067732E-5
3.2448577E-5
8.440906E-5
1.3265444E-5
-4.577844E-5
-1.2839859E-4
2.8860066E-5
3.3987046E-5
2.0982958E-5
-9.814585E-5
-1.4573957E-5
-3.048035E-5
-3.3391385E-5
-7.07028E-5
-7.926784E-5
-6.392857E-5
-1.6516918E-6
-3.0031535E-5
1.3216139E-5
-3.680977E-5
-1.4744441E-4
-1.8061746E-4
-1.7144678E-4
-1.0416933E-4
-5.8628902E-5
-1.542826E-4
-2.3539946E-4
-1.7099586E-4
-2.037531E-4
-1.04820865E-4
-1.3049922E-4
-1.771145E-4
-1.5223103E-4
-1.7163406E-4
-3.0689267E-4
-2.2244599E-4
-2.3663008E-4
-1.4771591E-4
-2.2368082E-4
-2.462851E-4
-1.5563845E-4
-1.7276332E-4
-2.1498182E-4
-1.8492977E-4
-3.1016482E-4
-2.9974655E-4
-3.3721208E-4
-3.526278E-4
-2.7604733E-4
-3.2248616E-4
-2.979678E-4
-3.125546E-4
-1.7445632E-4
-1.6270507E-4
-2.6325375E-4
-3.331233E-4
-1.564623E-4
-2.8548643E-4
-1.7184293E-4
-1.9316588E-4
-2.3812828E-4
-1.0608478E-4
-2.3206955E-4
-1.8318802E-4
-4.5403864E-5
-1.25654E-4
-4.968772E-5
-4.341672E-5
-1.6680534E-4
-1.9727782E-5
-7.067329E-5
-9.368145E-6
-1.725279E-5
-4.7022345E-6
-6.720091E-5
1.0003684E-5
2.6826414E-5
4.958472E-5
1.6357836E-4
2.0852628E-4
1.4407432E-4
5.2030442E-5
7.3303956E-5
1.3675877E-4
1.3900227E-4
1.4551077E-4
1.4882756E-4
1.8994909E-4
2.1906555E-4
1.9293334E-4
2.0775959E-4
1.9142072E-4
2.1972768E-4
1.4403292E-4
2.9140772E-4
2.506559E-4
3.273341E-4
2.7274308E-4
2.9921584E-4
2.3743683E-4
3.6797728E-4
3.506265E-4
3.437633E-4
3.7282702E-4
4.1555142E-4
3.3963038E-4
4.0460026E-4
3.5489115E-4
4.161009E-4
3.6599798E-4
3.739147E-4
2.98013E-4
3.515636E-4
3.5924785E-4
4.1173058E-4
4.400276E-4
4.3037627E-4
3.6159955E-4
4.2717002E-4
3.1198005E-4
3.7255662E-4
4.0467063E-4
4.064248E-4
4.3527377E-4
3.5931365E-4
4.2250357E-4
3.2666183E-4
3.1960572E-4
4.0972457E-4
4.3265783E-4
3.64472E-4
2.3932714E-4
2.1521853E-4
2.9075745E-4
2.2595865E-4
2.0558956E-4
2.9608197E-4
2.4487296E-4
1.4970032E-4
1.0705834E-4
1.4756477E-4
1.2502316E-4
1.1375533E-4
8.231531E-5
1.06735795E-4
7.865917E-5
1.4377589E-4
6.9919464E-5
-8.738281E-5
4.8384354E-5
1.9298583E-5
3.3004057E-5
6.228744E-5
4.6684354E-6
-3.5695095E-5
-1.0479856E-5
4.6337507E-5
-9.25201E-6
-1.5177447E-4
-5.227106E-5
-2.7841204E-5
-7.639802E-5
-6.8859605E-5
-5.967672E-5
-1.10614E-4
-8.203655E-5
-1.4421804E-4
-5.6289344E-5
-1.3031642E-4
-9.310505E-5
-1.1878519E-4
-4.7277586E-5
-9.933526E-5
-8.13494E-5
-6.572013E-5
-7.230032E-5
-4.4358192E-5
-7.8092824E-5
-1.444305E-4
-1.6654051E-4
-8.8488196E-5
-1.373086E-4
-8.4853884E-5
-1.1179482E-4
-8.7877204E-5
-1.7085101E-4
-3.927443E-5
-1.813498E-4
-1.1214782E-4
-5.5288576E-5
1.06577445E-5
-4.059737E-5
-9.6485666E-5
-1.0838125E-4
-1.8160598E-4
-1.1135632E-4
-6.874995E-5
-1.4269035E-4
-6.809207E-5
-1.986356E-4
-6.8970025E-5
-1.0945553E-4
-1.17544805E-4
-1.3082885E-4
-1.4304533E-4
-1.175251E-4
-1.768044E-4
-7.121215E-5
-7.333931E-5
-7.152345E-5
-6.989871E-5
-4.7924023E-5
-1.0166645E-5
-2.98318E-6
2.7235865E-5
8.466626E-6
-1.4716732E-4
-2.98309E-5
-1.2666988E-4
-2.4804012E-5
-7.277354E-5
2.7846881E-5
4.5959092E-5
6.8045294E-5
5.6796554E-5
-4.5303103E-5
9.9630946E-5
-6.0598086E-5
1.2787131E-5
-4.2007552E-5
1.711645E-5
-4.2799722E-5
8.038619E-5
9.006672E-6
4.72494E-5
2.8403056E-5
9.592678E-5
6.448547E-5
8.591552E-5
1.11636786E-4
1.4459068E-4
9.056028E-5
4.9026108E-5
8.183663E-6
7.420813E-5
8.6854176E-5
8.6731445E-5
9.407193E-5
7.1652175E-5
1.1005638E-4
9.778401E-5
1.2104537E-4
1.3321439E-4
1.6695407E-4
5.31969E-5
5.648091E-5
2.9586185E-5
-1.9686375E-5
1.11701396E-4
1.4916233E-4
5.4184464E-5
2.2428534E-5
1.442415E-4
5.7828838E-5
5.4392305E-5
1.2409807E-5
5.4553886E-5
2.4316409E-5
7.966343E-5
5.5376404E-5
9.5923686E-5
-1.220593E-5
2.7008144E-5
1.093958E-5
1.19932745E-4
5.8007718E-5
1.4022681E-4
3.7212307E-5
1.7368379E-4
7.932567E-6
1.3179648E-4
5.3181637E-5
1.9113552E-4
1.2245566E-4
5.524416E-5
7.650356E-5
5.8514706E-5
2.2679289E-5
1.5032307E-4
1.1820109E-4
1.2579383E-4
1.515856E-4
1.9573334E-4
1.215571E-4
1.00064004E-4
8.5852116E-5
2.1715819E-4
1.4886823E-4
1.4695089E-4
1.7867738E-4
1.7230926E-4
1.4051925E-4
1.3841271E-4
1.8054852E-4
2.1738317E-4
1.6376232E-4
1.9743241E-4
1.8236366E-4
2.4360095E-4
1.8441035E-4
1.1475069E-4
1.0436654E-4
1.9950245E-4
9.153201E-5
2.1551603E-4
1.3721762E-4
2.6507778E-4
1.7048551E-4
2.2280606E-4
1.3737829E-4
2.9049747E-4
1.4163188E-4
2.2727407E-4
2.3916831E-4
1.3528766E-4
1.9595028E-4
2.3845042E-4
1.625035E-4
2.5986385E-4
1.6048533E-4
1.7036077E-4
1.4282312E-4
1.438676E-4
1.5474625E-4
1.7455513E-4
1.5870725E-4
1.0341987E-4
1.2849718E-4
1.4238119E-4
1.1735076E-4
1.271914E-4
1.4701106E-4
1.3297761E-4
1.1586071E-4
1.3181963E-4
1.379397E-4
1.0518453E-4
1.6631207E-5
8.948837E-5
1.1782942E-4
2.0178266E-5
-2.0001495E-5
8.4652784E-5
-5.0411658E-5
9.8854136E-5
3.2139153E-5
-6.5812186E-5
-3.8143808E-5
4.506627E-5
1.3642995E-5
9.488387E-6
1.2115213E-5
-2.3216366E-5
-4.4189383E-5
-4.6138353E-5
-5.0372775E-5
-1.0891423E-4
-8.749064E-5
-4.5617967E-6
-1.2803392E-5
1.1898852E-6
-5.8694077E-5
-1.4780438E-5
-2.1116575E-5
-7.063623E-5
-4.311876E-5
-9.741231E-5
-8.5393694E-5
-8.420186E-6
-8.231972E-5
-9.279884E-5
-4.9714516E-5
-5.1462728E-5
-6.6519635E-5
-5.6728124E-5
-2.580096E-5
-3.3155407E-5
-4.4932214E-5
-3.2950382E-5
-4.2167187E-5
-1.7781604E-5
-1.3484686E-4
-8.269201E-5
-8.232098E-5
8.58482E-6
-1.4074027E-4
-3.1823936E-5
-1.0142674E-4
-4.904819E-6
-6.3475054E-5
-3.0238087E-5
-2.640432E-5
-4.6416022E-5
-1.0276449E-4
-8.70854E-6
-1.5997389E-4
-5.0399427E-5
-8.719441E-5
-6.799303E-5
-4.889787E-5
-4.10691E-5
-5.9002126E-5
-6.583598E-5
-1.2995358E-4
-6.379468E-5
-1.01396145E-5
-8.563231E-5
-1.2294075E-4
-3.7067253E-5
-1.6303858E-4
-8.3911276E-5
-4.924348E-5
-9.568426E-5
-2.102641E-5
2.3188708E-5
-7.141043E-5
-1.2016819E-4
-9.596653E-5
-8.4734056E-5
-4.7435467E-5
-7.753446E-5
-4.8026923E-5
-1.0220253E-4
-1.0532687E-4
-6.001123E-5
-1.15310686E-4
-4.648746E-5
-1.1633508E-4
-9.333264E-5
-1.3083672E-4
-2.5035537E-5
-8.0475525E-5
-6.065829E-5
-9.8469856E-5
-1.192506E-4
-5.5746754E-5
-4.3190903E-7
-9.092525E-5
-7.4083924E-5
-1.1339403E-4
2.6682976E-5
-6.629337E-5
5.5305895E-7
4.682604E-5
3.1868618E-5
-3.9198716E-5
-4.6381636E-5
1.21804216E-4
7.799256E-5
3.3340646E-5
-1.4117949E-5
1.6945689E-5
5.484261E-5
-3.090157E-5
1.1337741E-4
1.7080844E-6
1.0850469E-5
-2.7339906E-5
8.719332E-5
8.489561E-5
1.3264565E-4
1.0317834E-4
5.451214E-5
1.9339823E-4
1.3972961E-4
1.15381285E-4
1.0307494E-4
1.5372924E-4
1.9537112E-4
1.5111236E-4
1.20151315E-4
4.099315E-5
1.2778558E-4
1.0205166E-4
1.7379929E-4
-3.410795E-5
9.877541E-5
1.4153289E-4
1.7163892E-4
8.4153624E-5
1.4664386E-4
8.998506E-5
1.4304047E-4
1.12555244E-4
7.8546225E-5
1.0840583E-4
2.9976702E-5
-1.227544E-5
7.028238E-5
-1.6759572E-5
6.818056E-5
2.976627E-5
7.4270516E-5
5.1328625E-5
4.8488495E-5
6.577159E-6
-3.1966636E-5
8.785543E-6
1.6521266E-5
5.8000885E-5
7.809482E-5
2.2355329E-5
9.711523E-5
4.7088877E-5
4.4434724E-5
1.2162791E-4
8.242634E-5
1.3939117E-4
4.741135E-5
5.2698906E-5
1.2435661E-4
1.7339343E-4
2.1403082E-4
2.3724599E-4
1.7195646E-4
1.7171065E-4
2.4861874E-4
2.2256529E-4
2.2941398E-4
1.8217393E-4
1.5114111E-4
2.3817606E-4
1.2978459E-4
1.760203E-4
3.5264416E-4
2.866952E-4
2.2721295E-4
1.878031E-4
2.1298048E-4
2.274242E-4
1.6254713E-4
2.0772484E-4
1.6096779E-4
1.4215586E-4
1.7638794E-4
1.6875242E-4
2.0379202E-4
1.462811E-4
1.236255E-4
9.64684E-5
5.9900798E-5
5.1572828E-5
5.9477545E-5
4.479593E-5
-1.3865657E-6
5.293536E-5
1.0875271E-5
9.475665E-5
3.7532445E-5
-4.615165E-5
-8.004426E-5
-9.964185E-5
-1.520744E-4
-1.4663815E-4
-2.1388696E-4
-1.9983493E-4
-1.0821513E-4
-2.2503934E-4
-2.432508E-4
-2.1710455E-4
-1.828973E-4
-2.131265E-4
-2.1409355E-4
-2.9396257E-4
-2.5307832E-4
-3.1853322E-4
-2.1986244E-4
-2.391583E-4
-1.8343823E-4
-2.9927815E-4
-2.4912597E-4
-2.7094147E-4
-2.1356002E-4
-1.9642216E-4
-2.501767E-4
-2.3279116E-4
-2.2531344E-4
-1.5404844E-4
-1.5010155E-4
-1.563817E-4
-2.819508E-4
-2.5440333E-4
-1.6841378E-4
-7.16819E-5
-2.0705462E-4
-1.09192515E-4
-1.7162826E-4
-1.3622102E-4
-1.21398116E-4
-3.4478675E-5
-1.1109757E-4
-8.3870815E-5
-3.0794534E-5
-6.605339E-5
-6.308065E-5
-6.0122693E-5
-7.665601E-5
-3.3313034E-5
-6.2509025E-6
6.748315E-6
-5.1747E-6
-4.0556486E-5
4.8888065E-5
7.450412E-5
-4.0229406E-5
-9.397627E-6
5.872791E-5
1.8859271E-5
4.1999185E-5
4.9394177E-5
2.4095229E-5
5.0197286E-6
1.1145179E-4
-2.0250032E-5
3.273476E-5
1.12311594E-4
8.905726E-5
6.655865E-5
1.6047235E-5
8.10742E-5
1.4620522E-4
6.258296E-6
1.0127723E-4
1.2962256E-5
1.0796283E-4
1.1589491E-4
1.1708616E-4
3.849005E-5
-1.6739497E-5
3.6686597E-5
4.1892938E-5
2.2110624E-5
-4.7721293E-5
2.5087604E-5
-4.275358E-6
2.8159731E-5
-7.572394E-5
-8.962516E-5
-1.0891456E-4
-2.3086104E-5
2.8674916E-5
-2.7918555E-5
-2.812408E-5
-7.045708E-5
-7.887852E-5
-4.653218E-5
3.2999792E-6
-6.103111E-5
1.3969035E-5
-5.8532845E-5
-8.848615E-5
-1.0257417E-4
1.27641E-5
-7.4322765E-5
-3.0102017E-5
-1.387322E-4
-1.1207204E-6
-1.2865018E-4
4.5524645E-5
-5.9639577E-5
1.0334955E-5
-1.4783021E-4
-4.975369E-5
-1.1814379E-4
-5.1929153E-5
-3.093017E-6
3.388277E-5
-5.5036514E-7
4.3734886E-5
3.1337637E-5
1.5161214E-4
2.9855482E-5
4.7387082E-5
1.0259197E-4
4.592975E-5
7.295339E-5
1.9153858E-5
1.13005146E-4
8.945605E-5
1.0875052E-4
1.0942642E-4
5.5317632E-5
4.9158632E-5
5.4090833E-5
4.7455593E-5
8.511276E-5
9.566038E-5
4.85282E-5
1.1145763E-4
3.4517186E-6
1.2008755E-4
1.08423905E-4
9.934829E-5
1.271835E-4
1.237465E-4
1.6908329E-4
1.439779E-4
9.5227646E-5
1.3662505E-4
4.797607E-5
9.062417E-5
3.9829432E-5
1.3419967E-4
1.11960966E-4
3.2802066E-4
1.4043823E-4
2.0951932E-4
1.07808184E-4
1.1970642E-4
1.570412E-4
1.7318841E-4
8.202096E-5
1.41307E-4
1.2262526E-4
8.415126E-5
1.4236121E-4
1.03395294E-4
9.193582E-5
8.59307E-5
7.6176715E-5
8.462998E-5
8.3703395E-5
8.1424914E-5
9.020746E-6
3.559213E-5
-6.359077E-6
-2.2112657E-5
-1.9466746E-5
-5.6120407E-5
-5.470708E-5
-4.9059523E-5
-3.475499E-5
-1.0089429E-4
-1.0961564E-4
-8.95145E-5
-1.3158735E-4
-7.176839E-5
-1.7929138E-4
-7.140897E-5
-1.0269786E-4
-1.1390226E-4
-7.723456E-5
-3.3330152E-6
-1.7834318E-4
-6.509285E-5
-8.72387E-5
-6.764379E-5
-1.384505E-4
-6.2881656E-5
-1.4408393E-4
-5.652214E-6
-7.3854746E-5
-7.383402E-5
-1.6037856E-4
9.591992E-6
-4.7537484E-5
-2.2832373E-5
-6.9316826E-5
-2.2032827E-5
-3.4637305E-5
-9.112886E-5
1.1937215E-5
-9.743417E-5
-2.6125059E-5
-3.083813E-5
-1.8161812E-5
5.4304175E-5
-2.4336381E-5
-7.839233E-6
2.8498462E-5
-2.8160864E-6
1.0748471E-5
6.323765E-6
-3.552259E-5
9.557174E-6
-7.303112E-5
-1.4613593E-5
2.2979188E-5
2.6764426E-5
-1.7667851E-5
5.293572E-7
1.45824515E-5
8.271997E-6
-1.0826983E-4
-1.5108736E-6
-2.9024535E-5
3.8270457E-5
1.6216334E-5
5.250986E-5
2.0306017E-5
5.198603E-5
4.4832464E-5
1.6037257E-4
1.532125E-4
1.05565174E-4
1.2486904E-4
1.2748752E-4
7.480193E-5
1.0195703E-4
7.405726E-5
2.2586622E-5
1.6787257E-4
1.8197746E-4
1.8356892E-4
1.6476033E-4
1.501714E-4
1.5726284E-4
1.3110788E-4
1.3647393E-4
1.275741E-4
1.1888207E-4
1.3898342E-4
9.895988E-5
1.7444677E-4
1.1892005E-4
1.5343167E-4
1.3984718E-4
9.873521E-5
8.9782865E-5
3.8115133E-5
9.642129E-5
2.716245E-5
1.1189206E-4
7.73576E-5
1.319249E-4
7.9423866E-5
9.0833324E-5
3.372776E-5
5.709853E-5
-2.1261506E-7
1.6565445E-4
2.2776592E-5
1.01050384E-4
1.0270989E-4
-1.5173207E-5
4.7344507E-5
9.561736E-5
-1.4050947E-4
8.298543E-5
4.7488196E-5
8.231322E-5
6.55983E-5
5.5160835E-5
3.8208123E-5
1.0430821E-4
7.825149E-5
9.18771E-5
5.9303562E-5
1.3260545E-4
4.4088883E-5
1.1777413E-4
1.0792415E-4
1.640899E-4
1.2069969E-4
1.3838253E-4
8.9495166E-5
9.137796E-5
1.2892825E-4
1.5039946E-4
1.0257117E-4
2.1516279E-4
1.1095893E-4
1.8585981E-4
2.0386693E-4
2.3067219E-4
1.1328787E-4
2.1837947E-4
1.5043796E-4
2.3112439E-4
1.8973705E-4
1.75527E-4
1.8855876E-4
2.6116837E-4
1.52322E-4
2.792103E-4
1.7806179E-4
3.291336E-4
1.3710398E-4
2.2850696E-4
1.5594889E-4
2.691947E-4
1.6549978E-4
2.6465586E-4
2.2996953E-4
1.9249452E-4
1.1647937E-4
1.645398E-4
9.66791E-5
1.5631388E-4
1.5394569E-4
1.7498965E-4
1.3482988E-4
1.3146942E-4
9.532532E-5
1.8409248E-4
1.2105019E-4
1.14789116E-4
1.0013197E-4
1.7810425E-4
1.3850031E-4
1.4895402E-4
6.3047584E-5
1.0765862E-4
7.3696414E-5
1.10644585E-4
-4.7213944E-5
5.846721E-5
-4.9953294E-5
4.918609E-5
-8.798777E-5
1.3557638E-5
-5.4490458E-5
2.0476798E-6
-8.565207E-6
4.5482057E-6
-9.6211465E-5
-7.604098E-6
-7.2297924E-5
6.5873064E-5
-7.186135E-5
5.2568175E-5
-6.89266E-5
-1.42504305E-5
-5.5708846E-5
2.125995E-5
-1.18204065E-4
-8.606409E-5
-2.1379073E-4
-8.8031324E-5
-2.4013051E-4
-1.4176399E-4
-1.7659708E-4
-6.971962E-5
-2.0202332E-4
-1.9328897E-4
-2.59574E-4
-1.3730118E-4
-1.3562107E-4
-1.5604642E-4
-1.12079244E-4
-1.5065813E-4
-1.9869371E-4
-1.20067554E-4
-1.3966042E-4
-6.547785E-5
-1.0143745E-4
-2.5287536E-5
-7.2143375E-5
-3.416369E-5
-1.6935861E-4
-2.5806237E-5
-1.5954666E-4
-1.7758908E-5
-9.05287E-5
2.2696835E-5
1.887721E-6
5.3118907E-5
-1.0842827E-4
7.3444585E-7
-4.6762534E-6
1.247631E-4
1.5636635E-5
2.514277E-5
-3.5557663E-5
1.2947297E-4
3.6538288E-5
1.5424144E-4
7.249036E-5
2.1498314E-4
9.619172E-5
1.0607558E-4
8.598596E-5
1.1699136E-4
1.6041563E-4
1.1639749E-4
8.997165E-5
1.851019E-4
2.1252004E-4
1.4043835E-4
1.3223678E-4
1.5164976E-4
1.7105896E-4
2.087543E-4
1.7528204E-4
2.0818305E-4
1.6732179E-4
1.8633204E-4
2.668942E-4
2.0205042E-4
6.865144E-5
2.1715724E-4
1.3520304E-4
1.9042705E-4
1.7114877E-4
2.142751E-4
7.3674935E-5
2.2092572E-4
1.567839E-4
2.564869E-4
1.4237285E-4
1.9899372E-4
9.1269576E-5
1.2705596E-4
3.8335504E-5
2.0254115E-4
1.2461726E-4
2.7511665E-4
1.3963127E-5
1.0783651E-4
1.02941725E-4
1.5947265E-4
2.9519588E-5
5.089944E-5
-1.6927359E-5
9.813134E-5
1.4034068E-5
3.4701505E-5
3.087946E-5
2.2691049E-5
-2.39794E-5
6.171185E-5
1.5609841E-5
3.6307767E-5
5.8276646E-6
1.0125803E-4
1.493904E-5
1.0433777E-5
6.0681232E-5
-1.1364842E-5
5.999486E-5
5.189401E-5
6.421346E-5
3.393405E-5
3.3237815E-5
5.3694872E-5
9.018927E-5
8.532342E-5
1.2102426E-4
1.3599328E-4
4.8226448E-5
1.0263814E-4
6.865603E-5
1.645865E-4
8.6172986E-5
1.9103762E-4
7.5386684E-5
1.8113737E-4
6.774826E-5
1.7432043E-4
1.1248308E-4
2.2165183E-4
8.642942E-5
1.5573786E-4
1.4130748E-4
1.1210717E-4
1.18710086E-4
1.09161665E-4
1.5408974E-4
1.9779324E-4
1.2728666E-4
1.7621774E-4
2.5959112E-4
1.1708126E-4
1.2077156E-4
1.4987502E-4
1.6517693E-4
3.806464E-5
1.4017259E-4
1.17281736E-4
1.8113301E-4
6.859459E-5
7.6668664E-5
8.139659E-5
1.7927522E-4
1.3176184E-4
1.3745087E-4
1.15843024E-4
1.8750745E-4
8.382813E-5
-2.4930776E-5
8.177049E-5
5.685936E-5
7.75698E-5
1.96988E-5
7.0397975E-5
1.8586637E-5
7.043552E-5
-9.529216E-6
1.9759616E-5
2.830072E-5
7.848722E-5
9.687104E-6
8.6814674E-5
3.6343157E-5
6.177422E-5
-6.8798305E-5
4.0298462E-5
-1.04710016E-4
-8.90114E-6
-8.5014755E-5
-1.2386697E-5
-8.614237E-5
-9.2768576E-5
-1.2619671E-4
-1.19623655E-4
-7.7590965E-5
-2.275515E-4
-2.3238665E-4
-2.0420134E-4
-1.5802216E-4
-2.403859E-4
-1.9300809E-4
-1.8276357E-4
-1.5813953E-4
-3.0391372E-4
-1.5222927E-4
-3.0699527E-4
-2.3544166E-4
-2.873609E-4
-3.2724044E-4
-2.9428382E-4
-2.8695678E-4
-2.9135216E-4
-2.9695037E-4
-2.2560343E-4
-3.1637415E-4
-2.4952664E-4
-3.6681912E-4
-2.2583286E-4
-2.8313883E-4
-2.0635196E-4
-1.9842398E-4
-1.9628271E-4
-2.986164E-4
-2.1755035E-4
-2.5133655E-4
-2.0976119E-4
-3.114255E-4
-1.2512003E-4
-2.457086E-4
-8.4839536E-5
-2.2137036E-4
-2.0237287E-4
-1.6887805E-4
-1.5530353E-4
-1.1605417E-4
-4.5221197E-5
-1.0780765E-4
-6.859686E-5
-1.8453944E-4
-1.3133917E-4
-2.4501867E-5
-1.6789028E-4
-1.2425287E-4
-9.09244E-5
-1.1467669E-4
-6.233022E-5
-1.1904864E-4
-3.2674434E-5
-4.5904784E-5
2.8621123E-5
-2.8423347E-6
-3.5592242E-5
2.3839248E-5
8.284907E-5
3.7744343E-5
1.7504676E-4
5.066881E-5
2.7327868E-4
5.576328E-5
1.6711798E-4
1.2834926E-4
1.6025291E-4
6.221515E-5
1.0230151E-4
8.058043E-5
1.06632506E-4
8.746048E-5
1.488443E-4
-2.8442018E-5
1.3285167E-4
1.8996092E-5
1.2430499E-4
-2.6017991E-5
1.5585715E-4
2.6124188E-5
1.3673067E-4
-4.35459E-5
9.43114E-5
3.7412065E-5
5.2498585E-6
-8.769622E-6
2.6853972E-5
-3.4175668E-5
-3.509277E-5
-2.6141217E-5
4.8622744E-5
-6.736483E-5
-2.0605125E-5
-2.2879001E-5
-4.404896E-5
-1.0476023E-4
-2.5903333E-5
-1.1689261E-4
-7.687539E-5
-4.119057E-6
-7.291137E-5
-1.309293E-4
-9.6023236E-5
-1.5310253E-4
-6.0975846E-5
-8.685929E-5
-6.142158E-5
-2.0846917E-4
-3.2602828E-5
-2.0598188E-4
-1.14131915E-4
-2.0328183E-4
-9.828391E-5
-2.1842854E-4
-1.5642833E-4
-2.2785823E-4
-1.1183941E-4
-2.4134284E-4
-7.514226E-5
-1.1598741E-4
-6.156958E-5
-1.8268946E-4
-3.7858674E-5
-2.0856774E-4
-1.0632277E-5
-1.3084005E-4
-3.8172217E-5
-1.12592636E-4
-2.9984556E-5
-2.4727648E-5
-2.06852E-5
-2.8169921E-5
-5.935093E-5
4.7477664E-5
1.2541986E-4
-2.0537084E-6
1.2406863E-4
1.376175E-4
5.0399398E-5
2.1416123E-5
1.3143387E-4
1.6063788E-4
1.8258138E-4
1.0802599E-4
2.5635966E-4
1.1188054E-4
2.007673E-4
4.360901E-5
1.6274155E-4
1.4869553E-4
1.7512825E-4
1.4715418E-4
2.2703793E-4
1.8519681E-4
1.7044194E-4
6.7693636E-6
1.7181087E-4
9.38176E-5
1.5416776E-4
4.888708E-5
2.5530893E-4
9.729459E-5
2.4644565E-4
7.200502E-5
1.9934744E-4
3.1417163E-5
1.4254448E-4
4.133207E-5
1.4608639E-4
7.942563E-5
1.6684299E-4
5.7002493E-5
1.603795E-4
2.3356688E-5
1.2308703E-4
1.09423294E-4
1.239016E-4
8.03856E-5
1.3182289E-4
8.478346E-5
1.6177987E-4
1.6897854E-4
9.4979085E-5
1.10225876E-4
2.3462986E-4
6.062246E-5
1.4584474E-4
1.452135E-4
1.3695065E-4
9.754672E-6
1.0722524E-4
-2.336977E-5
5.288454E-5
-6.6206435E-6
8.988797E-5
-9.8004726E-5
9.3394236E-5
-6.0106468E-5
-8.168132E-5
-2.0543906E-4
-7.85857E-5
-1.5629148E-4
3.745826E-5
-1.5368096E-4
-2.0030211E-5
-2.0669735E-4
-3.8643073E-5
-8.6739376E-5
-8.613466E-5
-1.5182259E-4
-1.604273E-5
-1.0955764E-4
-1.3342428E-5
-5.9281574E-5
2.7309788E-5
-7.336629E-5
-2.677521E-5
-1.6029645E-4
-3.685031E-5
-1.679672E-4
-6.2105646E-5
-1.611265E-4
-2.0860432E-5
-7.0225484E-5
-1.1446868E-4
-2.1130571E-4
-6.720497E-5
-1.403627E-4
-1.00958154E-4
-1.9400645E-4
-1.22006866E-4
-2.9229073E-4
-8.495925E-5
-3.5089243E-4
-8.6965905E-5
-2.4991264E-4
-8.624257E-5
-2.4856077E-4
-9.526299E-5
-2.161088E-4
-7.689135E-5
-2.461661E-4
-7.660941E-5
-2.7174392E-4
-1.2030591E-4
-3.1380917E-4
-6.4620144E-5
-3.028527E-4
-4.404587E-5
-1.9698525E-4
-9.765662E-5
1.6454329E-5
-3.1708647E-4
4.3384894E-4
-7.1208476E-4
8.194428E-4
-8.023488E-4
-1.7265046E-4
0.0011759872
-2.1833746E-4
-5.429941E-5
3.14684E-6
3.096833E-4
-8.8921006E-5
1.4861846E-4
2.8371253E-6
1.8187096E-4
-2.6381116E-5
1.4570483E-4
-2.9457839E-5
4.204562E-5
5.5066426E-5
1.474141E-4
-3.9459494E-5
-7.263391E-5
-6.399961E-5
1.4963708E-4
-1.675386E-4
1.8188947E-4
-2.1721449E-4
2.2283338E-4
-3.4485114E-5
-6.4174645E-5
-4.9394177E-5
1.1527785E-4
2.6381176E-5
1.463798E-4
-5.3747674E-5
2.1315523E-4
-1.2965717E-5
1.2621944E-4
2.2399438E-5
1.5442967E-4
-1.7253129E-5
1.3859426E-4
1.019562E-5
9.994939E-5
-6.585395E-5
7.778281E-5
-5.747231E-5
-1.20212335E-5
-2.9040986E-5
4.8933653E-5
-2.2326723E-5
5.759147E-5
8.199674E-6
-9.556965E-6
-8.4915584E-5
7.190868E-5
1.15392424E-4
1.1373092E-4
4.8454353E-5
1.1940758E-4
4.1093463E-5
1.6016969E-4
-3.9814262E-5
1.554572E-4
8.5448E-5
1.8667142E-4
2.709355E-5
2.2211269E-4
7.500214E-5
1.7953319E-4
-3.1523923E-5
9.157689E-5
-3.770083E-5
1.520284E-4
6.411739E-5
1.6067961E-4
-1.0225669E-4
1.5003016E-4
-5.6858535E-5
1.133173E-4
1.2997758E-4
2.2606993E-4
2.0041637E-4
2.3354728E-4
3.5693596E-5
1.5659134E-4
7.028313E-5
2.7070803E-4
1.8615974E-4
4.0218385E-4
3.26028E-4
3.5945344E-4
1.9308297E-4
2.4083072E-4
1.7388086E-4
3.3005126E-4
2.5742708E-4
3.23494E-4
2.3560064E-4
2.5480214E-4
9.3904055E-5
1.7241183E-4
2.8037264E-5
1.694462E-4
1.481489E-4
2.3563874E-4
1.5112334E-4
1.8467789E-4
6.235761E-5
1.9488168E-4
-1.4127263E-5
1.6575665E-4
-3.2281907E-5
2.606556E-4
1.2087423E-4
2.9540155E-4
4.1939744E-5
2.809987E-4
9.965089E-5
3.2751402E-4
7.7827586E-5
3.8198498E-4
3.0349463E-4
3.807859E-4
2.7279573E-4
3.4867862E-4
3.442811E-4
4.540624E-4
4.4254275E-4
5.873442E-4
5.7721796E-4
4.3862907E-4
5.9448887E-4
3.7451435E-4
4.6401826E-4
2.2041656E-4
4.863191E-4
8.2437204E-5
5.6692434E-4
-4.30806E-5
3.8389975E-4
-2.572703E-4
1.6986375E-4
-4.1468025E-4
-1.4979918E-4
-3.3760144E-4
-5.923518E-4
1.362585E-4
-0.0012011142
9.830617E-4
-0.0021832408
0.0014515528
-0.0025745525
0.0027403631
-0.005936482
0.006152851
-0.007972167
0.0101133045
-0.012278887
0.014645865
-0.018130662
0.020484386
-0.025033306
0.028289123
-0.033221994
0.038573593
-0.0427158
0.04342898
-0.035368495
0.027471589
0.019478608
-0.026795276
0.15041253
-0.22489788
-0.120613046
-0.22026716
0.46841282
0.5406018
-0.31236264
-1.0
-0.7682286
-0.13632162
0.38750154
0.7051849
0.74117386
0.636953
0.30987468
0.016396351
-0.09066378
0.05045673
0.22274818
0.28633517
0.11209773
0.0087149115
-0.1072531
-0.19226088
-0.20168327
-0.21606861
-0.22163348
-0.20224588
-0.19782723
-0.21849738
-0.26067585
-0.20104606
-0.19847776
-0.23779894
-0.21760544
-0.17281298
-0.23383921
-0.22282705
-0.14025813
-0.06736974
-0.023068994
-0.03137576
-0.05548892
-0.027594754
0.02903142
0.027626311
0.028685275
0.07354106
0.11896898
0.09514336
0.07196846
0.06790874
0.058845975
0.056900434
0.087229244
0.11192346
0.115975216
0.12813076
0.09839416
0.05461755
0.045247175
0.044775236
0.044853088
0.047570113
0.06392148
0.07556485
0.072646625
0.06117207
0.07257564
0.08378111
0.06439899
0.051220104
0.044126943
0.052828938
0.072010756
0.079130135
0.09586583
0.10074979
0.08338701
0.042536654
0.0060799364
5.488488E-4
0.00895863
0.030275576
0.05748895
0.053442504
0.034623798
0.025093684
0.0013039912
-0.028472034
-0.024323478
-0.0073073423
0.0048938505
0.021091992
0.033831105
0.022093294
0.0072259163
-0.0029781437
-0.0044383537
0.0045672683
0.017579406
0.032417443
0.036669515
0.040330853
0.03991666
0.025194196
0.0065966365
-0.0019882594
1.427992E-4
0.012614671
0.023559988
0.036513526
0.030031377
0.01471888
1.2064412E-4
-0.0143736275
-0.021952646
-0.01523721
0.0046931216
0.018804986
0.018910704
0.011746758
-7.435583E-4
-0.016199393
-0.026073096
-0.023371888
-0.01284054
-0.005621127
0.001383924
7.3186326E-4
-0.006255152
-0.01934627
-0.029771456
-0.03755587
-0.04162385
-0.038898904
-0.030883292
-0.025748659
-0.024107404
-0.032026697
-0.040579334
-0.048980504
-0.05506528
-0.05845799
-0.050265964
-0.0429221
-0.0385408
-0.034629203
-0.034543265
-0.04192176
-0.05130056
-0.05313866
-0.041999005
-0.035470843
-0.02807989
-0.018437035
-0.016629048
-0.020068938
-0.02152153
-0.019955065
-0.022527022
-0.023289323
-0.021208799
-0.016799165
-0.014159005
-0.011892576
-0.01392789
-0.017769987
-0.022865536
-0.023889204
-0.022302795
-0.017282559
-0.01303982
-0.009055704
-0.0072161583
-0.012402606
-0.016738985
-0.02091192
-0.0224083
-0.02140906
-0.014916283
-0.008277321
-0.0045919707
-0.0036557396
-0.005606388
-0.0099704275
-0.012021344
-0.01180098
-0.011325981
-0.009992154
-0.008397606
-0.0067034927
-0.0072013745
-0.008764945
-0.008813838
-0.008875825
-0.0083922045
-0.0075940215
-0.00596318
-0.0044642496
-0.0032621997
-0.0028554127
-0.002861657
-0.0033331616
-0.0034246703
-0.0030252452
-0.002362337
-0.0017432403
-0.0011884398
-8.660728E-4
-7.430986E-4
-6.583743E-4
-5.1765324E-4
-3.3802763E-4
-1.7017855E-4
-5.646508E-5
-1.016556E-5
-0.0
