* Impulse Response data saved by REW V5.20 Beta 12
* IR is normalised
* IR window has been applied
* IR is not the min phase version
* Source: Microfone (E-MU 0404 | USB), no input selected, Left channel, volume: no control
* Dated: 29/06/2017 16:13:17
* Measurement: jun 29 16:13:17
* Excitation:  128k Log Swept Sine, 1 sweep at -14,0 dBFS  Using a loopback as a timing reference
* Response measured over: 1,8 to 20.000,2 Hz
0.01612495630979538 // Peak value before normalisation
6003 // Peak index
6212 // Response length
2.0833333333333333E-5 // Sample interval (seconds)
-0.125 // Start time (seconds)
* Data start
0.0
-5.979805E-11
1.506133E-10
8.760974E-10
1.8146548E-9
1.0676838E-9
2.2945357E-9
1.8166374E-9
3.6915317E-9
-5.6347558E-9
-4.6108313E-9
7.317253E-9
-2.4748323E-9
-1.3840789E-8
-6.3866787E-9
-1.0223821E-9
-2.2359055E-8
3.3083627E-8
-1.30882745E-8
-1.4108075E-8
-1.9457241E-8
2.4200565E-8
1.3094338E-9
1.454552E-8
-1.0008245E-7
-5.8583036E-9
-2.222215E-8
2.8221844E-8
-9.38365E-8
4.3467896E-8
-1.3697175E-7
-3.176736E-8
-1.7064482E-7
-2.3483949E-8
-1.6083506E-7
-2.402247E-8
-1.0171437E-7
-1.7643112E-8
-1.499677E-7
-2.2196652E-8
-6.940404E-8
4.5801432E-8
1.528202E-7
4.3879794E-8
7.601546E-8
-1.5593795E-7
-3.0786506E-8
6.922874E-8
2.89345E-7
7.9041016E-8
1.3752431E-7
1.5646113E-7
1.79513E-7
2.4436071E-8
4.099216E-7
5.2866073E-7
2.867243E-7
3.8989137E-7
2.4878523E-7
1.274986E-7
1.6981812E-7
2.5170212E-7
1.6832762E-7
2.2721721E-7
5.187654E-7
2.388085E-7
-1.2180787E-7
7.1492383E-7
9.320727E-8
4.6857215E-7
3.3696642E-7
4.736578E-7
3.685456E-8
9.3759377E-7
-6.6023695E-8
8.261937E-7
6.437769E-8
1.3414846E-6
3.9615858E-7
1.3482496E-6
3.6220473E-7
1.0503176E-6
1.3067804E-6
1.858678E-6
5.1803437E-7
1.0635499E-6
1.5632887E-6
5.8489513E-7
7.5970604E-8
5.882454E-8
7.250884E-7
9.0899135E-7
1.7615028E-7
-4.0138278E-7
2.7022564E-8
4.5124004E-8
-8.3784334E-7
-1.483089E-6
-9.481334E-7
-1.3044579E-6
-7.3133924E-7
-1.9652809E-7
-9.3913036E-7
-1.9020086E-7
-1.4500044E-6
-1.7530793E-7
-7.275467E-7
-9.0684034E-7
-3.7132705E-7
6.700899E-7
-2.1027074E-7
1.2259935E-6
-4.1078838E-8
1.7872458E-6
5.366875E-7
1.0987734E-6
1.8579422E-8
1.582523E-6
-1.1180213E-6
9.608693E-7
-1.1754443E-7
-5.258642E-7
-2.9245227E-6
-1.0053485E-7
-2.7568121E-6
-8.568951E-8
-1.1415841E-6
-1.2498625E-6
-1.7921908E-6
-1.5691124E-6
-3.484984E-6
-2.4410888E-6
-1.3904443E-6
-2.7244484E-6
-1.5954897E-6
-1.3295149E-6
-2.4437459E-6
4.3137757E-7
-1.1904119E-7
-1.589696E-6
-8.585823E-7
-2.1229991E-6
-2.7299395E-6
-4.570563E-7
5.532012E-7
4.2492093E-10
-1.4989033E-6
1.0635814E-6
-6.600039E-8
9.885476E-8
-1.1785364E-6
2.2015186E-6
6.8347674E-7
1.7536477E-6
-2.4657145E-6
2.8518175E-6
-3.511474E-6
4.6530777E-6
-2.0681352E-6
1.4930115E-6
-3.3594988E-6
2.2591284E-7
-2.495701E-6
1.4599758E-6
-2.4552442E-6
3.3268911E-6
-3.0375236E-6
1.0892479E-6
-2.8002663E-7
1.997883E-8
-7.552471E-7
2.1847802E-6
2.0178845E-6
4.0811233E-7
2.7957328E-6
5.7490723E-7
1.4913899E-6
7.962669E-7
2.1389988E-6
2.7253031E-6
2.4846283E-6
3.8902713E-6
5.0279123E-6
5.030857E-6
3.2243167E-6
2.7734038E-6
5.089272E-6
2.536573E-6
2.2483855E-6
2.4986773E-6
-1.2661537E-6
4.3643354E-6
2.2941231E-7
5.785827E-6
-4.9588234E-6
3.6557174E-6
-3.874441E-6
-5.6864457E-7
-2.62736E-6
-9.40532E-8
-8.967497E-7
2.3798043E-6
-1.7781946E-6
-9.849751E-7
-5.780312E-6
-6.35383E-7
-1.3860247E-6
8.027954E-6
1.9143515E-6
3.878393E-6
-3.9648643E-7
3.1023665E-6
5.5218975E-6
2.0227655E-7
-7.145393E-8
6.1485057E-6
-1.828958E-7
5.3283497E-6
2.1275055E-6
2.8054817E-6
-1.8984522E-6
3.7158614E-7
-9.61655E-7
8.8709277E-7
-1.7764111E-6
-3.4313275E-6
3.096726E-6
5.967253E-7
-1.8718215E-6
-3.3530287E-7
-9.391985E-6
-3.1641687E-6
3.915824E-7
4.682586E-8
-4.9201312E-6
2.6478656E-6
-6.217339E-6
5.4497737E-6
1.515629E-6
1.158283E-5
1.2695164E-6
8.254416E-6
4.0224445E-6
1.628186E-5
6.4555875E-6
1.2390475E-5
4.4176422E-6
1.3522296E-5
7.4483382E-6
1.7375763E-5
8.533433E-6
9.31311E-6
5.1331276E-6
1.1234269E-5
1.6990509E-6
8.327578E-6
6.405033E-6
1.0072474E-5
4.8236057E-6
1.3537714E-6
-2.445229E-7
3.0684205E-6
9.1210154E-7
-2.7824158E-6
-1.7386496E-6
-1.9013844E-6
1.0779928E-6
4.9049545E-6
-1.3565202E-6
-1.6290871E-6
4.855495E-6
4.8902757E-6
-8.6305926E-7
4.556035E-6
7.219174E-7
1.0274993E-5
7.6707165E-6
8.073849E-6
2.0281786E-6
7.9339725E-6
1.3257207E-5
2.037645E-5
8.474979E-6
6.511333E-6
4.4791877E-6
1.2898024E-5
3.3030287E-6
1.0966306E-5
1.0655615E-6
3.4040881E-6
-7.659274E-6
-2.7631845E-6
-5.2659557E-6
-1.1267593E-6
-5.7788397E-6
8.778267E-6
2.1054957E-6
-3.1732502E-6
-4.0808927E-6
1.921359E-6
3.7604764E-6
-7.318096E-7
-2.1001476E-6
-2.7900653E-6
3.2060088E-6
7.676695E-6
1.8069818E-6
-2.0810944E-6
-1.9019111E-6
1.2071597E-5
-1.78423E-6
2.2116128E-6
8.041793E-7
7.0323767E-6
1.5156313E-6
-8.413013E-6
-6.990465E-6
4.3975847E-6
-7.449656E-6
1.5259215E-7
-1.0002723E-5
2.4670003E-6
-1.8053951E-6
5.9522536E-6
-2.008664E-6
7.654767E-6
-3.1710179E-6
6.0771263E-6
6.781314E-8
-3.7271861E-6
-4.6690666E-6
2.016578E-6
-6.3709376E-6
1.0586794E-5
-3.0183255E-6
-1.058227E-6
-6.80535E-6
1.2893272E-5
-4.2384863E-6
5.0262647E-6
1.969411E-6
1.8946521E-6
-1.2094226E-5
1.1495604E-6
-5.145313E-6
-1.6883326E-6
-5.9495974E-6
5.6423128E-6
-4.8577494E-6
3.915449E-6
-1.2205932E-6
8.038524E-6
9.09383E-6
1.0071656E-5
6.7448245E-6
1.1899154E-5
9.216286E-6
1.6120712E-5
9.119601E-6
1.1776389E-5
1.8214383E-5
1.991771E-5
9.248748E-6
1.5857835E-5
-4.8146303E-6
1.2334619E-5
3.5933347E-6
1.8761213E-5
-4.4745193E-6
1.049473E-5
-1.4934032E-5
7.379114E-6
-7.5334397E-6
1.8613142E-6
-2.0346162E-5
2.7509824E-7
-2.5797779E-5
-2.0206892E-6
-1.760534E-5
-3.198439E-6
-5.9233353E-6
8.027621E-6
-6.7845885E-6
1.0585946E-6
-8.270845E-6
5.640195E-6
-7.238769E-6
1.3637383E-5
-5.3280836E-8
1.1258169E-5
1.9696415E-6
1.2435412E-5
3.666887E-6
1.16963065E-5
6.360235E-6
1.6486185E-5
-4.4918816E-6
-4.8090606E-6
-4.6008536E-6
-1.5790124E-6
-2.4585912E-5
-1.0984572E-5
-1.7489641E-5
-8.525494E-6
-2.3457496E-5
-8.25841E-6
-3.4743025E-5
-9.3898325E-6
-2.1375468E-5
-1.5059029E-5
-3.248087E-5
-7.4257986E-7
-2.109391E-5
-1.2604367E-5
-2.9641395E-5
-7.7701503E-7
-1.3292488E-5
8.676606E-6
-7.029506E-6
2.1675238E-5
-1.52246685E-5
1.7480244E-5
9.104691E-6
2.3428573E-5
2.8842694E-6
3.3660905E-5
-5.2291844E-6
2.3823308E-5
8.731826E-6
1.3638361E-5
2.7125978E-7
1.3749613E-5
2.1095539E-6
2.517126E-6
-9.964078E-6
1.0894944E-5
-1.2158683E-5
4.85517E-7
-2.0076395E-6
-1.1594991E-5
-2.3536822E-5
-3.6968588E-5
-1.7984756E-5
9.113716E-6
-2.7568216E-5
-1.5150106E-6
-1.4601938E-5
-5.242673E-7
-4.7921426E-6
1.9299285E-5
-1.516645E-6
2.2612097E-5
-7.998163E-6
4.4674078E-5
9.994251E-6
2.7824039E-5
7.8336625E-6
5.2478874E-5
1.7202543E-6
2.2978935E-5
-5.280031E-6
5.2524585E-5
-7.923876E-6
1.50729265E-5
-1.6416048E-5
3.3853383E-5
-1.7862667E-5
1.1300633E-5
-1.0514329E-5
1.5062744E-5
-2.7926148E-5
-2.430587E-6
-2.8576374E-5
-1.1876887E-6
4.6703008E-6
3.9962615E-6
-2.8015376E-5
-1.6435812E-6
-7.4432783E-6
-8.616695E-6
-4.0699877E-7
1.9435929E-5
-2.3280834E-5
7.4523524E-7
-2.16195E-6
1.6687727E-5
6.4344276E-6
1.8651972E-5
-1.2985533E-5
2.3642258E-5
-4.6523796E-6
2.6626805E-5
-6.522857E-6
3.393927E-6
-4.012101E-6
3.929779E-5
-3.1969103E-5
3.5254612E-5
-1.37693505E-5
4.4448243E-5
-1.2726479E-5
5.7799807E-5
-1.989518E-5
2.3365132E-5
-1.8227547E-5
3.0684474E-5
-2.532672E-5
4.5757468E-5
-2.4676769E-5
9.934078E-6
-4.303315E-5
7.800932E-6
-3.0736002E-5
1.4435994E-5
-4.335805E-5
1.8362769E-5
-3.3683293E-5
9.654338E-6
-3.7388225E-5
-1.1810197E-5
-4.334132E-5
1.7944882E-5
-1.6567703E-5
1.2121844E-5
5.990488E-6
2.2497957E-6
-1.4928123E-5
-8.9508234E-7
-2.0704365E-5
2.4075003E-5
-7.50443E-6
1.1010865E-5
-1.6202943E-5
4.62691E-5
-1.4080834E-5
2.6088908E-5
-2.5000145E-6
7.242782E-5
3.2097303E-6
3.5138768E-5
-2.367035E-5
8.269921E-5
-8.096308E-6
8.518592E-5
-1.121837E-5
4.6648882E-5
-1.7355429E-5
5.7098903E-5
-2.1775955E-5
4.9435952E-5
-2.1326972E-5
4.5112352E-5
-4.6730624E-5
5.2843454E-5
3.765517E-9
3.3229713E-5
-1.7786917E-5
4.243977E-5
-2.564066E-5
3.687111E-5
2.4606456E-6
5.2102478E-5
2.5981952E-5
4.4749067E-5
1.4751488E-5
5.588931E-5
5.3519625E-6
4.6241472E-5
1.9622712E-5
3.2203014E-5
1.1504413E-5
6.217524E-5
2.8478715E-5
3.7671645E-5
-1.5482039E-5
1.9922287E-5
-1.2561382E-5
2.244065E-5
-4.2429394E-5
2.5401587E-5
-5.1630348E-5
2.1236856E-5
-5.7949273E-5
5.2565727E-5
-3.430743E-5
3.7703332E-5
-3.5446028E-5
6.3461084E-5
-7.059541E-5
4.692516E-5
-2.0332142E-5
6.04437E-5
-1.2590126E-5
6.180404E-5
-1.8637938E-5
1.07222826E-4
-3.671188E-5
6.790768E-5
-1.1022289E-6
5.657894E-5
-1.1934044E-5
6.475917E-5
-7.011783E-7
7.03713E-5
-4.7019796E-5
-5.720613E-6
-1.4150113E-5
1.1485902E-5
-2.4505775E-7
2.2311737E-5
-1.2547877E-5
1.9475605E-5
-4.5194472E-5
-1.8964327E-5
-1.7263332E-5
2.116798E-5
-3.6070236E-5
1.0087724E-5
-6.1670624E-5
-6.7814863E-6
-4.0448234E-5
2.9223735E-5
-4.3069344E-5
1.4327092E-5
-4.3221866E-5
2.825227E-5
-5.525804E-5
3.2451655E-5
-5.2277344E-5
3.8140144E-5
-8.110336E-5
3.9302147E-5
-3.453637E-5
7.9528814E-5
-3.8624967E-5
5.5902125E-5
-2.7926373E-5
5.648363E-5
-8.262634E-6
7.774952E-5
-2.9010049E-5
3.6315447E-5
3.720035E-5
4.449901E-5
-2.1795993E-5
4.4166743E-5
-2.6047508E-5
2.6475094E-5
-1.2442154E-5
1.6341992E-5
-3.5999317E-5
7.086894E-5
-4.0619503E-5
4.289875E-6
-4.397863E-5
6.873652E-6
-5.206066E-5
2.1303691E-5
-5.4242755E-6
2.8264076E-5
-2.079676E-5
1.7324646E-5
8.093868E-6
4.2124095E-5
-3.4096506E-6
3.7731043E-5
-3.3259803E-5
6.853517E-5
-1.8755483E-5
1.1640604E-4
-1.3446383E-5
1.2151688E-4
-4.433515E-5
9.212362E-5
2.6616026E-5
1.3976199E-4
-2.4867983E-5
8.186697E-5
-2.5927984E-5
7.647831E-5
-1.0493098E-5
9.8230375E-5
-4.9602997E-5
9.3534436E-5
-6.8232825E-5
4.3479497E-5
-2.9186895E-5
6.5485605E-5
-2.5744903E-5
6.390501E-5
-3.363855E-5
7.5321055E-5
-1.9586254E-5
5.7457764E-5
-5.137678E-5
7.327905E-5
-5.143819E-5
4.7096484E-5
-6.6900066E-5
5.7194073E-5
-7.1816816E-5
7.4945376E-5
-2.9070203E-5
2.824996E-5
-6.639419E-5
5.5973847E-5
-5.512062E-5
3.2793832E-5
1.5708124E-6
9.2740214E-5
-1.3164085E-5
-3.5822284E-6
-5.1363368E-5
2.1540542E-5
5.997037E-5
2.8017577E-5
1.6840128E-5
1.9747535E-5
4.9895858E-5
-5.8897534E-5
7.47727E-5
-3.074152E-5
1.7186555E-4
-9.711402E-5
3.5072985E-4
-4.3011748E-4
-0.0013407957
0.0036358268
-0.0018582462
-7.44364E-4
-6.776207E-4
0.001018881
-3.815807E-4
5.0730037E-4
6.700939E-5
0.0010973987
1.4267646E-5
-7.3756574E-4
-0.0013257089
-0.0010251598
-5.5869657E-4
4.3841937E-4
0.0011067913
0.0018386977
0.0011312208
1.0023375E-4
-6.3241896E-4
-8.329516E-4
-0.0012624654
-7.607479E-4
-4.9078534E-4
3.7410433E-4
2.0792746E-4
3.3244962E-4
-8.6505286E-5
5.49471E-5
9.703202E-5
5.1701814E-4
3.7859002E-4
4.1335388E-4
2.7963374E-4
3.3326866E-4
-1.412928E-4
3.3734532E-4
-3.3766697E-5
2.7143958E-4
-1.5738829E-4
-5.304876E-5
-6.684199E-4
-6.196108E-5
-7.3774916E-4
4.1536245E-4
-9.814182E-4
-0.0010249795
0.0017888164
-4.433594E-4
-6.1400596E-4
-5.387749E-4
-2.839088E-4
1.0392387E-4
6.845435E-4
4.513826E-4
2.4723454E-4
3.663719E-4
2.8338368E-4
-1.7332201E-4
-4.5578895E-4
-1.5356876E-4
4.777487E-4
6.781552E-4
8.022904E-4
8.8807027E-4
6.287502E-4
5.127433E-5
-1.5459185E-4
-3.5955483E-4
-4.4691382E-4
-3.980603E-4
-2.3843913E-4
-1.937806E-4
-3.0288842E-4
-3.4940435E-4
-2.5678053E-4
-2.987603E-4
-1.0595993E-4
7.6209235E-6
7.481663E-5
1.5094415E-4
1.2587E-4
1.19262535E-4
2.867914E-4
1.7880826E-4
9.316127E-5
-1.02448175E-4
-7.518883E-5
-2.6741478E-4
-1.2226326E-4
-7.4981785E-5
5.7254154E-5
6.366284E-5
1.7484797E-4
5.9658436E-5
8.9137524E-5
-1.1654821E-4
-2.600261E-6
-8.607838E-6
6.379512E-5
6.265691E-5
3.5211895E-4
9.405603E-5
1.801114E-4
1.512528E-4
8.906706E-5
1.7736669E-4
3.1388266E-4
2.727996E-4
2.5981688E-4
1.7563229E-4
1.3184147E-4
3.4010205E-5
2.6475473E-5
1.0407206E-4
8.925789E-5
1.5492486E-4
1.1333012E-4
1.12394315E-4
1.4234815E-5
3.0191552E-5
-8.4123974E-5
-4.461331E-5
-1.938223E-4
-7.6336284E-5
-1.07771506E-4
-1.5420857E-4
-3.8258186E-5
-2.472168E-6
-5.3104453E-5
-7.303979E-5
-7.494779E-5
-9.8664976E-5
8.726906E-6
-2.769402E-5
1.17764626E-4
1.19798235E-4
2.5399568E-4
9.3798844E-5
1.8138456E-4
2.7636117E-5
7.828756E-5
1.2068065E-4
2.6726554E-4
1.3876885E-4
2.6163083E-4
1.8445204E-5
9.2240625E-5
-4.0920615E-5
3.987015E-5
-3.3739776E-5
1.9888385E-4
8.683298E-5
2.1252465E-4
5.0976763E-5
8.531154E-5
-1.2356405E-4
4.9033733E-5
3.062115E-6
1.98509E-4
4.137611E-5
1.966442E-4
-2.8243477E-7
1.04920786E-4
-1.4427096E-4
-3.3374992E-5
-9.660299E-5
9.557104E-5
4.6506643E-6
1.5399823E-4
-7.379408E-5
7.801468E-5
-1.8452293E-4
-3.6552163E-5
-1.3257154E-4
2.1293234E-4
1.9641988E-5
2.8727084E-4
6.2767474E-5
2.006943E-4
-1.5879294E-4
1.0601963E-4
-2.1021818E-4
1.4500038E-4
-7.543016E-5
2.0939077E-4
-1.324513E-4
1.9249128E-4
-1.989493E-4
7.9087506E-5
-2.2080711E-4
1.0991455E-4
-1.5266334E-4
2.3414844E-4
-4.3475364E-5
2.1057072E-4
-3.8071914E-5
1.1866537E-4
-3.4611014E-5
2.3357381E-4
3.740571E-5
2.923009E-4
1.0999645E-4
1.999132E-4
1.2767104E-5
1.3076661E-4
-2.9874976E-5
1.4748432E-4
-6.685072E-6
1.7062001E-4
1.7522994E-5
1.0067448E-4
9.758888E-5
2.1223826E-4
9.073135E-5
2.0219959E-4
1.0071935E-4
2.7604395E-4
1.3060025E-4
2.4143829E-4
1.5816835E-4
2.5876984E-4
1.8601047E-5
1.9785724E-4
1.0191124E-4
1.8147624E-4
-3.4793615E-5
9.8488614E-5
-1.5292989E-4
-3.7411977E-5
-1.3854184E-4
1.4163082E-5
-1.4700564E-4
-3.408359E-5
-9.813809E-5
4.4019853E-5
-6.620155E-5
7.247757E-5
-1.20243485E-5
9.748068E-5
-8.7251E-6
5.066884E-5
1.8506602E-5
7.904263E-5
4.6399586E-5
4.9546645E-5
-4.0040562E-5
8.4738625E-5
2.1201933E-5
-8.980734E-6
-5.241452E-5
5.121694E-6
-4.574206E-5
9.4257564E-5
-4.642033E-5
5.4596287E-5
-1.0079604E-4
8.97625E-5
-1.0873572E-4
5.1321877E-5
-4.8229813E-5
1.3241176E-4
-3.5049317E-5
1.2159752E-4
-3.541621E-5
3.6174995E-5
-1.4993316E-4
-1.785759E-4
-3.8153547E-4
6.186764E-4
-2.1575397E-4
-2.1451258E-5
-3.7155763E-4
6.126454E-5
-7.573407E-5
2.2989944E-4
-2.8667835E-4
1.3082715E-4
-9.5911215E-5
1.7563273E-4
-8.3079074E-5
9.410204E-5
-1.6688048E-4
2.1046711E-4
-1.0631331E-4
1.45406675E-5
2.0606773E-5
2.6785958E-4
-6.483467E-5
1.4211149E-4
-1.0640709E-4
-4.195482E-5
-2.910855E-4
-2.5393695E-4
-1.2095712E-5
4.2793155E-4
2.6627915E-4
1.5324503E-4
8.305354E-5
-1.4086507E-4
3.1649272E-4
6.449118E-5
-3.6812242E-5
-3.739253E-4
-3.9822815E-4
-1.168548E-4
-1.9774071E-4
7.863482E-5
-2.6461645E-4
1.26235245E-5
-1.5569777E-4
1.0025598E-4
-1.6383467E-5
2.4311845E-4
6.446158E-5
1.8580837E-4
-1.3217419E-4
6.241833E-5
-1.1001321E-4
1.7292424E-4
-2.5790965E-4
2.0038213E-5
-3.581889E-5
2.9885856E-5
-2.538667E-4
-1.2915558E-4
-2.1292071E-4
5.0510216E-4
2.711499E-4
4.3163926E-4
3.1107767E-5
3.605759E-4
1.4808058E-4
4.1873875E-4
7.809651E-5
4.1041442E-4
2.1764023E-4
3.3983996E-4
3.149107E-5
1.7727057E-4
-1.059939E-4
4.2899363E-5
-7.8836965E-5
3.4668052E-4
1.7343355E-4
3.8653746E-4
2.0479072E-4
3.786303E-4
8.4158603E-7
1.7098384E-4
-1.1060798E-4
1.4441731E-4
-2.1852647E-4
2.8491133E-5
-1.7108432E-4
4.746992E-6
-3.7845323E-4
-1.5309817E-4
-3.696219E-4
-1.8815171E-4
-2.2398392E-4
3.5927922E-6
-2.3130672E-4
-2.621455E-5
-9.118999E-5
7.625307E-5
-1.0681328E-4
1.7634091E-4
9.286307E-5
3.75309E-4
2.5547412E-4
3.9483668E-4
2.2015657E-4
3.6108802E-4
1.7866318E-4
2.817971E-4
2.1573345E-4
3.406021E-4
2.9980036E-4
3.9213678E-4
2.7385345E-4
2.4369771E-4
1.2207722E-4
1.5814017E-4
7.7731536E-5
1.5203982E-4
2.4167332E-5
1.2054052E-4
-1.5597949E-4
5.8315178E-5
-2.485984E-4
-1.1624815E-4
-4.3493754E-4
-2.708438E-4
-3.474345E-4
-1.6152092E-4
-5.014906E-4
-2.9025515E-4
-4.0551738E-4
-2.8582578E-4
-4.360853E-4
-3.0826186E-4
-3.9201713E-4
-1.642907E-4
-4.2010308E-4
-1.5125769E-4
-2.3453054E-4
-6.533403E-5
-6.993943E-5
6.630311E-5
-2.700499E-5
8.2627645E-5
6.898491E-5
8.0859296E-5
5.5276745E-5
1.4193162E-4
1.585626E-4
1.474135E-4
1.8286805E-4
3.0203006E-4
3.1904445E-4
2.8499682E-4
2.435987E-4
1.6686654E-4
2.700311E-4
1.9662493E-4
2.4102883E-4
2.8299398E-4
3.0597986E-4
2.4095202E-4
2.2535611E-4
1.1170735E-4
1.15044946E-4
1.2757677E-4
3.8399235E-6
3.625967E-5
4.288031E-5
1.4251022E-5
-7.336359E-5
-1.5754852E-4
-1.7133667E-4
-1.333082E-4
-1.73023E-4
-1.02512255E-4
-1.9686385E-4
-2.1040648E-4
-2.6549777E-4
-1.6696399E-4
-2.785726E-4
-1.7774658E-4
-2.3661533E-4
-1.642757E-4
-2.0245183E-4
-2.574292E-4
-1.8736032E-4
-1.4701685E-4
-1.2442408E-4
-1.2528889E-4
-8.385772E-6
-7.311026E-5
5.0310846E-5
6.877112E-5
1.00600315E-4
1.290139E-4
3.0384128E-4
1.7562143E-4
2.6700748E-4
2.19548E-4
2.8913695E-4
2.3053926E-4
3.2931153E-4
2.3133255E-4
2.4962536E-4
1.9911164E-4
2.1150718E-4
2.3205865E-4
1.4199867E-4
2.0673405E-4
9.470253E-5
1.7503502E-4
1.1997074E-4
1.8044213E-4
3.8372735E-5
1.4437469E-4
5.5192602E-5
1.665424E-4
-1.04659575E-5
1.1842562E-4
4.3281216E-5
1.9198048E-4
2.5663543E-5
1.810361E-4
5.705176E-5
1.22021294E-4
7.706128E-5
5.3661817E-5
1.4000347E-5
9.15316E-5
4.1151758E-5
8.4138854E-5
1.569629E-4
8.590061E-5
1.3490577E-4
6.83185E-5
1.1431618E-4
1.1316613E-4
1.6548416E-4
1.10915644E-4
1.4314216E-4
1.6337603E-4
1.622424E-4
2.743406E-7
1.3007605E-4
1.5494379E-4
2.1549531E-4
1.6973736E-5
1.176291E-4
1.8486644E-4
3.291164E-5
1.0155234E-4
9.0694906E-5
-5.1953975E-5
-1.3471897E-4
-1.9386702E-8
-1.5279041E-4
2.6287806E-5
-1.2799821E-4
-1.3401348E-4
-2.0120447E-4
-9.861996E-5
-1.5173537E-4
-3.5791531E-6
-1.3801386E-4
-6.333503E-5
-1.4871855E-4
-4.294623E-5
-5.0059876E-5
5.3919754E-5
-4.6272842E-5
6.680646E-6
-9.80508E-6
3.1463424E-5
2.2521655E-5
6.568353E-5
1.2808942E-4
9.568843E-6
1.3668153E-4
1.4538418E-4
1.4918398E-4
2.0530808E-4
3.203569E-4
1.9720124E-4
3.803808E-4
1.9794684E-4
3.6233242E-4
2.7404365E-4
3.325311E-4
2.7666162E-4
3.4802785E-4
1.9095962E-4
1.9137452E-4
1.8367551E-4
1.4208724E-4
1.6606484E-4
1.11581394E-4
2.6501375E-5
-1.3010064E-4
-1.0335196E-4
-1.1443877E-4
-1.8173686E-4
-1.7094008E-4
-1.4134478E-4
-1.9152377E-4
-2.4572833E-4
-2.0400895E-4
-1.43885E-4
-3.1775737E-4
-1.6008705E-4
-2.6718323E-4
-2.2266222E-4
-1.7414351E-4
-2.1446156E-4
-2.5727798E-4
-1.0879302E-4
-1.5947939E-4
-9.349598E-5
-8.2427316E-5
-1.9716947E-4
-4.6419413E-5
-1.0484618E-4
3.8077804E-5
-9.1265145E-5
2.8269984E-5
-1.8192959E-4
-9.280558E-6
-7.730024E-5
3.307663E-5
-1.2830045E-4
2.5588164E-5
-1.0449468E-4
-2.888533E-5
-1.12506015E-4
-4.5553505E-5
-1.2432168E-4
-1.9479114E-5
-9.759897E-5
8.179495E-5
2.8454282E-5
5.0312326E-5
1.2146342E-5
5.229177E-5
-5.637944E-5
-4.7195375E-5
-1.9654624E-5
-4.3705408E-5
4.4826647E-5
2.730927E-5
1.2462743E-4
-3.9002898E-5
2.0318428E-5
-8.474947E-5
1.1464635E-4
5.8773974E-5
1.4725067E-4
1.8264745E-5
4.72033E-5
5.271946E-5
5.4488824E-5
9.223678E-6
-1.068887E-4
1.1751446E-4
7.165457E-5
3.9918395E-5
-1.5500639E-4
-5.6836023E-5
-6.328522E-5
3.5265322E-5
-3.9681716E-5
1.426994E-4
-7.1091024E-5
-7.26592E-5
-8.563684E-5
-1.33331105E-5
-1.2790642E-4
-1.9875028E-4
-1.6599346E-4
-1.4321387E-4
-1.5161633E-4
-1.1230819E-4
-1.3787711E-4
-8.540107E-5
-1.6683187E-4
-3.0036102E-4
-2.1136542E-4
-3.0673013E-4
-2.0772895E-4
-2.3512775E-4
-1.5446084E-4
-3.0255684E-4
-1.7227954E-4
-3.9257904E-4
-2.7014926E-4
-1.2461461E-4
-7.168579E-5
-2.3585602E-4
-2.3276596E-4
1.3208992E-5
-5.354016E-5
-1.0405911E-4
-1.9014123E-4
-3.3673256E-5
4.7074525E-5
-3.7870548E-5
-5.1330913E-5
-2.1780774E-5
1.4658389E-4
1.7134313E-4
1.7755186E-4
2.6342162E-4
4.5081997E-5
3.1973617E-4
3.9028478E-4
4.891113E-4
2.3241965E-4
2.8913392E-4
3.361395E-4
4.2808763E-4
4.7851136E-5
4.092267E-4
4.8649163E-4
3.4188322E-4
2.3819064E-4
1.3611258E-4
1.7839189E-4
1.4043841E-4
2.8245314E-4
1.9114795E-4
1.73589E-4
1.3274545E-4
7.488373E-5
1.7868699E-5
3.784424E-5
-1.0244757E-5
5.8842932E-5
-1.1682157E-4
-4.090364E-5
-1.479557E-4
-5.721868E-5
-2.779549E-4
-2.1355121E-5
-4.1011375E-5
-1.4711758E-4
-1.7325625E-4
-2.9796807E-4
-2.3715122E-4
-3.5981616E-4
-2.3277134E-4
-2.0152768E-4
-3.494542E-5
-1.1817423E-4
-4.2381558E-5
-1.7794996E-4
-5.2302752E-5
6.0433075E-7
4.1497362E-5
-2.8865745E-5
1.3677802E-4
1.8438687E-4
1.73007E-4
2.4937183E-4
2.705356E-4
3.2389676E-4
3.4787547E-4
1.9495361E-4
3.0427185E-4
2.1235841E-4
2.3299527E-4
2.9001563E-4
2.070492E-4
2.8060513E-4
2.870263E-4
2.82086E-4
2.4627702E-4
2.1067203E-4
1.6304337E-4
1.8453665E-4
2.0129158E-4
2.743255E-4
1.662874E-4
2.5287305E-4
1.8441773E-4
1.9412512E-4
2.0724627E-4
2.2155234E-4
2.321778E-4
3.0746715E-4
2.2552458E-4
2.1405624E-4
2.7619652E-4
3.0359958E-4
2.8823473E-4
2.8957103E-4
2.3138516E-4
2.0135599E-4
2.7876423E-4
5.2910964E-5
2.8770848E-4
2.4936214E-4
2.0806967E-4
6.0804843E-5
2.1351522E-4
1.3707978E-4
8.8399E-5
1.20255856E-4
1.465734E-4
-4.1226303E-5
6.00038E-5
-4.134282E-5
-9.615311E-6
-3.343134E-5
-8.301143E-5
2.5460233E-5
8.811658E-5
1.3919102E-4
3.483297E-5
-2.1539861E-5
-2.5340586E-4
-1.3439724E-4
-1.736315E-4
-2.6226402E-5
1.383011E-5
1.1380707E-4
3.996369E-5
1.1416942E-4
-1.01553116E-4
-8.1971986E-5
-1.6645626E-4
-6.115634E-5
7.2091636E-5
3.224969E-5
1.636122E-4
2.6901875E-4
1.7455957E-4
1.13250215E-4
1.529369E-4
1.2594539E-4
1.7664293E-4
2.7489214E-4
3.3087237E-4
3.95289E-4
4.8808125E-4
3.3991004E-4
3.7868225E-4
2.1229943E-4
1.7054417E-4
1.7493272E-4
2.4020334E-4
3.6345195E-4
2.7156825E-4
3.2188016E-4
2.3062434E-4
1.6579524E-4
1.3409083E-4
7.324988E-5
3.789149E-5
7.335951E-5
-3.2516433E-5
2.903745E-5
-1.2677009E-4
-7.8450794E-5
-1.3845699E-4
-1.8948724E-4
-2.3209937E-4
-2.0757855E-4
-2.7377933E-4
-2.8330882E-4
-4.5638438E-4
-4.0732126E-4
-4.5280845E-4
-4.7481284E-4
-5.3927605E-4
-5.077009E-4
-6.297131E-4
-5.761645E-4
-5.3495896E-4
-6.8462687E-4
-5.912972E-4
-6.793555E-4
-5.553575E-4
-5.626335E-4
-4.1726537E-4
-6.369696E-4
-4.578435E-4
-3.3267873E-4
-3.2569276E-4
-3.8867476E-4
-4.678742E-5
-1.6671797E-4
-6.0775397E-5
6.2804825E-6
-6.4785386E-6
7.366072E-5
1.1576606E-4
2.9168034E-4
3.0323464E-4
4.1461733E-4
4.4759025E-4
3.827782E-4
2.582883E-4
2.5984185E-4
2.0404065E-4
2.2534285E-4
1.3949744E-4
3.0124755E-4
3.7550664E-4
3.495423E-4
2.1698921E-4
2.0735477E-4
3.156069E-5
-9.5036674E-5
-5.7886602E-5
-4.7739545E-6
-5.9501835E-5
3.2636212E-6
-9.161745E-5
-1.49305E-4
-9.1802816E-5
-1.9512662E-4
-2.4934424E-4
-4.114435E-4
-2.905541E-4
-1.982739E-4
-1.5107743E-4
-2.6880842E-4
-2.4912477E-4
-2.7994902E-4
-2.1480047E-4
-3.622783E-4
-3.8369425E-4
-4.9186446E-4
-3.7988514E-4
-2.962046E-4
-2.036095E-4
-2.094664E-4
-2.0328384E-4
-2.0255729E-4
-1.7058535E-4
-2.5989872E-4
-2.117759E-4
-1.3613091E-4
-2.0944532E-4
-2.4736594E-4
-1.2408092E-4
-6.174401E-5
-1.118217E-4
-1.04378545E-4
-1.17125644E-4
-8.692385E-5
-1.3595875E-4
-1.3247751E-5
-7.445594E-5
1.262768E-5
-6.938477E-5
-8.1248465E-5
6.417877E-6
-1.772729E-5
3.7199137E-5
3.191412E-5
-5.4048796E-5
4.162153E-5
-4.7359954E-5
-2.4797684E-5
9.265999E-5
-7.2785246E-5
3.3561333E-5
-1.6117649E-5
9.67483E-5
2.1171676E-5
8.8037246E-5
1.201545E-4
1.9276062E-4
1.709736E-4
3.4817852E-4
8.7282606E-5
2.286852E-4
9.164948E-5
1.7446566E-4
1.8544692E-4
1.2537085E-4
7.066614E-5
1.0244494E-4
1.0683293E-4
5.807828E-5
-1.2525494E-5
4.3756878E-5
1.5609116E-5
-8.5719235E-5
-4.350208E-5
-1.9047424E-4
-1.7346007E-4
-3.0549327E-4
-3.0879752E-4
-3.599294E-4
-3.305783E-4
-4.0695752E-4
-2.9485198E-4
-3.7706393E-4
-2.6442728E-4
-4.357926E-4
-3.208614E-4
-4.3874857E-4
-4.2714336E-4
-4.049441E-4
-2.498557E-4
-2.7254922E-4
-3.4834427E-4
-2.996545E-4
-3.3197005E-4
-2.1897262E-4
-2.794324E-4
-1.4435215E-4
-3.1941794E-4
7.272452E-5
-8.149261E-6
1.8964763E-4
7.085946E-5
2.2818707E-4
2.5951493E-4
2.7674815E-4
2.3090815E-4
4.30695E-4
4.8445922E-4
4.86407E-4
4.2283887E-4
5.565729E-4
5.5217533E-4
6.059055E-4
6.8777706E-4
6.4623717E-4
6.525506E-4
6.3040917E-4
7.191396E-4
5.652697E-4
6.8592606E-4
5.3296465E-4
5.7924155E-4
3.9985485E-4
5.2834704E-4
3.910333E-4
4.5136578E-4
3.1772847E-4
2.5072336E-4
2.506306E-4
2.3362832E-4
1.0521488E-4
4.2982214E-5
8.004056E-5
3.0507348E-5
3.8696373E-5
6.056362E-5
1.613677E-5
-1.94765E-4
1.3960193E-5
-1.5030376E-4
-7.947618E-5
-1.9247309E-4
-4.897129E-5
-1.7939186E-4
-3.287701E-5
-1.9638255E-4
5.2904037E-5
-9.1228845E-5
3.957971E-5
-4.170374E-5
3.0479754E-5
-7.458324E-5
1.9804614E-7
3.205664E-5
9.8631695E-5
1.4375664E-4
1.2549754E-4
1.3643086E-4
1.3817636E-4
1.6254687E-4
1.987452E-4
2.0934662E-4
1.237369E-4
3.1419206E-4
2.0052619E-4
3.9285602E-4
2.856308E-4
3.2935312E-4
3.4975936E-4
4.278182E-4
3.6355582E-4
3.8628213E-4
3.9866127E-4
3.227328E-4
4.0824796E-4
3.831513E-4
3.6425338E-4
2.7300205E-4
4.782091E-4
4.4665858E-4
5.596773E-4
3.8750272E-4
5.364496E-4
3.5042127E-4
4.6175419E-4
4.1836163E-4
5.2087783E-4
3.6611245E-4
5.272631E-4
3.8769966E-4
4.516022E-4
3.3678734E-4
4.3523806E-4
2.7008887E-4
3.4139783E-4
1.5094037E-4
2.8276522E-4
2.8101192E-4
2.2846386E-4
1.556139E-4
1.01364065E-4
1.1981957E-4
4.0764673E-5
3.9821763E-5
-1.0441835E-4
3.398937E-5
-9.6445176E-5
1.6749174E-5
-2.441801E-4
-1.8604168E-4
-1.9160587E-4
-1.9781472E-4
-2.1080564E-4
-2.0737949E-4
-2.6038924E-4
-1.6487656E-4
-1.8560645E-4
-1.2219815E-4
-1.3154758E-4
-1.6107169E-4
-2.2320918E-4
-2.2824845E-4
-2.0472397E-4
-1.7034986E-4
-1.1665883E-4
-1.3590117E-4
1.3630629E-4
-5.760264E-5
-3.4684734E-5
-1.4753835E-4
7.1909315E-5
-8.207993E-5
1.6921369E-5
1.2898888E-4
1.8469506E-4
1.230996E-4
1.8361073E-4
1.6757062E-4
1.3399706E-4
1.3165473E-4
1.9120083E-4
3.3408345E-4
2.2501934E-4
2.0511946E-4
2.8453016E-4
3.5084228E-4
2.9098222E-4
2.3262987E-4
1.3205336E-4
3.0897433E-4
2.8738673E-4
3.5168682E-4
1.5975538E-4
1.6137524E-4
1.1768454E-5
1.3106433E-4
1.0878353E-5
3.022523E-5
-1.3456104E-4
-6.290323E-5
-1.3996413E-4
-1.5031612E-4
-2.8440243E-4
-3.4006275E-4
-3.5632405E-4
-4.016356E-4
-3.6771788E-4
-3.7289158E-4
-4.027935E-4
-5.067302E-4
-3.6949627E-4
-5.6874374E-4
-4.952205E-4
-6.1819516E-4
-4.218269E-4
-4.3794047E-4
-4.213697E-4
-5.2275334E-4
-4.886134E-4
-3.767789E-4
-3.352594E-4
-4.3849545E-4
-4.751563E-4
-4.0614468E-4
-3.898316E-4
-3.1714473E-4
-2.2714505E-4
-2.3309178E-4
-2.364734E-4
-2.477329E-4
-2.0179077E-4
-1.6790966E-4
-1.8610347E-4
-3.9447036E-6
-1.8510465E-5
5.0557075E-5
2.684043E-5
1.0090304E-4
5.5318516E-5
1.3046541E-4
1.3178115E-4
9.295902E-5
5.153416E-5
2.1084413E-4
2.2584364E-4
2.651231E-4
2.775238E-4
2.832108E-4
1.9975487E-4
2.1983808E-4
3.093463E-4
2.734572E-4
2.4552585E-4
1.3908386E-4
2.1656953E-4
1.7931433E-4
1.9479754E-4
1.03579536E-4
2.217449E-4
1.0926135E-5
5.847958E-5
-9.030928E-5
2.9517548E-6
-5.7406767E-5
-2.157819E-5
-1.3448359E-4
-1.699105E-4
-2.120858E-4
-1.8626309E-4
-2.0444699E-4
-2.666689E-4
-3.0539214E-4
-3.464666E-4
-3.273896E-4
-4.7151363E-4
-3.256287E-4
-4.522882E-4
-3.6463028E-4
-4.5263986E-4
-3.842665E-4
-4.4457646E-4
-4.511525E-4
-4.0008375E-4
-3.386693E-4
-3.470835E-4
-2.95301E-4
-3.0420342E-4
-2.2091519E-4
-2.4404647E-4
-2.785824E-4
-1.2933848E-4
-2.1926271E-4
-1.0716423E-4
-2.1779326E-4
-1.06307874E-4
-9.9725046E-5
-3.9646096E-5
-1.2617234E-4
1.5280822E-4
-1.847755E-5
5.946375E-5
-1.6884782E-5
2.1793196E-4
9.2087306E-5
1.5324652E-4
9.132969E-5
2.1094282E-4
1.4843898E-4
1.7439955E-4
1.5014723E-4
1.1758929E-4
1.6911831E-4
2.1237668E-4
1.8557902E-4
9.5969364E-5
7.8003424E-5
6.516302E-5
1.8209641E-4
6.271256E-5
1.51947E-4
4.359046E-5
2.86639E-5
-5.4830352E-6
-9.156028E-5
-4.154307E-6
4.764551E-5
4.6345257E-8
-1.460565E-4
-8.4911546E-5
-1.492685E-4
-1.7961804E-4
-2.0882546E-4
-2.0108903E-4
-2.6019278E-4
-1.4153682E-4
-3.1633145E-4
-2.0284494E-4
-2.94334E-4
-1.9029055E-4
-2.9207754E-4
-1.4182253E-4
-2.862767E-4
-1.7752277E-4
-1.8945828E-4
-1.8308328E-4
-2.772206E-4
-1.4473472E-4
-2.409683E-4
-1.2331514E-4
-2.215695E-4
-1.6617238E-4
-2.2635538E-4
-1.761357E-4
-1.3897478E-4
-1.173611E-4
-1.06225016E-4
-9.629659E-5
-7.5716E-5
-1.1979039E-4
1.0951684E-5
-4.8333322E-6
-4.9744838E-5
-4.5430337E-5
6.204023E-5
5.3110936E-5
1.06122614E-4
4.563334E-5
8.882649E-5
-8.327427E-8
4.443632E-5
1.1076532E-4
1.991433E-4
2.0810173E-4
1.3865164E-4
1.4177078E-4
1.2999495E-4
1.8299022E-4
1.18383934E-4
3.1241224E-4
8.5082946E-5
1.4280766E-4
7.402572E-5
2.8206356E-4
1.8592364E-4
2.621429E-4
1.2009449E-4
1.725119E-4
4.3331784E-5
1.960567E-4
5.3495838E-5
1.6303448E-4
1.00241596E-4
1.3399842E-4
6.7769506E-5
-4.2852844E-5
4.5102275E-5
-3.5705674E-5
-3.8291295E-5
-1.2797199E-4
-1.6747515E-4
-2.911341E-4
-2.680278E-4
-3.6971553E-4
-1.8669278E-4
-2.580124E-4
-1.8117606E-4
-2.4373776E-4
-1.9989375E-4
-3.4223104E-4
-2.285958E-4
-2.9199602E-4
-2.5528262E-4
-4.1849219E-4
-3.2297822E-4
-3.4469995E-4
-2.9437075E-4
-2.2499106E-4
-1.5243662E-4
-2.517337E-4
-2.488025E-4
-1.8615408E-4
-1.2938994E-4
-1.1355083E-5
-1.2707518E-4
-3.4665267E-5
2.0030031E-5
5.4604996E-5
5.426537E-5
2.0418757E-4
1.8523613E-4
2.9470952E-4
2.692333E-4
3.7589876E-4
3.6554702E-4
3.609826E-4
3.4830626E-4
3.6995066E-4
5.278946E-4
4.4715224E-4
3.4311018E-4
3.6618917E-4
3.8611065E-4
3.371672E-4
4.5545984E-4
3.7881287E-4
4.4141672E-4
2.749594E-4
3.4260162E-4
1.8519994E-4
3.0725237E-4
1.157977E-4
2.5607436E-4
3.6508267E-5
5.1162056E-5
-9.279303E-5
-8.875477E-6
-2.0134361E-5
-3.556567E-5
-8.1358856E-5
-5.1836538E-5
-6.485206E-5
-1.12636895E-4
-1.6052592E-4
-1.294379E-4
-4.9317117E-5
-5.742766E-5
3.698836E-5
-7.66965E-5
-7.2210525E-5
-9.9157995E-5
-8.42354E-6
-5.67741E-5
4.1064985E-5
-7.342142E-5
2.4267612E-5
6.9393705E-6
8.495647E-5
6.219604E-5
1.2858606E-4
1.6568051E-4
1.4373852E-4
2.558175E-4
3.2073323E-4
2.7556586E-4
2.61939E-4
3.5740665E-4
2.8239973E-4
2.4405844E-4
2.363765E-4
4.6753205E-4
2.98059E-4
4.6691886E-4
2.347438E-4
3.539247E-4
2.6427314E-4
3.502562E-4
2.1248827E-4
3.0819725E-4
1.9844221E-4
2.4015049E-4
1.0226886E-4
2.3104204E-4
2.31348E-4
1.4111731E-4
7.299155E-5
1.1396619E-4
1.2841841E-4
1.07850065E-4
1.673995E-4
9.335806E-5
1.492756E-4
3.1767708E-5
1.09938635E-4
5.9655384E-5
8.004888E-5
3.412663E-5
1.6973456E-4
1.2936025E-4
1.0980783E-4
-1.610574E-5
5.3758624E-5
1.6352556E-6
7.565453E-5
-2.1282105E-5
-6.493307E-5
2.4581985E-5
2.2311873E-7
2.2172062E-5
-1.0988612E-5
-7.259905E-5
-5.5120905E-5
2.9119265E-5
-1.0492003E-4
5.905844E-5
-1.42077E-4
-1.09409004E-4
-5.067525E-5
-2.9830077E-5
-2.0475102E-4
-1.2256874E-4
-1.0362094E-5
1.5211961E-5
-8.32588E-5
-5.660231E-5
-4.8136324E-5
-1.6832488E-5
4.927725E-5
-3.354308E-5
1.2246653E-5
-9.115841E-5
-1.4464172E-5
1.3518068E-5
1.1350556E-5
6.9691414E-5
5.2696585E-5
-2.500304E-5
7.743553E-5
-4.2105416E-6
4.0018967E-5
1.0386121E-5
6.828368E-5
1.1762015E-4
1.564199E-4
8.367353E-6
2.6788335E-5
8.478307E-5
1.6884743E-6
8.924453E-6
1.5813558E-4
5.5905333E-5
-2.0341939E-5
-9.6208905E-6
-8.900212E-6
-1.7799262E-5
-1.1429316E-4
4.217592E-5
-4.075045E-5
-8.2498584E-5
-1.0890915E-4
-7.3336545E-5
-4.3954682E-5
-5.5384517E-5
-1.09347515E-4
-8.478787E-5
-1.666822E-4
-6.14781E-5
-8.841336E-5
-7.2080074E-5
-1.3209973E-4
-1.04358296E-4
-7.020916E-5
-8.490992E-5
-8.639823E-5
-3.070113E-5
-7.602244E-5
-1.3385642E-4
5.906564E-6
-4.058863E-5
-7.425278E-5
-7.6636956E-5
-4.756261E-5
-1.4820605E-4
-1.6519263E-6
-4.5991834E-5
-1.7622845E-6
-9.5894444E-5
7.773252E-6
-1.1892326E-4
-9.222173E-5
-3.3745266E-5
-9.559822E-5
-5.0463474E-5
-6.109454E-5
-3.1067689E-6
-1.9802611E-4
-6.987511E-5
-2.0339458E-4
-5.3234453E-5
-1.0233504E-4
-9.734956E-5
-2.5097418E-4
-1.9023051E-4
-1.4541137E-4
-1.7966158E-4
-2.895313E-4
-1.6257232E-4
-1.7555052E-4
-1.1678311E-4
-2.4044687E-4
-1.7717977E-4
-2.158637E-4
-1.2063794E-4
-2.9913059E-5
-4.480091E-5
1.5374218E-6
6.7715504E-5
9.298772E-5
-2.7977035E-7
2.36962E-6
-1.0036542E-4
2.8895785E-5
7.332281E-5
5.0992752E-5
6.7790395E-5
1.6983422E-4
9.5604904E-5
1.0358066E-4
3.140748E-5
4.2980366E-5
2.749276E-5
1.7886561E-4
1.5001216E-4
2.2608788E-4
1.1441845E-4
1.3464122E-4
9.898877E-5
5.6846602E-5
7.302346E-5
4.9510232E-5
1.2248785E-4
-1.984279E-5
4.1645708E-5
-6.3587373E-7
5.156071E-5
3.6772824E-5
-3.367688E-5
-1.2515324E-4
-8.023554E-5
-7.299322E-5
-2.288892E-5
-1.00691E-4
-5.6391695E-5
-4.948169E-5
1.0169981E-6
-2.930958E-5
4.20845E-6
3.8893242E-5
-8.159679E-5
4.849337E-6
-9.4857736E-5
9.656002E-5
-2.5044503E-5
1.4320498E-4
1.7485917E-4
3.1162662E-4
1.060541E-4
2.170222E-4
1.3382244E-4
1.763713E-4
9.957835E-5
3.3660443E-4
2.8719183E-4
3.6215843E-4
3.2420436E-4
2.50863E-4
2.0334018E-4
2.8566603E-4
2.348025E-4
3.2578423E-4
3.3276607E-4
3.441583E-4
1.940197E-4
2.0717579E-4
2.0475776E-4
2.5024152E-4
2.801512E-4
3.1555787E-4
2.2422988E-4
1.1447178E-4
2.6675223E-4
2.0956593E-4
1.6838736E-4
2.2795268E-4
1.5115831E-4
1.0738208E-4
5.7726666E-5
7.186365E-5
9.587894E-5
8.069085E-5
-4.0931554E-5
2.6173251E-5
-2.4596078E-5
5.665375E-6
-9.2186216E-5
3.5772806E-5
-1.4378702E-4
1.3710486E-4
2.1693078E-5
1.9588172E-4
-1.6104006E-5
1.4243631E-4
-3.299683E-5
1.0399173E-4
1.10368484E-4
1.9269194E-4
1.5831471E-4
1.8371009E-4
-1.4085861E-5
1.6872917E-4
7.8983605E-5
1.4377719E-4
9.254133E-5
1.8176607E-4
6.1644176E-5
6.1337036E-5
9.733356E-5
1.3117741E-4
2.4002195E-5
-5.961367E-6
3.078073E-5
2.0509673E-5
3.7457456E-5
-2.1639245E-5
3.98487E-5
-4.7384707E-5
4.649995E-5
-1.11679816E-4
-6.282422E-5
-9.746659E-5
-1.5178022E-4
-9.268447E-5
-8.825439E-5
-1.4634767E-4
-8.183705E-5
-1.6636975E-5
-1.546463E-4
-3.8786515E-5
-8.383849E-5
1.3298098E-5
-5.7149642E-5
6.6491935E-5
-1.5817779E-5
1.3382806E-4
-5.4917664E-6
2.4479494E-4
1.4205519E-4
2.2788053E-4
1.814031E-4
3.009327E-4
2.5571155E-4
3.035374E-4
2.1851355E-4
1.6640605E-4
1.12758484E-4
2.2078717E-4
3.5528996E-4
2.3898022E-4
2.4330195E-4
1.3716004E-4
2.0112653E-4
8.7789434E-5
1.5805305E-4
5.2128336E-5
5.167772E-6
-6.363278E-5
-3.9199116E-5
-1.3272514E-4
-1.9986535E-4
-1.843531E-4
-2.764445E-4
-2.3354588E-4
-3.2897672E-4
-2.4744525E-4
-2.5700728E-4
-3.364317E-4
-4.053385E-4
-2.9721874E-4
-4.552794E-4
-3.685094E-4
-4.5879098E-4
-3.7663474E-4
-5.025047E-4
-3.4903784E-4
-4.26248E-4
-2.3475834E-4
-3.640105E-4
-2.7414033E-4
-4.084639E-4
-1.3540372E-4
-2.8369657E-4
-1.4302597E-4
-1.9018157E-4
-9.7836724E-5
-8.453617E-5
5.4228512E-5
1.1394747E-5
7.321297E-6
-2.9747775E-6
1.5233185E-4
1.533085E-4
1.568936E-4
1.5979202E-4
2.6637537E-4
2.6062212E-4
2.3250497E-4
2.0506898E-4
2.6078895E-4
1.935214E-4
2.366816E-4
2.5927855E-4
2.7182398E-4
2.1302432E-4
2.2651424E-4
1.7502681E-4
1.6717179E-4
9.004802E-5
1.8913476E-4
1.227665E-4
5.9025177E-5
-3.0985724E-5
1.3217726E-4
2.2610422E-5
9.401588E-5
-1.8336825E-5
2.281157E-5
-1.0636567E-4
3.4893805E-5
-2.3690025E-4
-2.6013656E-6
-3.1033563E-4
-1.018282E-4
-2.349016E-4
-9.07366E-5
-3.3476923E-4
-2.1342166E-4
-2.812997E-4
-1.932858E-4
-2.5090424E-4
-8.1175196E-5
-2.8196094E-4
-1.3851929E-4
-2.5820005E-4
-1.8472408E-4
-1.8597524E-4
-1.2996324E-4
-2.1115353E-4
-1.2103714E-4
-4.7064736E-5
-2.9407916E-5
-1.8066441E-5
1.13481496E-4
1.7499991E-5
1.0019627E-4
9.322358E-5
1.6305097E-5
3.5351113E-5
1.15486655E-4
1.0730949E-4
2.922847E-4
9.230555E-5
1.4831446E-4
1.5682106E-4
1.9527414E-4
1.244772E-4
2.3535902E-4
1.2065966E-4
2.8708993E-4
1.01145815E-4
4.0274486E-4
8.585E-5
3.9770073E-4
1.8602463E-4
2.8961923E-4
1.7302182E-5
3.6620308E-4
1.3516821E-4
2.9873234E-4
1.536688E-5
3.2436714E-4
6.189434E-5
2.1363751E-4
1.4809777E-4
2.2987087E-4
1.3033385E-4
2.2249267E-4
1.2977829E-5
7.9907346E-5
-2.3859162E-5
3.580271E-5
-1.3533798E-4
-4.603325E-5
-6.552838E-5
-4.1873955E-5
-9.476198E-5
-1.00738594E-4
-1.446501E-4
-9.884131E-5
-2.4992845E-4
-1.345495E-4
-2.2693985E-4
-2.2243768E-4
-3.1777727E-4
-1.0607155E-4
-3.0605655E-4
-2.6927685E-4
-3.6582162E-4
-1.8285554E-4
-3.3968026E-4
-1.6951482E-4
-4.305535E-4
-2.1048788E-4
-3.7673477E-4
-8.027051E-5
-3.0912616E-4
-1.21064084E-4
-3.261491E-4
-1.10557456E-4
-4.366904E-4
-2.481211E-4
-3.42522E-4
-1.09509274E-4
-2.6063924E-4
-6.4328306E-5
-1.9220564E-4
1.5583939E-6
-2.2327546E-4
1.6139642E-5
-1.3166347E-4
9.496049E-5
-3.61782E-5
5.700665E-5
9.192743E-6
8.456071E-5
8.396771E-6
1.2260265E-4
4.8151065E-5
1.5045202E-4
-5.395007E-5
8.254383E-5
-5.353045E-7
9.755685E-5
-7.172186E-5
6.544245E-5
-5.0833358E-5
3.0753294E-5
-1.5380716E-5
6.308978E-5
-1.2077607E-4
3.53747E-5
-1.1928929E-4
7.046621E-7
-1.3929424E-4
-6.0861385E-5
-1.2939722E-4
-3.5280413E-5
-1.2836387E-4
-1.1704185E-4
-2.6253052E-4
-1.2394246E-4
-3.1048892E-4
-2.269134E-4
-3.8203588E-4
-2.8768214E-4
-4.0580088E-4
-4.0319652E-4
-1.854554E-4
-4.6311977E-4
-3.4009974E-4
-6.664017E-4
-2.238386E-4
-8.723753E-4
2.7182008E-4
1.842699E-5
-0.0038077878
0.0022206379
0.0017947083
-5.898192E-5
-0.004249567
0.0018239027
-8.0048456E-4
-0.0013865834
9.101553E-7
7.440037E-4
-0.0011715654
-5.841061E-4
2.560258E-4
0.0010737359
3.7162928E-4
3.9447058E-4
4.689402E-4
-2.9893752E-4
-3.701825E-4
1.6059588E-4
3.9707587E-4
4.6368103E-4
8.293752E-4
-5.0353864E-4
-7.041169E-4
-1.5747701E-4
-0.0015779343
-6.99999E-4
-2.699797E-4
3.0207972E-4
-7.346386E-4
3.7447416E-4
8.8247925E-4
0.0011304879
4.5494482E-4
5.081751E-4
6.530756E-5
4.1756296E-4
1.3387638E-4
1.8281805E-4
6.0027935E-5
0.0010058557
6.084299E-4
6.8611756E-4
2.8525552E-4
0.0014736403
4.2459308E-4
-1.401694E-4
4.947785E-4
6.7312113E-4
1.2846717E-4
-2.9422485E-4
-9.899666E-4
-0.0011749148
-0.0012284672
-7.3202775E-4
-0.0010812661
-6.748214E-4
-2.8839894E-4
2.1160591E-5
-2.7732144E-4
-1.4426035E-4
-1.789303E-4
-4.674487E-5
-4.5500466E-4
-4.887885E-4
-2.583728E-4
1.0962235E-4
-1.8742187E-4
-1.3034882E-4
-1.382988E-4
2.1178294E-4
-9.6752956E-5
-5.767979E-5
-1.2832209E-4
2.422862E-5
-4.835564E-6
1.6840904E-4
8.1926846E-5
3.160318E-4
3.0617503E-4
6.615379E-4
6.994126E-4
7.6981226E-4
9.002805E-4
0.0011569347
9.698353E-4
8.165639E-4
8.664355E-4
9.767456E-4
7.055282E-4
5.945736E-4
6.474625E-4
7.9192896E-4
7.7595736E-4
8.36954E-4
9.034344E-4
8.6614676E-4
6.2729605E-4
3.480141E-4
1.6190279E-4
2.6380774E-4
-9.646374E-5
-1.1314663E-4
-2.3659086E-4
-4.717505E-5
-4.0702726E-4
-5.338535E-4
-4.4624353E-4
-5.8346253E-5
-3.8613213E-4
-3.8126757E-4
-4.68631E-4
-4.0939823E-4
-6.802312E-4
-7.150705E-4
-8.927088E-4
-5.5142737E-4
-5.1551586E-4
-4.0806152E-4
-4.4309188E-4
-2.1378546E-4
-1.1732901E-4
-2.4212465E-4
-4.2990828E-4
-1.8480637E-4
-1.4712945E-4
-2.2538393E-4
-3.2390156E-4
-2.5618332E-4
-1.9661058E-4
-4.020553E-5
-1.0025352E-4
-2.0498225E-4
2.2255488E-4
-6.3923944E-5
4.608897E-6
-1.1991744E-4
1.7948069E-4
-9.54214E-5
-4.071598E-5
-2.8390405E-4
3.0310077E-5
7.3243355E-5
4.5939925E-4
-1.30537E-4
2.0398466E-4
3.4824808E-4
-1.8701405E-4
-4.7617203E-5
1.9139457E-4
1.7812791E-4
6.866349E-6
7.938258E-5
2.594415E-4
3.6132353E-4
1.0986377E-4
5.5186978E-5
4.009969E-4
3.5389198E-4
2.6585945E-4
-4.868115E-5
5.7622767E-4
2.546081E-4
3.995108E-7
-6.1340263E-4
-1.7116517E-4
-3.8950378E-4
-7.115389E-5
-5.585322E-4
-1.5114926E-4
-1.3280763E-4
-1.7025252E-4
-3.8814882E-4
5.155079E-5
-1.6657833E-4
1.4176579E-4
-1.24303E-4
2.1593184E-4
-1.1702679E-4
1.5172077E-4
-2.4740273E-4
1.7249414E-4
-6.6631816E-5
3.4589836E-4
-8.446729E-5
3.1932208E-4
1.6619631E-5
6.662001E-5
-2.810646E-4
2.7674681E-5
-1.9072137E-4
9.805089E-5
-2.2078051E-4
-2.7618225E-5
-3.0903472E-4
6.246109E-6
-1.6220575E-4
3.3774933E-5
-7.993452E-5
2.1213977E-4
-2.0063117E-6
1.0314442E-4
-8.980636E-5
2.0237351E-4
1.01763915E-4
3.3464213E-4
-5.8030495E-5
1.5240042E-4
2.9199831E-5
3.465633E-4
-3.3440054E-5
2.3438074E-4
-9.403167E-6
2.627289E-4
4.437298E-6
2.7952582E-4
9.41565E-5
3.3052615E-4
6.22858E-5
2.3938052E-4
-7.047253E-5
1.16094205E-4
-1.7142725E-4
1.7350707E-4
-1.4361434E-4
1.06841144E-4
-1.0115786E-4
1.02047285E-4
-1.5914203E-4
1.14656184E-4
-1.25755E-4
4.022626E-5
-8.8474764E-5
-8.681519E-7
-2.634639E-4
-3.1878953E-5
-2.3326301E-4
-4.2220185E-5
-2.5731776E-4
4.092354E-6
-2.3502437E-4
-6.876044E-5
-1.3996671E-4
-1.250763E-4
-3.1377186E-4
-9.896061E-5
-3.1071046E-4
-8.72722E-5
-2.0157045E-4
-1.4416575E-4
-2.1294331E-4
-1.0588037E-4
-3.68532E-4
-5.9523663E-5
-2.8106442E-4
6.5569286E-5
-2.0343621E-4
1.221554E-4
-2.3332998E-4
9.492637E-5
-2.3695853E-4
1.4371572E-4
-2.8739625E-4
5.8643676E-5
-2.6355928E-4
3.3829285E-5
-2.370167E-4
4.0586057E-4
-6.014471E-4
-2.995829E-4
9.303837E-4
3.7415593E-4
-5.454258E-4
-4.045084E-4
-3.00473E-4
4.974058E-4
3.5916374E-4
2.7623674E-4
-1.6951913E-4
-3.359633E-7
-3.0182934E-4
2.8717715E-5
-2.2839926E-5
1.786025E-4
1.5710493E-5
8.413241E-5
-1.9484104E-4
2.2260587E-4
-1.02326856E-4
-6.67436E-5
-1.161498E-4
2.1129074E-4
2.0177962E-4
4.360561E-4
1.8541784E-4
5.622112E-4
3.262343E-4
9.294775E-5
-3.1985834E-4
-1.0511228E-4
8.584062E-5
4.621413E-4
2.0552072E-4
1.532587E-4
-3.4256317E-4
-1.4720879E-4
-2.1961839E-4
2.6146292E-5
-1.7219332E-4
2.303499E-4
-2.2379986E-4
1.0575281E-4
-1.3554888E-4
2.6080487E-4
3.016691E-4
6.4791157E-4
1.6806216E-4
3.8262093E-4
3.4751146E-4
3.1734776E-4
9.603356E-5
1.6422066E-4
1.1328313E-5
4.0427556E-5
1.1267181E-5
2.0016276E-4
9.97024E-5
2.8411302E-4
3.0606828E-4
4.6879097E-4
2.7146225E-4
-1.5842208E-5
-1.1476893E-4
6.439843E-5
-2.407046E-4
-2.7757447E-4
-4.822654E-4
-5.3491953E-5
-1.5719292E-4
-4.938082E-5
-2.6932935E-4
-1.4671154E-4
-1.9473006E-4
-1.3110286E-4
-5.698822E-4
-5.0372427E-4
-4.6853142E-4
-1.8380767E-4
-3.942507E-4
7.3241805E-5
-1.377004E-5
2.218109E-4
1.2251182E-4
3.505631E-4
8.891966E-5
2.474426E-4
6.5394893E-6
1.9009307E-4
-1.6209601E-4
1.863105E-5
-5.7494668E-5
1.1742504E-4
4.586116E-6
1.3836642E-4
1.9016102E-4
3.6947144E-4
3.5405934E-5
5.2666463E-5
-5.6285695E-5
-5.8830246E-5
-2.95708E-4
-1.9908485E-4
-9.023432E-5
-8.336224E-5
-7.767584E-5
-2.8981545E-5
8.660937E-5
1.8614912E-4
1.1575378E-4
1.8290587E-4
-5.0577204E-5
1.4537315E-4
-2.304144E-4
-9.271809E-5
-1.6919198E-4
-7.74509E-5
-2.493791E-4
-1.1959479E-4
-7.780179E-5
1.6647294E-4
4.9495204E-5
1.1049847E-4
-8.010689E-5
-4.5675486E-5
-3.4139722E-4
-1.2579774E-4
-3.4712214E-4
-8.644221E-5
-3.9446517E-4
-1.8234049E-4
-1.5359973E-4
2.1022219E-4
-6.929453E-5
4.7814465E-5
7.756546E-5
1.7687863E-4
-8.3143605E-5
-4.4879158E-5
-6.6241955E-5
-1.09902314E-4
-3.5525147E-5
-1.276942E-4
-2.5431425E-4
-1.6647602E-6
7.661484E-5
4.085969E-5
1.2575007E-5
1.1750047E-4
-8.746453E-6
-1.0452382E-4
-1.345812E-4
-2.3726521E-4
-2.6445647E-4
-1.812153E-4
-4.167747E-4
-2.3714564E-4
-2.3921857E-4
8.4033E-6
-1.6837775E-4
-4.863122E-5
2.1955739E-5
1.5431872E-4
-1.7617109E-4
-6.945577E-5
-2.2760939E-4
-7.589908E-5
-2.9447052E-4
4.570237E-5
-6.1013874E-5
1.1466663E-4
-1.6694551E-4
-1.3068E-5
-2.7769443E-4
1.2920181E-4
-1.5105805E-4
-2.1212721E-4
-3.040838E-4
-2.109927E-4
-2.9456263E-4
-2.4736917E-4
-3.1109352E-4
-1.4341109E-4
-2.1160585E-4
-8.94278E-5
-2.3571773E-4
-6.073538E-5
-1.15978E-4
-3.6558755E-5
-6.270864E-5
-7.410063E-5
-1.4022665E-4
-9.276835E-5
-9.498652E-5
8.552101E-6
-9.52275E-5
9.6668526E-5
-6.236354E-6
1.409366E-4
1.9883666E-5
1.4119827E-4
-4.5333814E-5
1.8471305E-4
-3.6567835E-5
1.897843E-4
-5.607961E-6
1.7921274E-4
5.107572E-5
2.9239093E-4
2.8288074E-5
2.2957794E-4
1.1419769E-4
2.6886884E-4
7.721692E-5
8.18968E-5
-7.9140915E-7
2.7087991E-4
-8.246591E-6
1.8753386E-4
8.9464964E-5
1.7977467E-4
1.4733156E-4
2.7634425E-4
2.3215573E-4
2.0834726E-4
1.18545686E-4
2.4440693E-4
1.2239374E-4
1.5770264E-4
1.4155648E-4
2.617794E-4
1.3736874E-4
1.3725372E-4
9.7478944E-5
1.542776E-4
2.0348866E-4
1.7316155E-4
8.3062594E-5
1.6154192E-4
1.4585056E-4
2.0610461E-4
8.222065E-5
1.2363392E-4
5.5898447E-5
5.207008E-5
-2.0246718E-4
1.1090225E-4
-2.482383E-5
3.915843E-6
-7.437499E-5
2.1034478E-4
1.0933332E-4
2.8129987E-4
1.7918297E-5
2.528225E-4
8.545542E-5
2.0119062E-4
1.1694033E-4
2.904619E-4
8.732052E-5
1.13430935E-4
-4.0298855E-5
1.11606365E-4
6.0230992E-5
1.2629855E-4
5.2821015E-5
2.2054912E-5
4.6923175E-5
-4.8245634E-5
4.933011E-5
1.14166054E-4
7.5764954E-5
6.736067E-5
9.3630624E-5
1.07015105E-4
8.7220775E-5
3.668482E-5
2.6691616E-5
1.4600987E-4
-7.697649E-5
4.6450114E-5
6.7165085E-5
4.6257384E-5
2.483446E-5
4.4118107E-5
-1.1502348E-4
9.303034E-5
1.7277302E-5
1.2555164E-4
9.867824E-5
1.6317387E-4
-1.0588015E-5
-1.9462137E-5
-1.5557433E-5
1.31616E-4
-2.5709025E-7
5.132112E-5
-7.306034E-5
1.1840939E-4
-1.578822E-5
1.0623442E-4
4.2738255E-5
2.0909037E-4
3.757018E-5
1.121446E-4
-1.2935814E-4
-2.9983425E-5
-8.7062945E-5
-8.723165E-5
-1.19972574E-4
-5.869414E-6
-1.0324125E-4
-1.09262946E-4
3.796614E-5
-5.8624304E-5
-4.7661492E-6
1.2238992E-4
1.2632027E-4
5.223799E-5
2.2910483E-5
5.2980104E-6
1.9395065E-4
8.465471E-5
9.359365E-5
2.3956793E-4
2.0594578E-4
3.0553126E-4
1.809595E-4
2.8943337E-4
1.5419802E-4
3.2305636E-4
1.9300784E-4
2.901463E-4
1.7999488E-4
3.2144442E-4
1.2600684E-4
3.27324E-4
1.09699984E-4
2.8606568E-4
5.2341158E-5
1.9663779E-4
8.2556864E-5
1.5544944E-4
-7.2331204E-5
1.09434026E-4
8.274792E-5
1.1009323E-4
3.6893223E-5
1.204653E-4
1.9139561E-5
6.852365E-5
-9.0018126E-5
6.0558294E-5
-8.954879E-5
1.3687991E-4
-1.008195E-5
6.283596E-5
1.01183316E-4
2.5920712E-5
5.8526606E-5
4.4024524E-5
2.9389217E-5
3.4592682E-5
1.1325478E-4
1.1712067E-4
-8.03024E-5
-8.751135E-5
-1.6612432E-5
5.2064065E-6
-1.011037E-4
-1.403965E-4
-1.3276542E-4
-1.366603E-4
-2.6046176E-4
-1.3584076E-4
-1.6951197E-4
-1.157139E-4
-2.812421E-4
-2.5379577E-5
-2.3012116E-4
3.229378E-5
-2.237218E-4
4.6460485E-5
-1.46076045E-5
6.711542E-5
-8.742425E-5
-1.3957442E-4
-1.8601713E-4
2.737835E-5
-1.4811396E-4
-4.7898437E-5
-1.1210988E-4
-1.1067343E-4
-2.8988416E-4
4.9260827E-5
1.3063001E-4
-3.7178546E-4
-3.9527996E-4
-9.5206036E-5
-7.472169E-5
-6.2004406E-6
-2.7184776E-4
-2.923596E-4
-1.3413714E-4
-2.486839E-4
-2.5839373E-4
-3.852281E-4
-2.662177E-4
-2.5044644E-4
-2.2207691E-4
-1.6441778E-4
-2.2754677E-4
-1.3273943E-4
-1.5563544E-4
-2.910626E-4
-4.4481514E-4
-4.4502132E-4
-3.2018908E-4
-2.3953567E-4
-3.5069764E-4
-3.1233943E-4
-4.0463646E-4
-4.1671738E-4
-5.0545874E-4
-5.8125623E-4
-5.7759805E-4
-4.9316994E-4
-5.625837E-4
-4.9905665E-4
-5.299713E-4
-5.0868944E-4
-5.946572E-4
-5.473504E-4
-4.157885E-4
-4.6673277E-4
-4.0959657E-4
-3.4793452E-4
-2.5097842E-4
-2.744364E-4
-3.6170613E-4
-4.9540284E-4
-3.003237E-4
-3.069809E-4
-2.4012009E-4
-3.0655033E-4
-1.5391833E-4
-1.9659499E-4
-3.3344757E-5
-1.2714941E-4
-6.941535E-5
-2.116203E-4
-1.4881551E-4
-2.1854017E-4
-1.6799192E-4
-2.713819E-4
-2.1938172E-4
-1.1743757E-4
3.0685504E-5
-6.0695995E-5
6.929614E-5
4.314852E-6
-5.5957255E-5
-7.697283E-5
4.2399028E-5
2.4203904E-5
-5.7663565E-6
-6.9069305E-5
-6.246799E-5
5.1448966E-5
1.21478486E-4
1.8361206E-4
2.064248E-4
3.2084028E-4
1.8218445E-4
2.48167E-4
1.3624596E-4
1.6284453E-4
4.133256E-5
-1.5340454E-6
1.4512206E-5
-8.182043E-5
-8.5920365E-5
-5.105975E-6
3.5481786E-5
1.0738561E-4
6.689662E-5
2.0907803E-6
1.0979192E-4
-5.8203614E-6
-7.927637E-5
-1.3273639E-4
3.7034544E-5
-9.47032E-5
-1.466033E-4
-9.984818E-5
7.324871E-5
-9.126865E-5
7.163682E-5
1.17014046E-4
9.435625E-5
8.7977176E-5
9.817155E-5
4.451981E-5
5.326436E-5
-1.0189549E-4
-9.308594E-5
1.267353E-4
3.0721418E-5
1.4422099E-4
9.557175E-5
2.6118528E-4
1.8131296E-4
2.941759E-4
2.8090607E-4
1.6778501E-4
2.0656479E-4
2.532109E-4
1.3165793E-4
2.0365657E-4
1.5080853E-4
1.4513718E-4
8.337735E-5
2.5368674E-4
3.0370773E-4
2.3144402E-4
2.2806894E-4
2.3654316E-4
1.9666491E-4
1.9439284E-4
1.7709547E-4
9.125754E-5
1.3049463E-4
-2.7600363E-5
8.37316E-5
6.349713E-5
1.443158E-4
1.06679065E-4
2.2886012E-4
7.3777635E-5
9.51649E-5
1.9642354E-4
1.9144775E-4
1.08498265E-4
2.7848844E-4
1.5632111E-4
2.250475E-4
2.7180652E-4
1.9660375E-4
2.523085E-4
2.7581715E-4
3.057037E-4
2.8064568E-4
2.6696365E-4
2.545131E-4
3.0995338E-4
1.4352068E-4
1.3225987E-4
1.2685399E-4
1.6253041E-4
1.2163954E-4
1.856539E-4
1.5401065E-4
1.5741252E-4
1.2788315E-4
1.9548845E-4
2.7557256E-4
2.4724583E-4
2.1944486E-4
3.0466352E-4
2.5775426E-4
2.2910692E-4
3.237211E-4
2.6303445E-4
2.846044E-4
3.2543766E-4
4.0800264E-4
3.353191E-4
3.5568516E-4
2.92776E-4
2.9420175E-4
1.8851651E-4
3.6715373E-4
2.7935544E-4
2.0491333E-4
2.6962114E-4
1.6490777E-4
2.18968E-4
1.1395533E-4
-2.8637785E-6
1.0001519E-4
1.4079308E-4
1.3842821E-4
2.5446198E-4
1.243808E-4
-2.8814547E-5
-8.093397E-5
4.1369873E-5
-2.8910113E-6
-8.339728E-5
-1.395883E-4
-5.97063E-5
-1.2493276E-4
-4.3567696E-5
-2.541018E-4
-2.4708733E-4
-3.0529682E-4
-3.5925666E-4
-3.059966E-4
-3.2695502E-4
-2.594144E-4
-3.697902E-4
-3.632846E-4
-3.4604542E-4
-3.504588E-4
-4.0900716E-4
-4.3006756E-4
-3.5404388E-4
-3.623481E-4
-3.962027E-4
-2.2293995E-4
-2.4243453E-4
-2.4516875E-4
-3.6572808E-4
-3.766708E-4
-3.8938623E-4
-3.072065E-4
-3.582682E-4
-4.4366892E-4
-3.880015E-4
-2.59421E-4
-2.749186E-4
-3.7223587E-4
-3.6422457E-4
-3.4916075E-4
-3.6213695E-4
-3.0314314E-4
-3.172368E-4
-3.3676875E-4
-3.6820705E-4
-3.9427736E-4
-4.2320252E-4
-4.4676257E-4
-4.167928E-4
-5.582789E-4
-3.593894E-4
-4.3064437E-4
-3.2477884E-4
-3.6069614E-4
-2.8714433E-4
-2.855279E-4
-1.9177681E-4
-2.4726088E-4
-2.5738013E-4
-1.6677236E-4
-2.001929E-4
-1.6493324E-4
-2.0803278E-4
-2.3496902E-4
-1.2080126E-4
-8.594725E-5
-1.3838641E-4
-3.7416445E-5
-1.7663004E-4
-4.5891815E-5
-2.5270749E-5
-1.4854118E-4
-2.3057795E-4
-1.3658266E-4
-8.7592976E-5
-1.2885203E-4
-1.2421755E-4
-5.758832E-5
-2.1014583E-5
-8.922675E-5
1.4779282E-6
-4.435456E-5
-6.489863E-5
-7.940934E-5
7.492951E-5
-3.894823E-5
1.2257356E-4
8.381538E-5
4.1925767E-5
-1.05396626E-4
8.110051E-5
1.2810327E-4
9.763249E-5
-1.4172991E-5
7.7253426E-5
-6.585173E-7
5.510058E-5
-6.159894E-5
1.3985178E-5
-7.5697666E-5
-2.6404265E-5
-1.2904435E-4
-7.0905255E-5
-2.7794544E-5
-1.7648814E-5
-1.7959761E-5
2.2593034E-5
2.514598E-5
6.144458E-5
3.8281047E-5
1.5320995E-5
-4.7094025E-5
-4.6724705E-5
-1.8006012E-6
6.1005183E-5
7.3880447E-6
-2.6639926E-5
-1.1883141E-5
-2.6818516E-6
-6.4701694E-6
-5.979259E-5
-6.4938504E-5
-3.137363E-5
-7.487207E-5
-5.507178E-5
-1.5954439E-4
-3.6049973E-5
-1.6668011E-4
-9.060342E-5
-1.9534222E-4
-1.294302E-4
-2.62202E-4
-1.2983874E-4
-2.6038347E-4
-1.1742138E-4
-3.1029567E-4
-1.2781547E-4
-3.1165243E-4
-7.664353E-5
-1.319563E-4
-9.0353205E-5
-2.6836578E-4
-2.866259E-5
-1.18396325E-4
3.4522967E-5
-1.0599247E-5
2.068569E-5
-1.0808193E-4
-1.4066692E-5
3.8087244E-6
6.414054E-5
1.09027875E-4
3.2962866E-6
5.5955752E-5
1.1601924E-4
8.4227846E-5
1.745657E-4
2.3052038E-4
1.3430318E-4
1.608741E-4
1.19624776E-4
1.4156348E-4
1.3677683E-4
1.5961267E-4
1.5474652E-4
1.4397092E-4
1.7431933E-4
1.048891E-4
2.1532558E-4
4.937719E-5
1.5509695E-4
9.982369E-5
1.2157798E-4
6.977184E-5
2.1466486E-4
5.4852975E-5
1.696785E-4
-8.974517E-6
1.2528071E-4
1.7998682E-5
1.5138421E-4
1.7265045E-6
1.2483077E-4
-1.6213444E-6
2.4910778E-4
1.20530254E-4
5.2758693E-5
-5.605598E-7
7.410957E-5
-1.1635937E-4
-4.002045E-5
-1.0167161E-4
-1.08896944E-4
-2.1881993E-5
-3.3224915E-6
-4.4450422E-5
-1.4168513E-4
-1.5761859E-4
-1.8406293E-4
-1.841442E-4
-2.3105944E-4
-2.20711E-4
-1.871993E-4
-2.2917271E-4
-2.057075E-4
-1.811533E-4
-2.9382083E-4
-3.6720833E-4
-1.4869148E-4
-2.7414752E-4
-2.7395788E-4
-3.6401037E-4
-3.9497088E-4
-3.5123585E-4
-2.1960356E-4
-3.977913E-4
-3.389409E-4
-4.298545E-4
-3.00296E-4
-3.5034103E-4
-1.9984307E-4
-3.037478E-4
-2.466556E-4
-3.923179E-4
-2.468534E-4
-3.8136207E-4
-2.1894829E-4
-3.1429244E-4
-2.3307202E-4
-4.639404E-4
-3.6835E-4
-4.2540755E-4
-3.0045424E-4
-3.6416945E-4
-3.7553156E-4
-4.140202E-4
-3.7098664E-4
-3.5039033E-4
-3.4584285E-4
-3.1820004E-4
-2.8240413E-4
-3.065153E-4
-2.4392451E-4
-1.0455292E-4
-1.2570561E-4
-2.7136994E-4
-2.9095763E-4
-2.0458223E-4
-1.8526585E-4
-1.4890908E-4
-1.3991888E-4
-1.0701028E-4
-7.712735E-5
-1.5261822E-4
-5.844646E-5
-9.508226E-5
-4.1757157E-5
-1.5459259E-4
-4.182431E-5
-7.396119E-5
-6.207439E-5
-1.0235041E-4
-7.488225E-5
-1.2592884E-4
-1.7005257E-5
-1.4172107E-4
-3.311543E-5
-1.9224548E-5
5.601658E-5
-6.0570215E-5
7.551307E-5
6.99648E-5
1.0641339E-4
1.0426853E-4
1.2094019E-4
1.7417298E-4
1.7722436E-4
2.6118426E-4
1.2973305E-4
2.43067E-4
2.0913854E-4
1.868638E-4
1.9260694E-4
3.2173409E-4
3.0415598E-4
2.3762521E-4
3.0222913E-4
3.670826E-4
2.7601636E-4
3.1562074E-4
3.455002E-4
3.1502085E-4
3.0099216E-4
3.7536258E-4
3.1566827E-4
4.2556887E-4
3.7117768E-4
4.1369465E-4
3.8624438E-4
3.4253535E-4
3.675576E-4
3.7803614E-4
3.5408078E-4
3.815112E-4
2.7955446E-4
2.1289164E-4
2.2639794E-4
1.7518997E-4
2.308166E-4
7.5483E-5
1.9349392E-4
4.125748E-5
9.1629016E-5
1.1012435E-4
9.665937E-5
1.2139678E-4
6.350979E-5
4.350032E-5
-1.5415846E-5
6.419827E-5
6.967664E-5
-8.433492E-5
-5.7369352E-6
-6.998307E-5
-4.2688E-5
7.079306E-5
-4.8959388E-5
1.18975564E-4
-2.2907401E-5
9.12618E-5
1.11929085E-5
6.42069E-5
1.0971753E-4
8.252187E-5
1.7818027E-6
7.43812E-5
5.381938E-5
1.2977558E-4
1.2596484E-4
1.0487088E-4
1.010058E-4
6.9861766E-5
9.847396E-5
7.664616E-5
1.030086E-4
5.8911384E-5
8.777557E-5
-9.853762E-6
1.3805515E-4
2.0769303E-4
2.015797E-4
1.6897457E-4
1.8237556E-4
1.5650624E-4
1.8614471E-4
9.220485E-5
1.06841384E-4
2.165991E-4
1.04836596E-4
1.7596212E-4
4.3756056E-5
9.6323594E-5
1.1009538E-4
1.6846761E-4
1.2929256E-4
1.6231708E-4
7.945159E-5
2.0955867E-4
1.17970936E-4
1.3856064E-4
1.8205286E-4
1.708082E-4
5.855824E-5
2.5388654E-4
1.4709184E-4
2.301347E-4
6.76635E-5
1.5159785E-4
5.934982E-5
1.2360446E-4
7.831453E-5
7.3897594E-5
-4.617443E-6
3.487783E-5
9.455777E-5
1.8055665E-5
-5.4619224E-5
-3.6856738E-5
-1.6068218E-4
-8.6754124E-5
-4.1419255E-5
-2.0171695E-4
-1.5674297E-4
-1.064057E-4
-2.01804E-4
-1.7121098E-4
-2.4276275E-4
-3.095883E-4
-2.4094523E-4
-2.0495763E-4
-2.3635004E-4
-2.3339379E-4
-1.8994224E-4
-2.3938231E-4
-3.0917695E-4
-2.3343101E-4
-3.5787243E-4
-3.3536836E-4
-4.161687E-4
-3.336974E-4
-4.0602553E-4
-3.082233E-4
-4.4054014E-4
-3.5628641E-4
-4.9142016E-4
-3.5394295E-4
-5.185099E-4
-4.097592E-4
-5.371393E-4
-4.780873E-4
-5.2180106E-4
-3.8077842E-4
-3.5599488E-4
-2.9241032E-4
-4.2904768E-4
-3.1704453E-4
-4.7086604E-4
-3.8387196E-4
-3.9919905E-4
-4.2702997E-4
-3.37215E-4
-3.6944196E-4
-3.7160696E-4
-3.2308538E-4
-4.3004926E-4
-3.2770936E-4
-3.4135176E-4
-3.479827E-4
-3.979807E-4
-3.8677015E-4
-4.3232934E-4
-4.0057293E-4
-3.6198614E-4
-3.5178944E-4
-3.1681717E-4
-3.2463146E-4
-3.1713964E-4
-3.2675135E-4
-3.5903198E-4
-2.4458565E-4
-2.5066483E-4
-2.3632459E-4
-2.9448146E-4
-1.8130097E-4
-2.3772015E-4
-1.9987975E-4
-2.14425E-4
-7.898945E-5
-1.9756403E-4
-1.3675912E-4
-2.0376784E-4
-4.9223563E-5
-1.04889456E-4
2.8432842E-5
-6.3917665E-5
-2.6806208E-6
-1.4241946E-5
-6.8537324E-6
-3.227246E-5
-2.1097194E-5
1.05382394E-4
1.8028739E-4
1.5219866E-4
8.9026704E-5
5.086537E-5
-2.7354768E-5
1.3053577E-4
1.2330974E-4
1.6280095E-4
7.568821E-5
2.174695E-4
1.6501186E-4
1.5417773E-4
1.1476153E-4
1.6523182E-4
1.6637483E-4
1.7230077E-4
1.8483707E-4
1.8404739E-4
2.3336751E-4
1.8174484E-4
2.2887433E-4
1.364496E-4
2.2464643E-4
1.5019643E-4
2.4125048E-4
9.6220916E-5
2.0870814E-4
1.3426758E-4
1.5806066E-4
5.9355672E-5
1.2847356E-4
8.594075E-5
1.9744164E-4
1.6453392E-4
1.29982E-4
1.1886137E-4
1.17820775E-4
1.4678342E-4
9.922102E-5
1.4740464E-4
1.12554415E-4
8.7427965E-5
2.8334667E-5
3.8890263E-5
2.631661E-5
1.709008E-4
6.43532E-5
5.9490325E-5
1.17587086E-4
1.006124E-4
5.6512872E-5
5.3300413E-5
-1.4309E-4
-2.6450343E-7
9.0168454E-5
1.04582956E-4
3.449677E-5
5.125616E-5
8.98268E-5
1.993033E-4
1.2315366E-4
8.086547E-5
7.690371E-5
2.0707719E-4
1.6351584E-4
5.2435324E-5
1.5498207E-4
7.5395634E-5
2.1517667E-4
2.2328636E-4
2.4989745E-4
1.8304221E-4
3.0915014E-4
3.6129772E-4
3.9768402E-4
3.4112972E-4
3.743994E-4
4.2034392E-4
4.8166656E-4
4.4625913E-4
4.952447E-4
4.1211615E-4
4.2435265E-4
4.602108E-4
4.3455086E-4
5.0142186E-4
4.6004154E-4
4.860832E-4
3.768341E-4
4.3629517E-4
3.3677285E-4
3.6284246E-4
3.2505425E-4
3.8086445E-4
3.7665115E-4
3.4567015E-4
2.637092E-4
2.6047192E-4
1.9479291E-4
2.1558488E-4
2.2836101E-4
1.9396085E-4
2.3009826E-4
8.9529116E-5
5.8949503E-5
8.765094E-5
5.809112E-5
7.1751594E-5
7.045066E-5
3.8406382E-5
3.2438056E-5
5.3613076E-6
-2.5750125E-5
-4.0108E-5
1.13635084E-4
-5.0690516E-5
1.8979246E-5
-8.967091E-5
7.486235E-5
1.2156333E-5
1.5791411E-5
1.6944397E-5
-1.3705992E-5
-1.5982817E-4
-8.031873E-5
-3.242698E-5
-2.8981663E-5
-3.0100016E-5
-2.6037907E-5
-1.1938073E-4
-6.601532E-5
-7.749812E-5
-1.6711149E-4
-6.395663E-5
-9.3295064E-5
-6.880982E-5
-1.7233526E-4
-9.4586234E-5
-2.9254917E-4
-1.4695643E-4
-2.5104865E-4
-1.4475705E-4
-2.8977022E-4
-2.6172664E-4
-3.6742893E-4
-2.545647E-4
-2.894443E-4
-2.958493E-4
-4.1433453E-4
-4.2763853E-4
-3.248588E-4
-1.625636E-4
-2.7472715E-4
-3.6267878E-4
-3.4282412E-4
-2.9448885E-4
-4.2168333E-4
-3.1145953E-4
-2.4655118E-4
-2.5969153E-4
-3.2196767E-4
-3.8264718E-4
-2.930584E-4
-2.6475216E-4
-2.9956485E-4
-2.5726832E-4
-2.5641653E-4
-2.764658E-4
-2.8318862E-4
-3.9555298E-4
-3.649869E-4
-2.742973E-4
-2.5388596E-4
-3.226148E-4
-3.225883E-4
-3.065571E-4
-2.995361E-4
-2.350479E-4
-2.6933075E-4
-1.397966E-4
-3.4457474E-4
-1.8772834E-4
-2.312198E-4
-2.0862912E-4
-2.0690614E-4
-2.5802077E-4
-2.6704805E-4
-1.6938662E-4
-2.264139E-4
-1.872215E-4
-1.01279584E-4
-4.1531493E-5
-1.406301E-4
-8.9783665E-5
-2.1315762E-4
-1.6160194E-4
-1.5599669E-4
-3.5157456E-5
-1.3413477E-4
-1.0863313E-4
-4.1354804E-5
-9.705856E-5
-8.5952925E-6
1.27974035E-5
6.459714E-5
-3.937392E-5
3.705004E-5
3.3651002E-6
1.10696106E-4
6.127679E-5
-2.5725984E-5
4.4499902E-5
8.861412E-5
1.0916917E-4
1.2063911E-4
1.0309219E-4
1.323966E-4
1.0957038E-4
2.2037515E-4
2.180891E-4
1.9135936E-4
2.5878593E-4
2.0728583E-4
3.6242127E-4
2.3983745E-4
2.4773E-4
2.9366527E-4
3.1785786E-4
3.196507E-4
2.2880014E-4
2.690423E-4
3.7761137E-4
3.163849E-4
2.613633E-4
3.2058518E-4
3.2891196E-4
3.056868E-4
2.1791153E-4
2.890802E-4
3.1143014E-4
3.1972706E-4
2.1012746E-4
3.019278E-4
2.1397775E-4
1.5641251E-4
2.4115226E-4
2.2146139E-4
1.2165728E-4
2.8786613E-4
1.7553839E-4
2.1505015E-4
1.244435E-4
1.4222658E-4
1.2805409E-4
1.0864605E-4
1.5966373E-4
2.0844235E-4
1.5596011E-4
1.7705272E-4
1.5663811E-4
1.5443521E-4
1.32144E-4
1.3054039E-4
4.518717E-5
2.142937E-4
1.2035704E-4
1.5625758E-4
2.5234584E-4
1.8225574E-4
1.7118726E-4
1.4182534E-4
1.4637335E-4
4.273867E-6
2.048288E-4
1.893849E-4
1.0939421E-4
1.3223672E-4
8.77883E-5
1.8573493E-4
1.3953382E-4
1.11302084E-4
1.303604E-4
1.4586184E-4
8.9613095E-5
9.145165E-5
2.7379538E-5
6.0078703E-5
-1.0368015E-5
-2.5317213E-5
-9.417519E-6
-1.1540635E-5
-2.8988192E-5
1.2577654E-5
1.6678707E-5
2.764677E-5
8.409626E-5
6.4646294E-5
5.8420096E-6
2.634518E-5
4.337571E-5
-1.2566117E-4
-1.1987868E-5
5.211748E-5
7.736131E-5
1.1666727E-6
-8.266414E-5
-4.1203217E-5
-4.5729295E-5
-1.7072007E-4
-9.636731E-5
-1.6436889E-4
-1.2938297E-4
-2.45589E-4
-1.3814692E-4
-1.706835E-4
-1.1752331E-4
-2.1707773E-4
-2.1578134E-4
-2.2335791E-4
-2.793595E-4
-2.8648996E-4
-3.9052792E-4
-3.1837673E-4
-3.4488505E-4
-3.4524608E-4
-4.1676644E-4
-4.1563858E-4
-4.5388192E-4
-4.3987937E-4
-5.5891403E-4
-4.926658E-4
-4.805176E-4
-4.3884316E-4
-5.561303E-4
-5.058684E-4
-5.4426433E-4
-5.204299E-4
-5.251652E-4
-5.5348827E-4
-5.2567496E-4
-5.0817896E-4
-5.645061E-4
-4.7132946E-4
-5.2293786E-4
-4.6122904E-4
-5.160076E-4
-3.9535298E-4
-5.211998E-4
-4.6015406E-4
-4.2167088E-4
-5.1013875E-4
-3.789256E-4
-5.139536E-4
-3.9969163E-4
-4.9859786E-4
-4.408676E-4
-4.8627122E-4
-4.935956E-4
-4.6085572E-4
-4.2409197E-4
-4.06644E-4
-3.5282798E-4
-2.7535725E-4
-2.3669588E-4
-3.32238E-4
-3.1793816E-4
-2.455082E-4
-3.0858107E-4
-2.0935659E-4
-2.2987871E-4
-1.1708994E-4
-1.8554804E-4
-1.873697E-4
-2.3610538E-4
-1.548164E-4
-2.166475E-4
-9.961114E-5
-2.1040562E-4
-1.5703235E-4
-1.9090404E-4
-8.9025845E-5
-1.16551164E-4
1.1871175E-5
-4.9760936E-5
-2.2743725E-5
-1.04248706E-4
1.8859304E-6
-9.13688E-5
2.484483E-5
-4.970825E-6
-1.7037311E-5
-1.784237E-5
3.237571E-5
2.9783547E-5
-3.4367327E-5
1.3609668E-5
-6.843449E-5
-5.1352176E-6
2.2432014E-6
-2.2600248E-5
5.206404E-5
-1.4312881E-4
-1.0545822E-4
-5.82151E-5
-9.541211E-5
-6.785108E-5
-2.8101555E-5
-3.844471E-5
-6.405975E-5
-6.1650586E-5
-8.619334E-5
-6.86054E-5
-1.3826825E-4
-1.5062539E-4
-5.8522714E-5
-1.1264488E-4
-8.528317E-5
-1.8724117E-4
-7.323435E-5
-4.032872E-5
-2.9896131E-5
-1.3117944E-5
2.7209382E-5
-6.2819054E-5
5.026461E-5
7.771597E-6
9.282615E-5
2.3174627E-5
1.7471936E-4
9.98109E-5
1.5614722E-4
1.2391973E-4
1.0030785E-4
1.2765263E-4
1.7883502E-4
2.4906214E-4
2.8798336E-4
2.3928679E-4
2.601114E-4
3.2601316E-4
2.7457415E-4
2.8626082E-4
2.5284194E-4
3.6047192E-4
2.95824E-4
2.902743E-4
2.3587515E-4
3.6007247E-4
2.2759043E-4
2.0356738E-4
2.2379687E-4
2.2171173E-4
2.4886927E-4
1.9645419E-4
2.5860048E-4
1.8436035E-4
2.6275756E-4
2.206975E-4
3.2938883E-4
2.187041E-4
3.5907634E-4
2.6463124E-4
3.2823693E-4
2.1872102E-4
2.687437E-4
2.3289185E-4
2.3296857E-4
3.259629E-4
2.8613422E-4
2.1587907E-4
3.212586E-4
2.8508122E-4
3.3920718E-4
2.9898487E-4
2.5147307E-4
2.091516E-4
2.6342858E-4
2.58127E-4
2.1106632E-4
2.6782893E-4
2.7837657E-4
1.975808E-4
1.2400486E-4
1.6361216E-4
1.0195728E-4
2.4777974E-4
2.1305436E-4
1.7225258E-4
1.2270366E-4
1.2694455E-4
8.871413E-5
5.749534E-5
1.05628766E-4
1.0712911E-4
1.317504E-4
1.3450718E-4
4.8582795E-5
5.8702626E-5
1.508647E-4
5.051787E-5
8.5672014E-5
6.702081E-5
1.3624082E-4
4.9948125E-5
1.1843226E-4
2.434037E-5
8.917348E-5
-4.8923506E-5
2.3334407E-5
5.820904E-6
6.150613E-5
-1.8697057E-5
8.78916E-5
-4.101366E-5
-5.458461E-5
-3.0010775E-5
-1.0967474E-4
-1.1209296E-4
-1.8738637E-4
-1.3203295E-4
-1.7691482E-4
-1.8526356E-4
-1.4521628E-4
-2.2111078E-4
-1.9319927E-4
-1.0349566E-4
-2.4784243E-4
-1.8631566E-4
-2.0643836E-4
-2.047619E-4
-2.5645495E-4
-1.9197742E-4
-3.098731E-4
-2.2483882E-4
-2.7887628E-4
-2.239138E-4
-2.7297102E-4
-2.1968925E-4
-2.8398E-4
-2.9045818E-4
-2.9916444E-4
-2.993426E-4
-2.9473784E-4
-3.6595392E-4
-3.100546E-4
-3.9970962E-4
-2.8631653E-4
-3.532262E-4
-2.369367E-4
-4.3738258E-4
-3.4721883E-4
-2.8463348E-4
-2.6314484E-4
-3.5815747E-4
-2.7701893E-4
-3.8270003E-4
-2.4631023E-4
-3.343589E-4
-1.8894598E-4
-3.0063864E-4
-2.8930666E-4
-3.5865512E-4
-2.8720032E-4
-1.5823638E-4
-2.1892844E-4
-1.7665286E-4
-3.0006794E-4
-2.4551497E-4
-1.6571056E-4
-1.0365115E-4
-1.229069E-4
-6.8278176E-5
-6.546154E-5
-5.3778756E-5
-4.4087115E-5
-2.8309923E-6
-2.1621649E-5
-1.2522569E-5
-2.5817544E-6
-3.6010853E-5
-7.161123E-5
-2.8018496E-5
-1.3047439E-5
-9.84959E-5
-2.4032452E-6
-6.7954147E-6
5.4464534E-5
-6.287802E-5
-3.0833722E-5
-1.0186849E-5
6.740959E-5
3.4583834E-5
4.259341E-5
2.1175978E-5
4.8383205E-5
3.4451114E-5
1.4036453E-4
1.0734592E-5
1.0273298E-4
-8.146062E-6
2.9939809E-5
5.0440864E-5
1.1055003E-4
1.982929E-4
1.8887607E-4
2.0755306E-4
2.0531418E-4
2.1556353E-4
2.729208E-4
3.284178E-4
3.639629E-4
3.821015E-4
3.7582344E-4
3.6011485E-4
3.4689985E-4
3.5526513E-4
3.3749934E-4
3.9956544E-4
3.336829E-4
3.7120565E-4
3.9136087E-4
3.6343726E-4
4.1537688E-4
3.8965986E-4
3.7189727E-4
3.4218613E-4
3.5860305E-4
2.7912052E-4
3.45939E-4
3.1381403E-4
3.0320455E-4
2.8249403E-4
3.2677338E-4
1.3879653E-4
3.2438678E-4
2.6741638E-4
2.361953E-4
1.9195722E-4
2.8042032E-4
1.7104618E-4
2.3113095E-4
2.515105E-4
3.0853588E-4
1.6742297E-4
1.8126961E-4
1.7976253E-4
2.6252767E-4
1.4768071E-4
1.4156922E-4
2.2228483E-4
8.7674875E-5
1.6164462E-4
8.754235E-5
1.1678958E-4
1.7239386E-4
1.2247004E-4
8.529409E-5
1.8473303E-4
1.8469134E-4
2.0097195E-4
8.629087E-5
-1.5807075E-6
6.864297E-5
7.584574E-5
5.213443E-5
5.1296935E-5
1.4105721E-4
9.6914984E-5
-4.80765E-6
5.9160434E-6
1.1672424E-4
3.312327E-5
1.0933346E-4
-2.3136256E-5
5.534958E-5
1.7772225E-5
9.796429E-6
-3.9685758E-5
6.170932E-5
-2.4554872E-6
6.893056E-5
-6.39318E-5
-7.410788E-5
-2.4244511E-4
-1.2386308E-4
-1.5731984E-4
-1.3804367E-4
-2.003768E-4
-1.5807307E-4
-2.300998E-4
-2.0227933E-4
-2.2794252E-4
-2.562487E-4
-3.2549724E-4
-2.0878206E-4
-1.6917636E-4
-1.5731822E-4
-2.1271652E-4
-2.777612E-4
-2.4216434E-4
-1.896363E-4
-1.8386575E-4
-1.9506789E-4
-1.8547989E-4
-9.7546705E-5
-1.615549E-4
-1.6622088E-4
-1.9332931E-4
-1.8595545E-4
-1.6772209E-4
-1.4752685E-4
-2.0503416E-4
-8.421521E-5
-2.3557781E-4
-1.6707135E-4
-2.3059236E-4
-6.803081E-5
-2.1931996E-4
-1.4264144E-4
-1.5442474E-4
-9.91125E-5
-4.6167574E-5
-2.3554952E-5
-2.4391679E-4
-1.4134939E-4
-7.6675155E-5
3.2532917E-5
-4.6112767E-5
1.0445871E-5
-3.2910906E-5
-5.1066872E-5
-1.7190167E-5
4.723914E-5
-6.26419E-5
1.4682967E-4
1.1387138E-4
7.0622875E-5
1.8220708E-5
-4.1301196E-6
5.9847167E-5
6.497628E-5
4.2991785E-5
7.751737E-5
9.0213936E-5
1.2094131E-4
1.739999E-4
6.186178E-5
9.5320014E-5
1.1376653E-4
1.2843029E-4
7.561311E-5
5.6941295E-5
7.124769E-5
1.465731E-4
1.6283551E-4
1.0236199E-4
1.3684298E-4
6.923469E-5
1.7195396E-4
6.3827385E-5
9.74879E-5
1.7852212E-4
1.8780667E-4
1.13723225E-4
1.1077265E-4
1.2739194E-5
2.052296E-4
1.3132476E-4
1.4554978E-4
6.194753E-5
1.13083195E-4
2.9711979E-5
3.5659377E-5
2.1054482E-5
1.8377585E-4
1.4240736E-4
3.0105719E-5
1.04819745E-4
5.422057E-5
2.6228156E-6
1.769141E-5
6.854033E-5
1.624209E-5
1.3017521E-5
-3.5217527E-6
6.4549727E-6
1.7102386E-5
-2.2632047E-7
-4.069782E-6
1.4725487E-5
2.2705635E-5
1.15778654E-4
6.628971E-5
-4.7297443E-5
9.792255E-6
1.0464166E-5
-7.87209E-6
-6.0649227E-6
7.6836244E-5
5.390199E-5
-1.0173525E-5
5.739954E-5
1.4403186E-4
1.278575E-4
1.03795515E-4
1.2160084E-4
1.0983185E-4
1.2578638E-4
1.8336372E-4
1.9678734E-4
2.6652752E-4
2.3419775E-4
1.5994832E-4
1.7444158E-4
1.9397883E-4
2.4036536E-4
2.3794033E-4
2.1950497E-4
2.0358384E-4
1.9757035E-4
2.0472566E-4
2.6187167E-4
2.5328842E-4
2.9996745E-4
2.992066E-4
2.6616023E-4
2.6496255E-4
2.5206414E-4
1.8901021E-4
3.8774053E-4
2.405471E-4
3.8942395E-4
2.2882762E-4
2.5162718E-4
1.8333239E-4
2.584688E-4
2.7829417E-4
2.5650696E-4
3.354421E-4
3.2319964E-4
2.4862407E-4
2.5191554E-4
2.1472402E-4
1.837977E-4
2.4135625E-4
2.3277698E-4
2.4345197E-4
1.8823176E-4
1.7799994E-4
1.2589422E-4
1.2740772E-4
1.4469595E-4
2.9965656E-4
1.8037515E-4
2.3131422E-4
2.2059225E-4
1.4938998E-4
1.1468973E-4
2.0157978E-4
7.903898E-5
1.4871526E-4
1.2698902E-4
9.885807E-5
5.7277666E-5
4.481106E-5
1.1782792E-4
6.6220295E-5
-4.207722E-5
2.4387505E-6
1.0867833E-4
-3.734776E-5
2.4558936E-5
-4.894443E-5
7.233066E-5
-7.057835E-5
1.6823557E-5
-3.6913974E-5
3.1529316E-6
-9.826157E-5
-5.1268093E-5
5.6306904E-5
6.161687E-6
-1.1477158E-6
1.2672868E-5
-1.9939942E-5
-7.0866205E-5
-8.100308E-5
2.8315094E-6
-1.7135944E-5
-1.11972775E-4
-1.0379706E-5
-1.5879818E-4
-7.139023E-5
-1.0353782E-4
-7.036953E-5
-1.5621957E-4
9.8558385E-6
-6.961687E-5
-6.4504275E-5
-1.4048611E-4
-2.2311139E-4
-1.1853199E-4
-1.4774686E-4
-1.3828429E-4
-9.410168E-5
-1.6266998E-4
-1.1104167E-4
-1.05407766E-4
-1.3760655E-4
-1.5210407E-5
-4.482377E-6
-2.6925085E-5
-9.973304E-5
-8.9791094E-5
-5.2421055E-5
-9.789504E-6
-4.6811176E-5
-4.401039E-5
-8.111899E-5
-8.756166E-5
-2.6780748E-5
-1.073248E-5
-6.171418E-5
-7.108818E-5
-8.0910235E-5
-6.918042E-5
-9.56144E-5
-2.9417684E-5
-1.3054289E-5
-9.027904E-5
-9.3761715E-5
-8.0048834E-5
4.2914897E-5
-1.47741E-4
-7.277687E-5
-5.6100976E-6
-4.0336905E-5
-1.6318056E-4
7.574782E-5
-1.1731333E-4
-8.335055E-5
-1.2697771E-4
-5.2777064E-5
-9.471053E-5
-3.6277467E-7
-1.7046468E-5
4.7277925E-5
2.3208071E-5
-6.2559455E-5
1.2152105E-5
-4.7243564E-5
-4.3533986E-5
-7.003993E-5
4.761541E-5
-4.593886E-6
6.4553955E-5
3.6588503E-5
1.3881316E-4
4.784982E-5
9.613782E-5
2.026334E-5
1.2906978E-4
3.0199126E-5
1.529046E-5
1.3871894E-5
1.7531287E-4
1.1942381E-4
1.6864139E-4
1.0417303E-4
1.2302752E-4
9.621528E-5
9.924547E-5
9.6411444E-5
1.1902709E-4
1.13368944E-4
1.0523427E-4
1.8666974E-4
7.606623E-5
1.5457616E-4
1.4068832E-4
1.9713322E-4
1.5474096E-4
1.9228806E-4
1.09234905E-4
1.5510955E-4
6.19709E-5
8.369172E-5
3.4068875E-5
1.2625079E-4
2.2516516E-4
1.6125415E-4
1.0030642E-4
7.311007E-5
5.941809E-5
6.693666E-5
6.9730275E-5
-3.3413069E-6
-4.9824386E-5
-4.8819882E-5
1.2322722E-4
3.5252233E-5
1.2272317E-4
2.6253083E-5
4.0452247E-5
-1.1737127E-5
1.280673E-4
-3.3817025E-5
-5.019792E-6
-5.112699E-6
2.7407052E-5
9.562833E-5
1.407841E-4
-4.292046E-5
5.2117754E-5
2.5245688E-5
6.9287154E-5
5.3597516E-5
1.3784472E-4
6.376058E-6
9.910389E-5
8.202408E-5
8.692662E-5
1.0998443E-4
1.7457452E-4
1.2564262E-4
1.7802748E-4
1.08471984E-4
8.700105E-5
1.551974E-4
1.1701161E-4
2.4481874E-4
1.8720538E-4
1.3658957E-4
2.7362097E-4
7.5657175E-5
1.7415364E-4
1.8479429E-4
2.3993774E-4
1.354762E-4
1.3455581E-4
1.1276296E-4
1.9013627E-4
1.1019301E-4
1.6880335E-4
1.97365E-4
3.3291377E-5
-4.045044E-7
1.3470219E-4
-3.986519E-5
2.1073593E-4
7.40694E-5
9.3370014E-5
-2.7905846E-5
1.2579122E-4
1.0726425E-5
2.630363E-5
-4.8600672E-5
-1.3671301E-7
-2.7469554E-5
-2.7589149E-5
2.1870825E-5
-4.4516342E-5
-3.051443E-5
-6.0065853E-5
-1.4226578E-4
-4.416873E-5
-1.2512959E-4
-6.838199E-5
-8.947599E-5
-1.0578013E-4
-9.398208E-5
-1.7671999E-4
-2.3618084E-4
-1.9528045E-4
-1.4403115E-4
-9.900661E-5
-1.5723064E-4
-2.1210461E-4
-1.00301026E-4
-1.6075947E-4
-2.2313176E-4
-1.2029892E-4
-1.9198749E-4
-1.4069912E-4
-1.9171332E-4
-1.9166483E-4
-2.0737076E-4
-1.953118E-4
-2.0204394E-4
-1.7633523E-4
-2.8976347E-4
-1.844007E-4
-2.1019058E-4
-2.0019269E-4
-2.6093566E-4
-2.4006204E-4
-2.1599166E-4
-1.932395E-4
-3.0600437E-4
-2.3606925E-4
-1.6363454E-4
-1.5110821E-4
-1.3057853E-4
-1.650949E-4
-2.5492185E-4
-1.327035E-4
-1.5023802E-4
-7.609354E-5
-1.3519694E-4
-1.0498634E-4
-9.8021614E-5
-5.013692E-5
-1.7767807E-4
-1.3562822E-4
-1.8452809E-5
-6.464548E-5
-6.453763E-6
-5.9360205E-5
-3.1943262E-5
5.0484756E-5
-7.900802E-5
-2.9535108E-6
-3.156786E-5
-6.2695067E-6
-1.4622945E-5
2.9973158E-5
-1.372558E-4
4.855498E-6
4.009858E-7
5.8721347E-5
-1.3551001E-4
-7.1831906E-5
4.8739163E-5
1.3328437E-5
-3.803451E-5
6.753541E-5
-5.278126E-5
-1.553503E-5
-3.0840183E-5
-6.45865E-6
-4.414807E-5
1.17409916E-4
1.7003254E-5
5.0824136E-5
-5.691058E-5
3.8449056E-5
-5.454665E-5
-3.6501577E-5
-1.7892367E-5
3.2833002E-5
-3.7864822E-5
-3.9467854E-5
-2.6382488E-5
7.786541E-5
3.0193705E-5
2.4049894E-5
-3.124201E-5
-2.8160071E-5
-5.0149436E-5
-1.9962326E-5
-2.613192E-6
4.3934702E-5
-6.3456596E-6
1.302579E-5
-4.3775322E-5
-2.1803638E-5
-8.586102E-5
2.4427194E-5
-1.2387896E-4
-9.39631E-8
-1.5434684E-4
-9.696728E-5
-1.4340831E-4
-8.202851E-5
-8.555428E-5
-2.7249253E-5
-1.5486886E-4
-5.682391E-5
-7.2723546E-5
-1.2305535E-4
-1.924343E-4
-1.9686702E-5
-1.380314E-4
-8.45571E-5
-6.368904E-5
-8.555532E-5
-1.5747368E-4
-1.1185605E-4
-9.783071E-5
-1.0384527E-4
-1.4658972E-4
4.5506913E-6
-1.22006795E-5
3.1369258E-5
-4.405747E-5
5.7776024E-6
-2.5628757E-5
-3.7684626E-5
1.3454279E-4
7.762869E-5
1.3702593E-4
9.3129005E-5
1.8822122E-4
1.3557954E-4
9.919589E-5
6.115013E-5
1.069076E-4
4.050305E-5
1.2622564E-4
1.4921371E-4
1.5541E-4
1.5517365E-4
8.8042034E-5
1.962282E-4
1.0713552E-4
1.7344349E-4
1.8693187E-4
2.1510661E-4
1.1155755E-4
1.4993973E-4
1.5076254E-4
3.323178E-4
1.2319937E-4
2.3678856E-4
1.8487574E-4
1.690033E-4
6.6004526E-5
1.4186438E-4
1.0333036E-4
2.449279E-4
1.5977911E-4
1.7505513E-4
1.7712588E-4
1.5801527E-4
2.1980304E-4
1.6996541E-4
1.083219E-4
1.5836718E-4
1.771597E-4
1.2340288E-4
1.7626042E-4
1.13349226E-4
9.332913E-5
2.9637376E-5
1.5383802E-4
6.913657E-5
1.8743545E-4
1.1134183E-4
1.7616326E-4
4.6779067E-5
1.3926513E-4
2.7695887E-5
8.615517E-5
-3.2185326E-6
6.4662665E-5
5.942846E-5
3.8309932E-5
1.284928E-4
7.014578E-5
8.105554E-5
-1.7351803E-6
-1.3548387E-5
-3.4080945E-6
-9.389076E-6
-7.0591705E-5
-8.974619E-5
-5.4983786E-5
-6.713643E-5
-1.7328342E-5
-4.4198725E-5
-1.2809879E-4
-1.1424197E-4
-1.3196992E-4
-3.996507E-5
-2.5815058E-5
-1.5064525E-4
-1.5541202E-4
-1.13399765E-4
-1.5839354E-4
-1.2732123E-4
-1.1163838E-4
-2.1992021E-4
-1.5407585E-4
-1.7317155E-4
-5.300467E-5
-7.071888E-5
-1.3901014E-4
-1.603824E-4
-1.331129E-4
-1.5587291E-4
-1.3846188E-4
-8.6653636E-5
-1.9707218E-4
-2.105414E-4
-1.2918179E-4
-1.3123718E-4
-3.2795448E-5
-6.44358E-5
-8.755927E-5
-1.4813304E-4
-1.5202253E-4
-1.81837E-4
-1.3274462E-4
-4.4369564E-5
-9.5805124E-5
-5.551938E-5
-6.328297E-5
-7.939533E-5
-8.06788E-6
-4.2341504E-5
1.6840782E-5
4.502732E-5
-2.0231219E-5
-3.882604E-5
5.970785E-5
-2.2275031E-5
4.079385E-5
7.309606E-5
1.362543E-4
1.0517955E-4
9.725391E-5
-3.1719833E-6
1.0873164E-4
4.0280247E-5
1.388059E-4
5.5348723E-5
1.4273987E-4
1.2599438E-4
1.0004734E-4
7.561415E-6
1.2326788E-4
1.0265571E-4
6.226608E-5
1.860495E-4
1.7645757E-4
1.4857188E-4
1.9006082E-4
1.3353962E-4
1.8473231E-4
1.5492446E-4
2.1862412E-4
2.7890704E-4
1.8628455E-4
1.4625517E-4
1.1130454E-4
2.1250702E-4
2.1482867E-4
2.5069882E-4
1.3318768E-4
2.936367E-4
2.608256E-4
2.1776134E-4
1.9303773E-4
2.3369184E-4
1.3712555E-4
1.5767784E-4
2.2388659E-4
2.1938933E-4
1.5985772E-4
1.11854366E-4
2.6551518E-4
1.3310209E-4
2.218479E-4
1.9442709E-4
2.3373206E-4
1.2386979E-4
2.0241395E-4
1.5764004E-4
2.2562181E-4
1.10979396E-4
1.5114389E-4
1.7410111E-4
2.265851E-4
1.0543768E-4
2.6888112E-4
1.7484873E-4
1.9763141E-4
8.635217E-5
1.2650108E-4
1.6017142E-4
1.4877762E-4
9.9488054E-5
8.5217835E-5
1.3066307E-4
1.17232485E-4
1.3374802E-4
7.4455806E-5
1.0721511E-4
2.417005E-4
9.416845E-5
7.109575E-5
1.927779E-5
1.5270799E-4
9.105893E-5
5.9909195E-5
4.4840483E-5
2.6096884E-6
2.6514346E-5
-2.6481926E-5
5.1339623E-5
1.337159E-4
4.717572E-5
1.7358063E-5
-2.5032989E-5
3.2416592E-5
1.2125241E-5
1.1724958E-4
-9.560026E-5
9.734346E-5
-9.8879216E-5
1.6565091E-4
-5.3080905E-5
9.8387274E-5
-7.850171E-5
1.2651399E-5
-5.4196586E-5
5.2001677E-5
-1.0072535E-4
-1.2912181E-5
-9.792899E-5
7.9252444E-5
-1.04025225E-4
4.2009717E-5
-2.7871018E-5
-1.7202827E-5
-8.551539E-5
-2.2086595E-5
-5.156443E-5
2.189322E-5
-9.710807E-5
-6.219504E-5
-1.1337438E-4
-7.359652E-5
-5.8736834E-5
-8.783551E-5
-1.6837442E-4
-6.296742E-5
-9.534227E-6
-1.7918623E-5
-9.696879E-5
-4.9861203E-5
-1.6047567E-4
-4.6088357E-5
-1.1560662E-4
-4.9783885E-6
-1.4587182E-4
-5.4821463E-5
-7.343888E-5
3.9784856E-5
7.478858E-6
4.556044E-5
-1.1188001E-4
-6.3907396E-6
-1.2745826E-4
5.944605E-6
-1.288611E-4
8.197283E-5
-7.305573E-5
6.0926055E-7
-1.3963484E-4
-3.290439E-5
-2.3423085E-5
9.463372E-6
-1.4638932E-5
6.189677E-5
-1.0114352E-4
8.4750995E-5
-1.2667365E-4
-1.4274003E-6
-5.424399E-5
8.833226E-6
-6.820429E-5
3.369813E-5
-6.370841E-5
4.0938812E-5
-2.4047376E-5
1.1367773E-4
1.5723384E-5
5.236629E-5
-1.1225901E-5
1.1651845E-4
-1.5516967E-5
8.7432796E-5
-1.0100609E-5
4.2383628E-5
-4.275556E-5
6.803962E-5
1.4138434E-4
8.48439E-5
-2.5161376E-5
1.069754E-4
7.5170356E-5
1.260392E-4
5.6538265E-5
5.2573818E-5
4.0049257E-5
9.948447E-5
-1.865321E-5
1.5820387E-4
-6.477298E-6
4.157116E-5
-7.339136E-5
3.9458442E-5
-4.826445E-5
3.5621335E-5
-1.0791273E-4
-4.313826E-5
-3.2982596E-5
5.140705E-5
-5.305895E-5
1.8528644E-5
-4.016912E-5
-5.1540977E-5
-8.711768E-5
-4.7027555E-5
-1.0378542E-4
6.546653E-5
-7.6454235E-5
-7.47137E-5
-1.2056566E-4
3.9969116E-5
-1.6811697E-4
-2.1092477E-5
-6.31448E-5
-2.76568E-5
-6.843455E-5
4.2850857E-5
-4.4822464E-5
1.6835585E-5
-7.967118E-5
-7.220314E-5
-1.2373536E-4
1.711373E-5
-9.05717E-5
3.1991196E-5
-8.1434475E-5
1.9858093E-5
-1.5584967E-5
-1.03456905E-5
-6.9121474E-5
1.8318204E-4
-2.3303014E-7
1.0449724E-4
-2.3652683E-5
1.7647145E-4
-2.5347892E-5
1.9187278E-4
6.7292945E-5
2.4034429E-4
9.6892494E-5
1.8140629E-4
7.7989665E-5
2.0165478E-4
1.7679959E-5
1.8201204E-4
1.1021885E-4
2.481812E-4
8.116669E-5
2.554635E-4
1.4010032E-4
2.7434836E-4
1.4257578E-4
2.3103379E-4
1.2270825E-4
2.8988265E-4
2.2741842E-4
1.19624805E-4
1.3717897E-4
3.0063206E-4
1.5612067E-4
2.040918E-4
9.0652575E-5
1.9863393E-4
2.2019222E-4
1.400596E-4
2.359181E-5
1.2475831E-4
-4.7271766E-5
1.9905974E-4
3.7247788E-5
1.0078253E-4
1.2882902E-4
2.1985655E-4
3.7569076E-5
1.2886191E-4
2.6266096E-5
1.6581555E-4
2.5784534E-6
2.3829076E-4
7.307574E-5
1.1109465E-4
5.10719E-5
2.0574253E-4
4.70636E-5
1.9038218E-4
1.1704225E-5
1.6443095E-4
7.715612E-5
1.613023E-4
-2.854256E-5
2.2320459E-5
5.3099677E-5
1.2369425E-4
1.4765291E-5
1.10170375E-4
5.7199966E-5
1.3304346E-4
2.5207233E-5
8.1952785E-5
-9.186341E-6
-4.1568084E-5
-5.7265617E-5
1.4227665E-4
-3.070028E-5
1.0646053E-4
-5.5599965E-5
-5.8976053E-5
-1.4671595E-4
-1.7798604E-5
-6.055057E-5
-4.4177145E-6
-6.935333E-5
1.2872386E-5
-5.3799766E-5
-5.06233E-5
-1.0624738E-4
-3.4324952E-5
-1.6236556E-4
4.464491E-5
-1.173894E-4
4.275453E-5
-1.0286006E-4
-1.8382247E-5
-5.4437314E-5
1.3915117E-6
-2.0862988E-4
-7.266825E-5
-1.6707153E-4
-8.846262E-5
-2.2233828E-4
-3.5509536E-5
-1.7825262E-4
-4.8703536E-5
-1.4743186E-4
-1.3968576E-4
-2.5396235E-4
-2.1008472E-4
-1.8992947E-4
-1.912789E-4
-2.3252839E-4
-2.0653466E-4
-1.3758348E-4
-7.987066E-5
-2.5252724E-4
-1.7844087E-4
-1.8669052E-4
-1.6946185E-4
-1.3335753E-4
-1.1963593E-4
-1.8712952E-4
-1.8101907E-4
-2.1616885E-4
-1.4067043E-4
-2.074574E-4
-1.4762189E-4
-2.7993388E-4
-8.0835416E-5
-2.077226E-4
-1.0341854E-4
-1.9240369E-4
-1.5588207E-4
-2.3350574E-4
-1.5275515E-4
-2.3827695E-4
-9.5082454E-5
-1.5377045E-4
-1.4035734E-4
-1.7988522E-4
-1.238212E-4
-2.0363786E-4
-2.618024E-5
-1.5681692E-4
-7.4216754E-5
-1.4014918E-4
-5.772659E-5
-6.161589E-5
1.9703622E-5
-1.2599057E-4
-1.2340813E-4
-1.2511341E-4
-8.396602E-6
-9.3290444E-5
-4.4139888E-5
-3.3071516E-5
2.9625879E-5
4.852724E-5
5.5029173E-5
-4.2776108E-5
4.4396984E-5
-3.871554E-5
-1.5499965E-5
-3.089384E-5
1.0433627E-4
-7.163023E-5
2.3637245E-5
-1.7170648E-6
1.4903798E-5
5.4638014E-5
4.9688173E-5
-5.9133177E-5
7.500193E-5
5.657205E-6
5.6024957E-5
3.2064654E-5
7.2257266E-5
-8.30683E-5
8.939616E-5
-5.441552E-7
-2.8087856E-5
-9.240803E-5
2.362868E-5
-8.221144E-5
2.746015E-5
-5.026731E-5
1.15902265E-4
2.1303966E-5
6.116628E-5
-2.9856203E-5
4.2174717E-5
-2.3378565E-5
1.06856074E-4
6.180715E-5
1.3864244E-4
8.728166E-5
2.0965883E-4
5.417718E-5
2.0368175E-4
1.9762284E-4
1.6350168E-4
1.2262868E-4
2.2071891E-4
2.3017524E-4
2.0585358E-4
2.3873936E-4
2.469532E-4
2.2091098E-4
1.9168107E-4
1.987097E-4
2.9976564E-4
3.3340295E-4
3.330998E-4
1.5138855E-4
2.0351782E-4
1.7780994E-4
2.4791775E-4
1.3774353E-4
2.4254908E-4
1.6422158E-4
2.4249272E-4
7.0279224E-5
2.3103967E-4
7.544958E-5
2.7065809E-4
8.285376E-5
1.1447758E-4
3.5768477E-5
1.6773194E-4
2.4073017E-6
1.674525E-4
1.00135236E-4
1.254775E-4
6.209755E-6
1.6429395E-4
8.778837E-5
1.3769483E-4
2.8581531E-5
1.2413017E-4
-7.3210314E-5
4.4464352E-5
1.9952799E-5
1.1995158E-4
-6.047106E-5
1.0926694E-5
-1.0861938E-4
1.3552279E-5
1.4016623E-5
4.4787586E-5
-6.3865984E-5
-2.5550296E-5
-1.17925636E-4
-1.1136228E-5
-1.13127055E-4
5.7398076E-5
-1.5630794E-4
1.7644436E-5
-1.9362368E-4
-6.173493E-5
-2.271021E-4
-4.4362027E-5
-2.6291763E-4
-1.5129146E-4
-2.564891E-4
-1.4963893E-5
-2.4447186E-4
-4.770269E-5
-2.6974163E-4
-5.1622945E-5
-2.848564E-4
-1.0927791E-4
-2.7174118E-4
-1.2450153E-4
-2.8003837E-4
-8.5977656E-5
-1.8973157E-4
-1.7230786E-5
-2.5908605E-4
-2.6547532E-6
-1.6786506E-4
1.2146749E-5
-1.0606589E-4
1.7433937E-4
-1.29066975E-5
1.1175706E-4
-5.2869177E-7
1.5526927E-4
-7.195209E-5
7.462356E-5
-4.988356E-6
1.5222323E-4
1.0076468E-4
6.342708E-5
8.854844E-5
-2.8877297E-5
3.0157298E-6
-8.681331E-5
7.8186706E-5
-1.967955E-4
2.097704E-4
-2.0964301E-4
1.0362299E-5
1.683616E-4
-5.5836275E-4
0.001162031
-9.0219756E-4
-1.788319E-4
-2.9112422E-5
2.4282155E-4
-3.1278652E-4
1.0529859E-4
-1.9656989E-4
8.301791E-5
-1.9733273E-4
7.136037E-5
-2.3574373E-4
5.5379995E-5
-2.4719106E-4
7.508725E-5
-2.8940407E-4
1.4298028E-4
-3.9087163E-4
1.944876E-4
-3.391064E-4
1.4576889E-4
-9.280957E-5
-2.2741391E-4
4.614156E-4
-9.3322445E-4
8.545807E-5
5.534736E-4
-2.456811E-4
-4.7621998E-5
5.4827975E-5
7.324949E-5
-1.10540466E-4
1.6217056E-4
-1.6167939E-4
1.09550536E-4
-1.4501845E-4
9.3761075E-5
-1.4405913E-4
7.379851E-5
-1.4732675E-4
8.116918E-5
-3.3749815E-4
8.061383E-5
-2.5680842E-4
-1.1248552E-4
-2.5254153E-4
2.0164352E-5
-3.0427222E-4
-3.980836E-6
-2.6724554E-4
-9.635622E-5
-3.4953203E-4
-2.1895896E-5
-2.2823134E-4
1.6238284E-4
-2.601256E-4
7.0679336E-5
-1.7333751E-4
-3.9239333E-7
-2.0005401E-4
1.4321854E-4
-8.247733E-5
2.070761E-4
-1.6456142E-4
5.853809E-5
-1.8328436E-4
1.1232527E-4
-2.3815155E-4
1.3497807E-4
-1.3878274E-4
1.8533357E-4
-2.4424147E-4
7.8122146E-5
-2.5653766E-4
-4.0736253E-5
-2.59575E-4
3.4712397E-5
-1.5917866E-4
1.22029654E-4
-8.0282705E-5
9.0351066E-5
-2.9686987E-4
-4.003092E-5
-2.1354825E-4
6.638014E-5
-1.3531758E-4
8.421715E-5
-1.0494921E-4
1.3957663E-4
-2.1985371E-4
-3.6308564E-5
-1.1655113E-4
6.7537912E-6
1.3465666E-5
4.5724064E-5
-9.499677E-5
1.8931774E-4
2.9963378E-5
4.3694523E-5
6.146276E-5
1.4825362E-4
1.4823214E-4
1.4957497E-4
2.9409875E-4
2.5544933E-4
4.5340075E-4
7.786717E-5
4.2546322E-4
-1.0975487E-4
5.532133E-4
-2.8703985E-4
6.914777E-4
-5.798815E-4
9.519056E-4
-0.0010404453
0.0012676641
-0.001588063
0.0017042187
-0.0023448828
0.0024448284
-0.0035512121
0.0037136762
-0.0048032533
0.005211033
-0.0065267687
0.0069109667
-0.008389622
0.00858948
-0.009876492
0.010325416
-0.010627946
0.011067449
-0.01070494
0.010071359
-0.0091245165
0.006687294
-0.004011382
-1.8314396E-4
0.005984713
-0.013289025
0.02857645
-0.058202483
0.11551815
-0.17961286
0.25550464
-0.2520835
0.2518584
-0.197497
-0.5149907
0.8677129
0.44179288
-0.5824254
-1.0
-0.4153805
-0.017895248
0.5234076
0.6356953
0.64492136
0.32798967
0.018701673
-0.16883737
-0.107586145
0.05970667
0.23046184
0.21345632
0.06619508
0.0038778014
-0.12589903
-0.18760532
-0.16394983
-0.1403
-0.12919325
-0.15213516
-0.15157722
-0.16104113
-0.15680106
-0.1346168
-0.16185
-0.14576091
-0.11314714
-0.09626952
-0.17072196
-0.07848976
-0.058460526
-0.015166494
-0.06606082
0.0065468396
-0.023864126
0.097015284
0.038194876
0.01801696
0.11119663
-0.03895996
0.2944986
-0.29487145
-0.19119343
0.5907106
0.25286832
-0.32007155
-0.32324755
-0.13567246
0.04458575
0.3038579
0.3280709
0.27022412
0.18055475
0.15721773
0.12162037
0.09066274
0.11471068
0.16821118
0.17175797
0.087460965
0.027853396
-0.023212522
-0.06625771
-0.045228507
-0.047928553
-0.08039705
-0.079958566
-0.022777459
-5.8440404E-4
-0.0356482
-0.07600149
-0.06889389
-0.08465401
-0.10363188
-0.09124838
-0.076412156
-0.07018322
-0.06067054
-0.040667273
-0.0022804353
0.014111334
-0.029581275
-0.060101595
-0.04998293
-0.01579395
0.01976568
0.049162447
0.06183145
0.052404344
0.020239575
0.006173777
0.013201317
0.029055532
0.05383312
0.08389124
0.081539884
0.061915237
0.0528439
0.021304755
0.0054524797
0.019937336
0.03924046
0.04981107
0.052332513
0.04721574
0.030501133
0.008432279
-4.322477E-4
0.014857183
0.032165315
0.03800247
0.04081812
0.035157017
0.03954569
0.035420038
0.0131785795
0.015538883
0.019872071
0.018300442
0.015865656
0.01128566
0.0069299564
8.6963834E-4
0.0037284184
0.007863983
-0.010010329
-0.024917662
-0.023371482
-0.021678193
-0.016043954
-0.0125574535
-0.014220393
-0.024150047
-0.02629091
-0.029938461
-0.035034914
-0.026008291
-0.019294867
-0.008996268
-0.0075209234
-0.010037253
-0.017150642
-0.02471936
-0.017844476
-0.0073426515
-0.005436849
0.0015607672
-0.0011209284
-0.0048304596
-0.007575852
-0.0054020328
-0.0024926336
-0.006863033
-0.004804586
-0.0011233161
-0.0032790315
-0.009312872
-0.011217955
-0.009288893
-0.008659304
-0.010871023
-0.009637438
-0.010774495
-0.010062458
-0.011343509
-0.006863725
-0.007737393
-0.012069807
-0.014355327
-0.01792345
-0.018874232
-0.02028029
-0.016250432
-0.013895844
-0.014696045
-0.01667895
-0.017537074
-0.017361576
-0.015094359
-0.01685806
-0.015966015
-0.01593609
-0.016432596
-0.01578384
-0.013896974
-0.011389026
-0.009813548
-0.009084057
-0.008320086
-0.008155134
-0.0071752365
-0.0055077057
-0.0031506978
-0.0025176886
-0.0024320662
-0.0022589336
-0.0018989112
-0.0016131443
-0.0013030014
-9.4179466E-4
-6.8012066E-4
-4.8300982E-4
-3.333668E-4
-2.1526082E-4
-1.2228366E-4
-5.4982094E-5
-1.3526309E-5
-0.0
