* Impulse Response data saved by REW V5.20 Beta 12
* IR is normalised
* IR window has been applied
* IR is not the min phase version
* Source: Microfone (E-MU 0404 | USB), no input selected, Left channel, volume: no control
* Dated: 29/06/2017 16:28:22
* Measurement: jun 29 16:28:22
* Excitation:  128k Log Swept Sine, 1 sweep at -14,0 dBFS  Using a loopback as a timing reference
* Response measured over: 1,8 to 20.000,2 Hz
0.01568807102739811 // Peak value before normalisation
6003 // Peak index
6227 // Response length
2.0833333333333333E-5 // Sample interval (seconds)
-0.125 // Start time (seconds)
* Data start
0.0
-6.395566E-13
-4.7152914E-11
-1.0185167E-9
-1.196494E-9
-2.9078504E-9
-4.00686E-9
-8.67464E-9
-7.916009E-9
-2.7252247E-9
-3.1689313E-9
4.5070396E-9
-8.7531795E-9
6.5395716E-9
6.7796777E-9
1.5906304E-8
1.1201239E-8
6.165221E-8
7.28534E-8
6.662258E-8
5.618285E-8
7.567214E-8
1.03183915E-7
1.04920396E-7
4.322656E-8
1.0172766E-7
2.8133439E-8
8.844614E-8
1.0908772E-7
-3.7101003E-8
-4.0890846E-8
-1.2095772E-7
-1.5657811E-8
-1.4366286E-7
4.2351758E-9
-2.394437E-7
-1.2422767E-7
-1.131739E-7
-6.5721416E-8
-1.7369814E-7
-7.517827E-8
-7.908639E-8
1.3683749E-7
1.502843E-7
2.2178529E-7
3.2165397E-7
3.6027444E-7
2.635454E-7
6.9778906E-7
2.7061E-7
5.7990223E-7
6.6392573E-7
4.147573E-7
5.9205667E-7
3.6352742E-7
2.2670994E-7
1.5212129E-7
3.5579416E-7
1.3576484E-7
-3.6266194E-8
-5.4450158E-8
-2.261541E-7
-5.0476174E-9
-2.0965103E-7
3.7761232E-8
-1.5224356E-7
-1.8368297E-8
-1.3299046E-7
-1.7333055E-7
-3.5436278E-7
-4.8321464E-8
-4.4344954E-8
6.2973754E-7
2.804917E-7
5.630743E-7
6.9652157E-7
6.2627106E-7
2.5281884E-7
5.7583907E-7
9.7554214E-8
4.843091E-7
-3.48047E-8
8.4582956E-7
2.8270205E-7
-1.5196659E-7
-1.0658782E-6
-4.2186366E-7
-1.1309953E-6
-1.3717392E-6
-1.0674273E-6
-9.0585286E-7
-2.3934256E-6
-6.007564E-7
-1.3970833E-6
-1.473824E-6
-6.558676E-7
-4.7438513E-7
-1.1118899E-6
-4.218886E-7
-4.4368394E-7
-8.375648E-7
-4.0533163E-7
-1.3485901E-6
-2.6934867E-7
-7.294632E-7
9.102324E-7
-1.3272852E-7
-2.2599232E-7
-4.3212037E-7
-1.1938869E-6
-3.0550902E-7
-1.1082764E-6
3.6281037E-7
-1.1372382E-6
-1.629211E-6
-1.91525E-6
1.2006748E-6
-1.6380487E-7
6.137906E-7
-1.2864285E-7
1.106408E-6
4.62445E-7
2.5497473E-6
-1.7838393E-6
4.9439524E-7
-8.936095E-7
-1.3751698E-7
-1.0586272E-6
4.0770945E-7
-8.5001386E-7
-5.4966597E-7
-1.6303255E-6
-5.1978475E-7
-1.4914008E-6
-8.6644053E-7
-1.6892449E-6
-8.5106007E-7
-2.2565E-6
-2.0766677E-6
2.1578278E-7
-1.4925058E-6
-8.517541E-7
-1.2904388E-6
4.3594608E-7
-1.3861362E-6
-1.0521109E-6
5.838511E-7
5.295975E-7
1.1150117E-6
2.2026243E-6
6.510194E-7
-2.505182E-7
3.9551373E-6
1.255988E-6
3.8565017E-7
-5.1492464E-7
9.456794E-7
-6.9014726E-7
-4.7999134E-8
1.9285467E-6
3.2786413E-6
1.4743854E-6
3.732273E-6
-3.7401692E-6
8.7355477E-7
1.009708E-6
3.0856002E-6
-1.7448083E-6
3.971094E-6
-1.4007002E-6
2.1499955E-6
1.6844883E-6
3.6906367E-6
1.1445859E-6
2.6828948E-6
3.4838536E-7
2.7766278E-6
5.186215E-6
5.1850207E-6
2.1707945E-6
5.9806807E-6
3.3056722E-6
7.286784E-6
3.1630366E-6
4.980225E-6
7.0938822E-6
-1.528914E-6
2.2617276E-6
2.6241133E-7
4.759882E-6
-1.7224562E-6
1.2764876E-6
-8.0231666E-7
-1.3573633E-6
-1.1842731E-6
-1.5508091E-6
-6.0646516E-6
-4.961381E-6
3.8615935E-6
-1.01632E-6
8.509888E-7
-3.854841E-6
1.6531819E-6
-2.6291352E-7
3.230393E-6
1.4718138E-6
6.1082847E-6
2.8410477E-6
7.551723E-6
3.568481E-6
7.8861E-6
4.257577E-6
5.147558E-6
4.705959E-7
6.5296686E-6
1.7427163E-6
3.84631E-6
-7.314336E-7
2.7081904E-7
-4.711932E-6
-2.597472E-6
-3.622608E-6
1.1991145E-6
2.8688203E-7
-4.3221926E-6
-2.7593203E-6
3.5659177E-6
7.083658E-7
-1.96449E-6
1.1769176E-7
-5.314272E-6
2.9215091E-6
4.574636E-6
6.9145913E-6
4.2905667E-6
1.5722311E-5
8.0157515E-6
4.807038E-6
4.8184343E-6
6.4367296E-6
1.0414096E-5
1.0385121E-5
6.430731E-6
1.0942589E-5
6.2069716E-6
8.738623E-7
5.552217E-6
-9.608443E-7
2.9968983E-6
-3.999988E-6
1.843652E-6
5.500319E-6
7.4644013E-6
-6.0375664E-6
3.5322923E-6
-1.1281438E-5
1.1496457E-5
1.18933E-6
5.1194115E-6
-1.6998836E-6
1.2708442E-5
7.558829E-7
5.044578E-6
-8.122241E-6
-6.60637E-7
-7.3974106E-6
-7.831615E-6
-6.8653076E-6
-1.5545168E-6
-2.469414E-7
-3.9842275E-6
-9.360526E-6
-1.0377318E-5
-9.6839585E-6
-8.648816E-6
-5.430488E-6
-6.4854357E-6
-1.5226594E-5
-1.1132675E-5
-1.9883814E-6
-1.7877634E-6
-9.0719E-6
3.1866866E-6
7.942762E-6
1.0476445E-5
6.282382E-6
2.7142596E-6
1.3203209E-5
1.0543609E-5
4.476013E-6
8.748152E-6
1.1000395E-5
1.1755E-5
3.4957368E-6
3.0512062E-6
-3.6259098E-6
2.6587134E-6
-1.4423876E-5
1.5708761E-6
-6.361749E-6
-1.1864296E-7
-1.7088701E-5
-8.290108E-6
-2.921712E-5
-2.6601427E-5
-2.5336818E-5
-8.0512555E-6
-1.4294174E-5
-1.5242444E-5
-2.4177302E-6
-1.2259969E-5
-1.1507799E-5
6.6850976E-7
-1.19004376E-7
-9.903738E-6
-1.4700174E-5
6.100362E-6
8.998541E-6
3.6015206E-6
1.6296077E-5
1.5715658E-6
4.987467E-6
-1.0032257E-6
7.951177E-6
3.6242127E-6
-4.8317503E-7
6.373316E-7
-1.960804E-6
-1.4364872E-6
-1.0354251E-5
-6.9221383E-6
-4.656831E-6
-7.683582E-6
-3.9855413E-6
-1.5918222E-5
-5.972577E-6
-1.2054487E-5
-1.3844082E-5
-1.5971487E-5
-1.6191267E-5
-7.995912E-6
2.6431937E-6
1.1007459E-5
5.898474E-6
7.5210984E-8
-6.9587177E-6
9.828621E-6
-2.0897235E-6
1.5047128E-5
-7.412702E-7
1.1695516E-5
7.5527946E-6
1.195463E-5
1.7693439E-5
-3.8145072E-6
1.6068752E-5
1.4470329E-6
-2.1357594E-6
-8.660313E-6
1.2578152E-5
-1.9546578E-6
5.0723606E-6
-4.321963E-6
1.6193128E-6
-9.42413E-6
4.505369E-6
-1.2775046E-5
8.455562E-6
-8.937387E-6
1.759514E-6
-1.4586338E-5
2.3389634E-6
-9.486147E-6
2.8114437E-6
-4.655991E-6
-3.0776496E-6
-1.8382978E-5
-6.2152158E-6
-1.6359658E-5
-3.8909798E-6
-1.5108367E-5
-2.3446168E-5
-9.901166E-6
-1.2047751E-5
-8.7582885E-6
-5.8885357E-6
-1.7442431E-5
-1.645105E-5
-1.0894364E-5
-3.1158906E-6
-2.9202985E-7
7.3724955E-6
-1.2237931E-5
-5.193042E-6
2.4576664E-6
1.0586664E-5
-1.4535107E-6
1.8427876E-5
1.254885E-5
3.3093602E-6
1.4006963E-6
1.077893E-5
-3.3042393E-6
8.1013495E-6
2.9515209E-6
2.1121317E-5
-1.5786081E-5
1.3012453E-5
-1.9834366E-5
1.10173605E-5
-3.9644002E-7
-4.301896E-6
-3.2703192E-5
-5.680697E-6
-2.9853027E-5
3.7457062E-7
-1.9432175E-5
8.3157E-6
-1.2592322E-5
-6.8052013E-6
2.4107464E-6
-9.640463E-6
-2.9797974E-7
5.860323E-6
1.0415366E-7
1.8987066E-5
1.1683806E-5
1.1921423E-5
1.696814E-5
1.5561001E-5
1.076861E-5
1.3274853E-5
2.991364E-5
6.9885928E-6
2.4662688E-5
2.3372446E-5
4.5222005E-6
1.1592422E-5
1.920693E-5
2.500288E-5
2.5337672E-6
1.4694343E-5
-6.6379953E-6
1.0195061E-5
-2.2212453E-5
1.5617174E-5
-5.340823E-6
5.3666236E-6
-3.633398E-5
1.0425321E-5
-8.295658E-6
9.707154E-6
-2.0485675E-5
4.8929664E-6
-3.865328E-6
2.2893897E-5
1.3770854E-5
1.4878424E-5
1.6253844E-6
1.4191846E-5
-1.1424711E-5
6.2322033E-6
1.0790912E-5
1.2365002E-5
2.2601951E-5
1.1542161E-5
1.1886985E-5
-5.3978755E-7
-1.296057E-5
1.1997169E-5
1.4065433E-5
-3.2526502E-6
1.5255485E-5
-1.1118211E-5
1.0402507E-5
-1.1556709E-6
-4.0946258E-8
1.4800225E-5
-1.9162085E-6
2.2638695E-5
-2.9009245E-6
2.2894685E-5
-2.3536595E-6
1.4316169E-5
-1.0870867E-6
-2.9031291E-6
1.9122291E-7
4.2529146E-6
-1.00751895E-5
-1.7143167E-5
-3.2040298E-5
4.2515935E-6
-3.0196225E-5
-1.1641788E-5
-2.37597E-5
8.625497E-6
-3.60552E-5
1.39319945E-5
-2.1684764E-5
1.7104852E-5
-1.1346216E-5
-6.7756673E-6
1.0472609E-5
8.686435E-6
-7.239117E-6
-5.283283E-6
1.2324024E-5
4.3528394E-6
2.2241997E-5
-5.4057828E-6
7.879185E-6
5.614319E-6
3.9449013E-5
-1.9104496E-5
-1.7140857E-5
-3.5912468E-5
-2.8317993E-7
-1.6092137E-5
-2.194966E-5
-1.6021622E-5
-3.76724E-6
2.4295425E-6
-1.3700624E-5
-4.523158E-5
-1.5569452E-5
-4.5931356E-5
-3.6915724E-5
-2.4219738E-5
-2.3372484E-5
2.2689937E-6
-1.36158915E-5
2.3231098E-5
-1.0803365E-5
1.8815072E-5
-1.0814119E-5
1.1052791E-5
3.131236E-6
6.951338E-7
8.018005E-6
1.0792067E-5
-1.1024622E-5
9.510817E-6
-2.3522723E-5
4.4022413E-6
-2.7683785E-5
1.9898349E-5
2.4517796E-5
-4.6769787E-6
-2.6139787E-6
-2.8611448E-5
-1.7945935E-5
-2.3942572E-5
-9.40927E-6
-1.989652E-6
2.1434053E-5
-1.5696516E-5
1.8161449E-5
-3.7376914E-5
-9.282528E-6
-2.8605198E-5
2.443014E-5
-8.8656E-6
1.7788516E-5
1.0167254E-5
3.7236743E-5
-1.1051026E-6
-1.165132E-5
-1.7746663E-5
-1.9251049E-5
-3.7764717E-6
-9.680364E-6
1.2330066E-5
1.4075665E-5
-2.5718937E-6
-2.8353395E-5
-3.9082348E-5
-2.4040051E-5
1.1361053E-5
-9.453167E-6
-3.7084462E-6
-1.058354E-5
1.7543087E-5
-2.5311578E-5
5.533182E-6
-3.515527E-5
-1.137947E-5
-2.2534809E-5
-1.3671153E-5
1.9624695E-5
1.6399306E-5
1.3454916E-5
-3.7269886E-6
3.4524353E-5
1.1634414E-5
1.3473612E-5
8.515931E-6
1.513387E-5
9.035706E-6
2.2179853E-5
-1.7372706E-5
-3.2966963E-7
-2.3937024E-5
1.6214482E-5
-8.7206745E-6
7.853972E-6
-2.5816738E-5
-2.3622684E-5
-3.266603E-5
-4.930412E-6
-2.4047687E-5
9.519674E-6
-1.9134659E-5
-2.7750595E-5
-2.1113003E-5
-3.1813444E-5
-1.9093242E-5
-6.412035E-5
-2.6316988E-5
-5.0450384E-5
-1.5235193E-5
-3.4685992E-5
-1.262213E-5
-1.2402281E-5
5.4306147E-5
1.6801489E-5
4.7817307E-6
5.7256943E-6
2.0037576E-5
-6.5869244E-6
2.9881287E-5
-7.3283436E-6
2.6555743E-5
7.257524E-6
4.5323664E-5
3.1878117E-5
6.840586E-5
2.4661575E-5
2.4834023E-7
4.330909E-6
2.7402302E-5
3.928866E-5
-2.0932819E-6
3.5561054E-5
2.2929953E-5
-3.5201508E-6
1.964545E-5
5.586421E-5
-4.5206507E-5
7.2803646E-6
-5.009804E-5
2.4743584E-5
1.1941633E-5
-3.9672605E-7
-7.791919E-6
2.1415013E-5
-4.572408E-6
1.6318332E-5
1.4165202E-5
1.9396171E-5
1.6996515E-5
-2.35632E-6
1.4805158E-5
1.7054057E-5
3.7955746E-5
-1.8405275E-6
-5.7169445E-6
-7.841041E-6
3.2298336E-5
1.2597185E-5
1.5486969E-5
-2.8833647E-5
5.469865E-5
2.8108805E-6
1.1587647E-5
1.080999E-5
2.5359417E-5
6.4364212E-6
3.262958E-5
2.5767433E-5
-1.8137147E-5
-3.6088355E-7
-4.3965438E-6
2.9598634E-5
-4.3015257E-7
7.758983E-6
-4.413861E-5
-5.0771187E-6
-2.3465771E-5
-2.1145584E-5
-1.1440382E-5
3.904142E-5
-2.1410377E-5
2.5256373E-5
-4.0741193E-6
-3.3874873E-8
-2.5816395E-5
2.448629E-6
-1.2867463E-5
2.2595614E-6
-2.1411692E-5
-4.7887443E-5
7.3732062E-6
-1.3556177E-5
-3.4865876E-5
-4.4477674E-5
-2.1984115E-5
-4.0216717E-5
-5.1061757E-5
-3.0844363E-5
-4.095355E-5
-3.1433337E-6
-8.474236E-5
-4.8780104E-5
-8.853E-5
-9.6567965E-6
-6.964034E-5
3.2807645E-6
-1.09481414E-4
2.7073236E-6
-1.11010115E-4
4.989803E-5
-1.6196264E-4
1.3843918E-4
-1.18119206E-4
2.5212453E-4
2.547085E-4
-0.0026806118
0.003579566
-2.6303643E-4
-9.0662454E-4
-9.818589E-4
4.0926758E-4
-3.420489E-4
1.8083956E-4
1.348417E-4
8.455955E-4
9.6529594E-4
-1.4773586E-4
-6.5244094E-4
-0.0014307111
-0.0012584075
-8.905239E-4
2.2166697E-4
0.0012479671
0.0018695965
0.0010140616
4.3204502E-4
-2.477514E-4
-7.578482E-4
-0.0010955341
-8.1172725E-4
-4.2227213E-4
8.973369E-6
-8.0472004E-5
6.6819953E-6
-4.2582804E-4
-1.066205E-4
-1.7383874E-5
4.429702E-4
1.15860275E-4
4.5760782E-4
2.8838337E-4
1.7544041E-4
1.3755336E-4
3.468705E-4
2.1732844E-4
4.697112E-4
8.897789E-5
-1.2133274E-4
-1.7417595E-4
-1.6312314E-4
-9.224783E-6
-0.0017866354
0.0012548072
7.1347103E-4
-0.0016333228
-1.8278463E-4
-6.274721E-4
1.4615741E-4
1.6199048E-4
4.2268002E-4
-3.64684E-4
1.0421142E-4
-4.2432954E-4
-1.09998015E-4
-8.637024E-4
-6.303671E-5
4.6841396E-4
0.0012455861
8.490337E-4
0.0010819108
5.042807E-4
1.9632923E-4
-6.930569E-4
-2.1627758E-4
-6.054105E-4
8.303846E-6
-1.0097199E-4
4.528244E-4
-7.9833284E-5
2.8212758E-4
-8.837692E-6
4.6638155E-4
-4.9901733E-5
3.2800803E-4
-2.1140903E-4
1.2783792E-4
-3.687316E-4
2.1580778E-5
-2.3169008E-4
3.704711E-4
-2.9869526E-4
-7.0597016E-5
-7.0525974E-4
-3.8131402E-4
-7.9268485E-4
-1.6909731E-4
-3.429499E-4
2.7421236E-4
-7.5968266E-5
3.4988334E-4
-2.4805084E-4
1.0214376E-4
-3.2946386E-4
1.5833238E-4
-1.09319015E-4
4.2558412E-4
1.4575374E-4
5.828858E-4
-3.6890895E-5
4.070042E-4
-4.77293E-6
3.052231E-4
8.4857886E-5
5.517597E-4
2.2414078E-4
5.132925E-4
1.0103619E-4
2.0126796E-4
-1.5708029E-4
-1.3402298E-5
-2.0766545E-4
4.8301636E-6
-1.5599119E-4
2.0321115E-4
-7.530591E-5
7.194931E-5
-1.590429E-4
-1.0985028E-4
-3.941096E-4
-2.0525852E-4
-3.5714105E-4
-5.6024935E-5
-1.827993E-4
1.5614844E-4
-1.02794766E-4
-5.732613E-5
-2.6307287E-4
-1.0850278E-4
-2.6803018E-4
1.5208493E-5
3.1615862E-5
1.9919689E-4
1.2570425E-4
1.7400271E-4
-3.358952E-5
-4.5300687E-5
-8.208522E-5
9.151018E-5
1.4318219E-4
2.1872914E-4
2.0334113E-4
1.0573532E-4
-2.0337194E-7
-9.352345E-5
-5.720207E-5
-7.976844E-5
2.6463793E-5
1.5835576E-4
1.730883E-4
8.5535095E-5
6.878829E-5
-1.221017E-4
-7.191335E-5
-1.3417353E-4
9.912533E-5
2.0461304E-5
1.4970929E-4
1.53738E-6
1.248999E-4
-7.858715E-5
-5.608255E-5
-1.4608832E-4
-9.064677E-6
-1.6201432E-4
-5.2923402E-5
-6.586165E-5
-2.191164E-5
-2.2321907E-4
-1.0585473E-4
-1.2749812E-4
-2.8936276E-5
-1.940213E-4
1.4487323E-5
-6.7820045E-5
-1.9683569E-6
-2.857793E-5
2.1115877E-5
5.0970848E-5
-3.556187E-5
-5.6227716E-5
-8.589581E-6
-1.269048E-4
-1.3232294E-4
-1.0475623E-4
-1.02779166E-4
-1.846988E-4
-7.383581E-5
-3.8114154E-5
-5.9990616E-5
-1.3038958E-4
-8.1405546E-5
-6.098506E-5
-7.277415E-6
-8.61935E-5
8.5292755E-5
8.172948E-5
1.4997965E-4
2.3581737E-5
9.193757E-5
5.9118018E-5
8.057685E-5
9.78571E-5
1.0260276E-4
1.256459E-4
-4.0928997E-5
-2.9423902E-6
-6.754513E-5
-4.9698912E-5
-8.8408255E-5
5.403627E-5
3.2455195E-5
1.3083451E-4
-9.460557E-6
5.9912625E-5
-1.988702E-5
1.08155524E-4
3.249747E-5
1.6291237E-4
7.669285E-5
2.3639319E-4
1.6142352E-4
1.3527513E-4
-4.487882E-7
5.4521053E-5
-5.725246E-5
-1.5047793E-5
-7.3611795E-5
-2.835633E-5
-4.1476037E-6
-2.451735E-5
7.4215886E-6
-3.1938143E-5
8.50397E-5
6.9836984E-5
4.9473776E-5
3.073186E-5
1.0109491E-4
9.090784E-5
1.352579E-4
1.3644146E-4
2.080457E-4
9.503236E-5
1.4182004E-4
9.418691E-6
5.570562E-5
-1.01359044E-4
5.193839E-6
-5.714247E-5
3.5887017E-6
-5.9750382E-5
-6.7710884E-5
-1.8296594E-5
-6.638066E-5
2.6469297E-5
8.951019E-6
-1.30489E-5
4.968041E-5
1.4507378E-5
-3.3736E-5
-3.9862436E-5
1.5170443E-5
-1.33725E-4
1.4083072E-5
-1.6460211E-4
-5.1472115E-4
3.9005524E-4
-5.2081836E-5
-2.4207357E-4
-3.752417E-4
-2.8989709E-4
-1.4700081E-4
-6.437116E-6
-1.409717E-4
-3.799488E-5
-1.3757036E-4
-1.4844102E-4
-7.174319E-5
-6.594067E-5
-1.0482174E-4
6.9082753E-6
2.1841086E-5
-7.098809E-5
1.4356773E-4
2.3864914E-4
8.744929E-5
4.871774E-5
-4.4034292E-5
-3.0157878E-5
-2.7631753E-4
-4.200132E-4
-2.9017893E-4
1.4552611E-4
1.6158159E-4
1.3557807E-4
-4.0272227E-4
3.506087E-4
5.4598216E-4
1.150975E-5
-1.8090033E-4
-3.9042512E-4
-1.1074667E-4
-3.811823E-4
-7.841736E-5
-3.1513517E-4
-3.3756526E-4
-4.0961194E-4
-3.0946633E-4
-3.0689963E-4
-2.1996368E-4
-4.2690448E-5
-6.0242933E-6
-6.439641E-5
4.045025E-5
8.367397E-5
1.3702977E-4
-1.0036264E-4
-2.4063507E-4
-1.4462811E-4
-1.4332694E-4
-4.4428097E-4
-2.6990325E-4
-3.635458E-4
2.9459596E-4
1.5812989E-4
7.389984E-5
-1.8743044E-4
-4.2731874E-5
4.4200326E-5
-4.571204E-6
-7.155772E-5
6.350949E-5
2.094435E-4
1.5412677E-4
2.3161125E-4
2.2567777E-4
2.3258977E-4
3.177835E-4
4.6037525E-4
5.182359E-4
5.4253463E-4
4.960662E-4
5.458199E-4
4.1371954E-4
4.6535095E-4
2.0578748E-4
2.5506396E-4
1.5782479E-4
8.2067396E-5
3.77039E-5
-2.054475E-6
-8.772366E-5
-1.362389E-4
-1.44374E-4
-4.6733447E-5
-2.2308913E-4
-1.0678868E-4
-1.8545182E-4
-1.6032037E-4
-2.3574852E-4
-1.8793783E-4
-6.565349E-5
-1.1957133E-4
6.950581E-5
-1.3802549E-5
1.9110719E-4
1.9094972E-5
1.4863862E-4
-7.116167E-5
1.8444519E-4
3.9548588E-5
1.9586585E-4
2.7635138E-5
2.1174294E-4
1.1856623E-4
1.9258317E-4
6.191856E-5
1.4858652E-4
5.821029E-5
1.3276485E-4
1.5188695E-4
1.3630094E-4
1.4003218E-4
4.526141E-5
-1.1738627E-5
-8.240283E-5
-5.8683912E-5
-1.4268912E-4
-1.4190735E-4
-1.8156518E-4
-2.1249114E-5
-1.852984E-4
-1.4358158E-4
-3.201702E-4
-1.3610239E-4
-3.2204355E-4
-2.3501905E-4
-2.9126226E-4
-2.016689E-4
-3.0705574E-4
-2.0167707E-4
-2.9398894E-4
-2.0387305E-4
-2.0875939E-4
-1.6862465E-4
-9.9845274E-5
-6.962826E-5
2.3781868E-5
-1.5775017E-4
-7.897006E-5
-1.2633276E-4
-7.178784E-5
-1.0423344E-4
1.0053898E-4
-8.592515E-6
1.8272389E-4
9.304129E-5
1.1527611E-4
-6.3496256E-5
6.204176E-5
9.529423E-5
1.646515E-4
4.3088126E-5
1.585607E-4
9.984805E-5
1.4627188E-4
-1.2338338E-5
8.9652145E-5
1.9062467E-5
7.1132985E-5
-3.3553606E-5
7.57215E-5
-7.97727E-6
-6.7454064E-5
-7.16732E-5
-1.2666036E-4
-1.2738649E-4
-2.0293983E-4
-2.0496437E-4
-2.7849973E-4
-2.5133818E-4
-2.9932297E-4
-3.5463387E-4
-3.6430298E-4
-3.9519492E-4
-3.3380772E-4
-2.80862E-4
-4.1051346E-4
-3.8621767E-4
-2.6810818E-4
-3.8810642E-4
-4.586102E-4
-3.5523175E-4
-2.1598952E-4
-2.6662037E-4
-1.4362512E-4
-1.5610935E-4
-5.5074546E-5
-5.7880807E-5
2.8316595E-5
-3.9297433E-5
1.3859935E-4
3.0159023E-5
1.7743064E-4
1.465449E-4
3.5661E-4
1.2645496E-4
2.2380195E-4
1.3261625E-4
2.6063545E-4
2.2987169E-4
2.7972818E-4
2.3952339E-4
2.0766613E-4
2.9991634E-4
2.0059837E-4
2.0328176E-4
2.0723365E-4
2.5079463E-4
8.547444E-5
7.90132E-5
1.4254975E-4
9.401132E-5
4.3046923E-5
6.2400104E-5
3.2727872E-5
4.3978736E-5
-2.0543404E-5
-4.101267E-5
1.1215053E-4
-3.0876035E-5
-5.568694E-5
4.3600674E-5
9.557216E-5
-4.74191E-5
5.63298E-5
-3.0021474E-5
7.6355595E-5
3.0659638E-5
6.8793444E-5
3.885519E-6
3.1876032E-5
1.0230192E-4
2.0200708E-4
8.269089E-5
-8.8594425E-6
1.1993715E-5
1.1554595E-4
8.624324E-5
2.0607036E-4
2.7019597E-4
2.5804105E-4
2.448163E-4
2.2280074E-4
2.4628005E-4
1.4262264E-4
2.3658152E-4
2.386827E-4
1.672592E-4
1.08966255E-4
1.7740716E-4
8.162761E-5
1.66107E-4
1.5209167E-4
1.9806632E-4
5.7351903E-5
-6.637714E-6
1.0876221E-5
8.14603E-5
-1.9776928E-5
-3.9636616E-5
-2.4285959E-5
6.2393614E-5
7.053044E-5
9.149248E-5
1.08476794E-4
1.3623878E-4
9.593606E-5
1.5832637E-4
1.7096101E-4
1.5935993E-4
1.6230416E-4
1.3679091E-4
2.7982122E-4
1.3457975E-4
2.2018582E-4
3.0163303E-4
3.4277103E-4
3.208922E-4
4.307891E-4
2.97977E-4
3.4029773E-4
2.6737168E-4
2.1458245E-4
3.0482965E-4
2.6684455E-4
1.5535191E-4
1.1159734E-4
1.1279461E-4
1.3434732E-5
8.576732E-5
-7.7513694E-5
-4.801605E-5
-3.2358232E-4
-1.7664056E-4
-3.172888E-4
-2.3620547E-4
-3.0591112E-4
-2.9427826E-4
-4.1888264E-4
-3.9178407E-4
-2.9825358E-4
-3.4821007E-4
-5.145914E-4
-4.569001E-4
-4.78974E-4
-4.0766623E-4
-4.1123308E-4
-5.8622914E-4
-3.987409E-4
-4.2422427E-4
-2.941809E-4
-2.7062575E-4
-3.5203065E-4
-3.8331223E-4
-6.7379595E-5
-1.4022384E-4
-7.3581745E-5
-1.4486248E-4
-5.443623E-5
-7.917232E-5
1.2119199E-4
2.913491E-6
4.4432145E-5
3.7956655E-5
7.083803E-5
3.9614783E-6
3.053703E-5
1.0577449E-5
-1.8894529E-5
1.3330198E-4
2.5559622E-5
5.7610257E-5
5.8873985E-7
-2.5777948E-5
-8.200703E-5
-7.14922E-5
-1.7447287E-4
-1.1728895E-4
-2.1200985E-4
-1.7034818E-4
-2.0961912E-4
-2.4598208E-4
-3.2866356E-4
-2.6100784E-4
-3.6084864E-4
-3.806653E-4
-2.4392352E-4
-2.5338636E-4
-2.9150638E-4
-2.313569E-4
-3.512556E-4
-4.1705836E-4
-3.0526094E-4
-4.2714053E-4
-3.9438586E-4
-4.1782483E-4
-2.233012E-4
-3.3190512E-4
-2.5361302E-4
-3.4313204E-4
-2.1956212E-4
-1.7550621E-4
-4.4024582E-5
-2.0583326E-4
-2.5329418E-5
-2.5529525E-4
-1.8905637E-4
-1.443143E-4
-2.8846867E-4
-2.612772E-4
-2.5493908E-4
-2.0779212E-4
-1.2214933E-4
-1.2374477E-4
-1.0753784E-4
-1.4273408E-4
-2.3009947E-4
-1.8649818E-4
-2.3437898E-4
-2.0139222E-4
-2.1812596E-4
-1.8612802E-4
-1.9518063E-4
-3.538934E-4
-3.1245043E-4
-2.0151061E-4
-2.4379452E-4
-2.4840457E-4
-1.7980902E-4
-6.075968E-5
-1.3954127E-4
-3.0353133E-4
-1.4369732E-5
-1.0390378E-4
-1.2498822E-5
-8.6628475E-5
5.2491563E-5
1.4591333E-4
1.7220968E-4
5.181961E-5
1.2693675E-4
1.78616E-5
2.1167877E-4
1.2349899E-4
3.148515E-4
1.271144E-4
1.01819285E-4
2.4458548E-4
3.6851008E-4
1.898756E-4
1.659221E-4
2.9102855E-4
1.5736913E-4
1.21178746E-4
4.0226468E-4
1.8694287E-4
1.0805482E-4
9.4081704E-5
1.612478E-4
1.2936877E-4
-3.7187467E-5
5.092377E-5
-8.550912E-5
-4.0237363E-5
-1.6100264E-4
-4.456283E-5
-5.4907036E-5
-3.0323075E-5
-1.5657625E-4
-1.1615228E-4
-2.8313955E-4
-1.8737323E-4
-1.7764363E-4
-1.6404949E-4
-6.7490786E-5
1.2265421E-4
-8.5033535E-5
-3.153271E-4
-2.9186773E-4
-2.1455261E-4
-1.7276376E-4
-2.6727852E-4
-1.3173862E-4
-1.0712135E-4
-2.9123044E-5
-1.7084052E-4
-7.717648E-6
-1.8347496E-4
-4.5070607E-5
3.9758695E-5
2.2138299E-4
1.5330137E-4
2.44774E-4
1.5663246E-4
1.7554012E-4
2.4565597E-4
1.97878E-4
3.3582665E-4
5.014009E-4
5.168448E-4
4.6565614E-4
3.7151307E-4
3.291531E-4
4.3365266E-4
3.0291572E-4
4.4982805E-4
4.672971E-4
4.5647038E-4
3.9700064E-4
3.4141616E-4
2.5232445E-4
3.3456174E-4
2.229931E-4
2.1995754E-4
2.3615905E-4
2.4290544E-4
1.9329152E-4
1.9877027E-4
1.4330314E-4
-4.6565496E-5
1.8891089E-5
-8.2671846E-5
-2.9224193E-6
3.6700752E-5
5.6993147E-5
-8.840292E-6
-2.9334227E-5
-6.5145054E-5
-9.4084775E-5
-3.3183285E-5
-9.038535E-5
-9.335498E-5
2.1759939E-5
3.4417E-5
-4.8677964E-7
-6.20976E-5
-9.562986E-6
-1.54113E-4
-4.8954273E-5
-1.11854446E-4
2.5462185E-4
2.074501E-4
1.2452916E-4
1.9515599E-5
3.6997793E-5
1.02456564E-4
1.2876876E-4
2.0020551E-4
2.4129711E-4
4.6846396E-4
3.9238436E-4
2.899708E-4
1.5491048E-4
1.8469722E-4
2.2435532E-4
2.5453256E-4
3.2662295E-4
3.9748603E-4
4.7308547E-4
4.2721772E-4
1.8296743E-4
1.4641935E-4
1.09025925E-4
2.5301494E-4
2.0641906E-4
1.8613174E-4
3.650012E-4
2.6867274E-4
9.495498E-5
2.0822848E-5
1.7491869E-4
8.979919E-5
2.858568E-4
1.974602E-4
3.7344554E-4
2.0824549E-4
2.4672903E-4
6.987836E-5
1.0165525E-4
-5.0931038E-5
8.303E-5
1.5530281E-4
1.673327E-4
6.230469E-5
2.1527089E-4
7.645248E-5
-2.5679823E-5
-9.9927514E-5
-1.0806744E-4
-4.2736694E-5
-1.907794E-6
-6.320338E-5
-9.439931E-5
-6.3681655E-5
-1.3370039E-4
-8.2969826E-5
-1.1263232E-4
-1.3021305E-4
-2.3080823E-4
-1.7850116E-4
-3.322524E-4
-2.9316993E-4
-3.446351E-4
-3.3425144E-4
-3.293849E-4
-4.3622448E-4
-3.569837E-4
-4.5479118E-4
-4.5521735E-4
-3.898195E-4
-3.2416137E-4
-3.6890426E-4
-2.6955066E-4
-4.966262E-4
-1.9408205E-4
-4.0343212E-4
-2.0160858E-4
-3.391982E-4
-2.71779E-4
-2.1864437E-4
-1.326111E-4
-2.9071723E-4
-7.138959E-5
-1.5130063E-4
4.786556E-5
6.587279E-5
1.8276303E-4
1.1572489E-4
2.8838364E-5
1.4357571E-4
2.4097148E-4
2.6644938E-4
3.36371E-4
3.2321116E-4
3.603476E-4
2.680428E-4
2.5241848E-4
1.7470367E-4
-8.390117E-6
1.2964537E-4
1.894345E-4
1.6590014E-4
3.0979973E-5
2.4721903E-5
-6.064465E-5
-2.2388154E-4
-1.17081254E-4
-2.8831794E-4
-3.2225304E-4
-3.001801E-4
-2.5802528E-4
-4.8032703E-4
-3.400981E-4
-5.375058E-4
-3.3780918E-4
-5.109757E-4
-4.43205E-4
-5.008177E-4
-4.127407E-4
-5.9644965E-4
-5.1119336E-4
-6.396263E-4
-5.776177E-4
-6.2655547E-4
-5.158893E-4
-5.872411E-4
-5.2320794E-4
-5.14826E-4
-3.7153455E-4
-5.197652E-4
-3.8405412E-4
-4.4800324E-4
-3.1549207E-4
-3.2490303E-4
-2.6784008E-4
-1.5273692E-4
-1.8275967E-4
-7.412708E-5
-1.27223475E-5
3.6698744E-5
-2.001314E-5
-1.7788307E-5
5.506652E-5
8.2691964E-5
1.07162894E-4
1.5875128E-4
1.4648255E-4
5.9880196E-5
1.9064591E-4
8.036525E-5
1.4243428E-4
4.009143E-5
-8.431764E-5
-2.7315096E-5
2.3537139E-5
-2.3385048E-5
-4.543285E-5
-7.637121E-5
5.243768E-5
-1.8831997E-4
-8.131886E-5
-2.2802639E-4
-1.1833709E-4
-3.2001545E-4
-2.2749133E-4
-2.5029542E-4
-7.399859E-5
-2.9229422E-4
-1.5136611E-4
-2.755348E-4
-2.9099247E-4
-3.519105E-4
-3.2469837E-4
-3.5854414E-4
-3.6394043E-4
-3.7878257E-4
-2.7797042E-4
-2.519993E-4
-3.0920567E-4
-3.323298E-4
-3.8582436E-4
-3.8016526E-4
-3.4216951E-4
-4.452622E-4
-4.648704E-4
-4.50573E-4
-4.4485225E-4
-4.6332116E-4
-4.6195078E-4
-3.5591758E-4
-4.066977E-4
-4.2259876E-4
-4.4609857E-4
-2.9215898E-4
-3.804827E-4
-3.1954367E-4
-2.6551695E-4
-2.785339E-4
-1.8481692E-4
-2.5465887E-4
-9.827958E-5
-2.02717E-4
-4.2252123E-5
-7.801903E-5
2.3668872E-5
-7.1860435E-5
7.717189E-5
-1.5673714E-6
2.0579252E-4
1.6592084E-4
2.3043151E-4
2.1644843E-4
3.9426424E-4
3.1629292E-4
3.9480688E-4
4.9651857E-4
5.351721E-4
5.3982507E-4
6.08435E-4
5.9403304E-4
6.039733E-4
5.620455E-4
5.4984196E-4
6.009663E-4
5.609439E-4
6.591842E-4
5.677324E-4
6.2741176E-4
5.822952E-4
5.8858626E-4
3.8944147E-4
4.899545E-4
3.9921256E-4
3.1590636E-4
2.7160443E-4
3.000172E-4
1.3566355E-4
8.5855565E-5
2.0667201E-5
2.2335819E-6
2.1174255E-5
-1.8930576E-4
-1.7139774E-4
-7.673561E-5
-1.5492117E-4
-2.1827576E-4
-1.9915025E-4
-1.9508645E-4
-1.8866635E-4
-2.3305436E-4
-1.3877176E-4
-2.4547745E-4
-1.898225E-4
-2.353869E-4
-1.0392897E-4
-1.4312039E-4
3.0494448E-6
-1.4030393E-5
-3.577257E-5
-1.7360755E-5
7.416648E-5
5.5337747E-5
1.9444678E-4
2.232921E-4
2.7704902E-4
3.3551306E-4
3.536531E-4
5.0635176E-4
4.4619478E-4
4.4555942E-4
4.3428288E-4
6.123018E-4
6.021049E-4
6.5886386E-4
6.182394E-4
6.7903806E-4
6.3044025E-4
7.529948E-4
7.042996E-4
6.987566E-4
5.847829E-4
7.0652907E-4
7.098125E-4
5.961984E-4
6.715606E-4
4.784402E-4
5.235846E-4
4.7736193E-4
3.8512456E-4
3.7671885E-4
3.9550645E-4
2.760508E-4
3.7077285E-4
1.8380772E-4
1.4084896E-4
4.881041E-5
1.375524E-4
-7.797184E-6
3.0308758E-5
-7.4840704E-5
-9.766675E-5
-4.2249994E-5
-5.4545606E-5
-8.039482E-5
-1.5873316E-4
-2.702867E-4
-1.5880476E-4
-1.8297376E-4
-2.3908219E-4
-2.2784235E-4
-1.303297E-4
-8.411587E-5
-9.717723E-5
-1.1062875E-4
-1.9052728E-4
-2.9368848E-5
-1.6034719E-4
-5.7009467E-5
-1.4672134E-4
-1.0984757E-4
-1.787991E-4
-1.0645055E-4
-2.4083875E-4
-5.295392E-5
-7.857175E-5
3.9141927E-5
7.2387695E-5
8.789987E-5
1.390938E-4
1.6865703E-4
2.477249E-4
6.382523E-5
1.1953293E-4
2.0302861E-4
2.6450297E-4
2.6417492E-4
4.568156E-4
2.4076115E-4
3.3672035E-4
1.9345841E-4
4.0106743E-4
2.608576E-4
2.2295296E-4
2.4642033E-4
3.0892598E-4
1.978896E-4
3.04118E-4
5.965664E-5
1.5353525E-4
6.0619135E-5
1.9593006E-4
1.5185903E-4
3.7518766E-5
1.429983E-4
2.3733735E-5
-4.822349E-5
-6.0413313E-5
-3.7699338E-5
-1.4031304E-4
-6.725284E-5
-2.177552E-4
-2.2261639E-4
-2.0466663E-4
-2.7622137E-4
-3.5727376E-4
-2.7277306E-4
-4.1435056E-4
-4.0022153E-4
-4.0870352E-4
-2.8287547E-4
-3.565027E-4
-4.2510979E-4
-3.1535488E-4
-3.7811373E-4
-3.1453042E-4
-3.8847703E-4
-3.1360806E-4
-3.75486E-4
-3.2393876E-4
-3.9631437E-4
-2.4371724E-4
-2.8627302E-4
-2.8707998E-4
-3.5675493E-4
-2.1849295E-4
-1.9469639E-4
-2.426616E-4
-3.3805452E-4
-1.9548631E-4
-1.7228161E-4
-1.58867E-5
-1.4314217E-4
-1.8922758E-4
-9.6752585E-5
-1.957152E-4
1.5594747E-5
3.5077475E-5
-3.8001992E-5
-1.4281581E-5
6.560489E-5
8.0257094E-5
1.3497724E-4
-1.004205E-6
1.4773347E-4
1.5073818E-4
1.9942499E-4
1.1430502E-4
1.7132713E-4
2.0048523E-4
2.1642177E-4
1.2785828E-4
2.5209837E-4
2.4544512E-4
3.2162003E-4
2.8902452E-4
2.8054137E-4
1.8782896E-4
2.1111754E-4
1.9070311E-4
7.1092705E-5
7.495753E-5
8.187692E-5
1.03867365E-4
-8.9962905E-6
-9.844698E-7
-6.8928915E-5
5.2778796E-5
-9.679504E-5
-1.6502403E-4
-2.3043019E-4
-2.4765203E-4
-3.8152334E-4
-3.0124464E-4
-3.338044E-4
-2.4652138E-4
-3.6188704E-4
-2.7023393E-4
-3.436292E-4
-3.7512288E-4
-2.9928057E-4
-3.9175493E-4
-2.6684735E-4
-3.3267244E-4
-4.3252937E-4
-4.9987953E-4
-2.9707898E-4
-4.8000415E-4
-4.0576994E-4
-5.136563E-4
-2.4496557E-4
-4.6767585E-4
-2.533182E-4
-3.3061192E-4
-2.1225956E-4
-2.371206E-4
-1.8335595E-4
-1.4577374E-4
-8.853835E-5
9.911817E-5
2.2058039E-5
4.918229E-5
1.5456832E-5
1.1874532E-4
1.17099444E-4
1.0440707E-4
1.4200763E-4
2.339779E-4
2.1949402E-4
2.5756456E-4
1.679026E-4
3.153298E-4
1.912014E-4
2.080649E-4
1.9338768E-4
1.8142625E-4
2.708468E-4
1.2755068E-4
1.4594557E-4
1.2878547E-4
9.953902E-6
4.9763144E-5
6.018899E-5
3.7418344E-5
-4.3404318E-5
-9.3747105E-5
-1.4724715E-4
-1.3189414E-4
-1.05085055E-4
-1.3202954E-4
-7.4475276E-5
-1.9527398E-4
-3.1631283E-4
-4.1077638E-4
-3.8899345E-4
-3.8684517E-4
-3.194424E-4
-4.7756886E-4
-4.0642943E-4
-4.714037E-4
-4.895109E-4
-5.0671515E-4
-3.959596E-4
-4.2828784E-4
-5.1474344E-4
-5.1290717E-4
-4.0349652E-4
-3.9062765E-4
-4.7682505E-4
-3.1356743E-4
-3.1260148E-4
-2.0828033E-4
-3.5659553E-4
-1.3808717E-4
-3.2131674E-4
-1.3007711E-5
-1.562972E-4
7.199382E-5
-9.328208E-5
-6.077842E-5
7.921409E-5
7.430505E-5
-2.7600629E-5
7.406062E-5
6.7801935E-5
1.5124872E-4
1.8436885E-4
8.69042E-5
5.3555686E-5
1.1650036E-4
7.446075E-5
1.707679E-4
1.4194443E-4
1.1534463E-4
7.602761E-6
2.7414724E-5
5.504333E-5
4.972108E-5
-3.8645216E-5
-7.35709E-5
-6.177028E-5
-5.2852283E-5
-2.1842953E-4
-2.9780695E-5
-2.0766316E-4
-2.297886E-4
-1.7989035E-4
-2.565912E-4
-1.8541669E-4
-7.9949365E-5
-1.8092904E-4
-9.177845E-5
-2.6787183E-4
-7.138291E-5
-1.441775E-4
-1.0892507E-4
-2.928449E-4
-1.58645E-4
-2.2769018E-4
-7.717186E-5
-1.8392233E-4
-1.09540466E-4
-2.3296739E-4
-8.037858E-5
-1.4381277E-4
-1.8368913E-4
-1.6390574E-4
-8.3622705E-5
-1.9898197E-4
-1.07209235E-4
-1.5089024E-4
-1.0625848E-4
-1.3449375E-4
-1.0478528E-4
-6.643374E-5
-1.35937E-4
-8.9454225E-5
-1.2115723E-4
1.5236207E-5
-1.2102151E-4
3.9485163E-5
-4.2844084E-5
-1.2256557E-4
-8.9577654E-5
-5.5499586E-6
-6.676706E-5
-3.260433E-5
-1.4501757E-5
-6.4988913E-6
-1.7558315E-5
1.05578554E-4
8.2675004E-5
3.0153773E-5
6.519064E-5
1.0420253E-4
2.1200554E-4
9.721245E-5
1.676143E-4
9.839347E-5
2.4249041E-4
1.605648E-4
2.131379E-4
2.0422206E-4
2.0566881E-4
2.3577316E-4
1.9742118E-4
2.3743421E-4
2.698034E-4
2.590126E-4
2.5857394E-4
2.407056E-4
2.3131515E-4
2.6272767E-4
1.8580486E-4
3.0179264E-4
2.909338E-4
1.8654382E-4
2.307541E-4
3.004039E-4
2.5197925E-4
2.463179E-4
4.6697005E-5
1.7513901E-4
9.921243E-5
8.159872E-5
1.3305887E-4
6.310981E-5
3.2758348E-5
5.079103E-5
5.178731E-5
4.9195784E-5
1.6992001E-6
-9.540103E-5
2.3296801E-5
-5.5304226E-5
2.7277298E-5
-3.7701236E-6
-3.2658078E-5
-8.826185E-6
-1.6182621E-5
-1.4267485E-4
3.9689817E-7
-6.7805784E-5
-5.7239017E-8
-8.293111E-5
-2.1222415E-5
-3.8238526E-5
6.622802E-5
1.1041321E-5
9.303867E-5
8.669752E-5
1.4390313E-4
1.02016464E-4
1.9688296E-4
2.2323406E-4
2.6809104E-4
1.7574556E-4
2.0049256E-4
2.8370565E-4
2.6668946E-4
3.1016202E-4
2.036155E-4
3.0113707E-4
1.9114041E-4
2.567077E-4
2.5134132E-4
2.575128E-4
1.529291E-4
1.9578142E-4
2.2084844E-4
1.6665687E-4
1.9344782E-4
1.8848196E-4
3.397025E-4
1.7652265E-4
2.0895514E-4
1.7730842E-4
1.5885678E-4
1.2532069E-4
1.6422685E-4
2.5901613E-6
1.0449527E-4
6.1530234E-5
5.4723274E-5
-7.0948336E-5
5.008071E-7
-1.3091137E-4
-6.1773215E-5
-1.9117851E-4
5.6767316E-5
-1.7522335E-4
-4.225282E-5
-1.5724235E-4
-1.2569927E-4
-2.3413527E-4
-8.628062E-5
-2.1275667E-4
-1.1632872E-4
-2.516699E-4
-1.7525927E-4
-2.9014295E-4
-2.3235957E-4
-2.2291159E-4
-3.312353E-4
-2.0423763E-4
-1.5919683E-4
-1.4645891E-4
-1.9194928E-4
-1.2080369E-4
-2.2890366E-4
-3.0309154E-4
-2.1292579E-4
-2.3780846E-4
-1.8371537E-4
-9.0734255E-5
-6.740878E-5
-1.5860368E-4
-1.2390205E-4
-1.9803591E-4
-1.0692477E-4
-5.094965E-5
-3.6751186E-5
-2.336528E-4
9.229345E-6
-2.0522684E-4
-8.167527E-6
-1.674578E-4
-3.6841626E-5
-5.2236075E-5
-9.190437E-8
-1.4401437E-4
9.4411094E-5
-1.009474E-4
-1.181464E-5
-2.4761035E-4
-9.102366E-5
-1.6338551E-4
-4.694774E-5
-1.1006742E-4
9.301497E-6
-1.8411985E-4
-2.0682198E-4
-1.7973325E-4
-1.8085571E-4
-2.5938748E-4
-2.711955E-4
-1.9481192E-4
-2.496541E-4
-1.5643683E-4
-3.295897E-4
-2.57556E-4
-3.0756663E-4
-2.6767302E-4
-3.238272E-4
-2.2755231E-4
-2.9895053E-4
-2.2897446E-4
-2.3097947E-4
-2.2334945E-4
-2.4826816E-4
-2.1954312E-4
-2.6308975E-4
-1.6768712E-4
-2.168287E-4
-2.3825404E-4
-1.751515E-4
-2.2201585E-4
-1.912419E-4
-8.178037E-5
-1.8706752E-4
-2.1832423E-4
-1.3806768E-4
-1.1519703E-4
-1.1819774E-4
-1.9651462E-4
-6.4139655E-5
-1.0182138E-4
-3.363094E-5
-1.5069122E-4
1.6518783E-5
-1.3301741E-4
-6.317142E-5
3.65826E-6
-5.3482236E-5
-1.5530069E-4
-9.041187E-5
-6.827117E-5
-1.10883564E-4
7.663837E-6
-1.3299032E-4
-6.121244E-5
-2.041602E-4
-2.6280046E-5
-1.2373384E-4
5.3649303E-5
-1.0382354E-4
-9.461779E-6
-6.219259E-5
-2.2374466E-5
-4.943261E-5
1.12885915E-4
3.175473E-7
6.1950224E-5
6.284395E-5
1.3059862E-4
1.5096535E-4
2.2018363E-4
1.6105655E-4
8.946203E-5
2.4560513E-4
1.595E-4
2.2294448E-4
2.0667783E-4
2.0149174E-4
1.4113466E-4
1.7427173E-4
1.9901808E-4
2.0187974E-4
1.14565904E-4
2.0457692E-4
1.1552506E-4
2.085476E-4
1.7812362E-4
1.3287921E-4
9.508256E-5
3.844743E-5
8.4817795E-5
-3.7309423E-5
5.000321E-5
7.1101014E-5
1.4153289E-5
5.991322E-5
7.8420184E-5
-3.090939E-5
-2.9469707E-5
-4.1612766E-5
-8.274136E-5
-6.366901E-5
6.378303E-5
-1.2408831E-5
9.4924246E-5
3.0431427E-5
6.968426E-5
1.4515298E-5
3.742233E-5
2.7900905E-5
1.3427966E-4
1.1794705E-4
2.2564236E-4
1.6074021E-4
1.1541892E-4
1.8133032E-4
2.6910965E-4
3.2737086E-4
1.9410648E-4
3.041094E-4
2.0905337E-4
2.1872213E-4
2.6599024E-4
3.3266997E-4
2.7638348E-4
3.9652368E-4
2.5207846E-4
3.661938E-4
2.1637758E-4
3.468372E-4
2.902345E-4
2.9546212E-4
2.8226845E-4
3.8258702E-4
2.0592933E-4
2.797792E-4
9.3314455E-5
7.7091594E-5
1.0317231E-4
1.07783846E-4
1.7637767E-4
1.1365598E-4
1.1080949E-4
-1.06197E-5
-5.888089E-6
-5.5822343E-6
7.390729E-6
-6.17641E-5
1.5192061E-5
-1.8749708E-5
-1.0439752E-4
-9.989969E-5
-1.0672704E-4
-1.4895848E-4
-1.7781125E-4
-9.620122E-5
-1.4880367E-4
-1.5480143E-4
-2.455207E-4
-2.2127133E-4
-2.4384882E-4
8.8340033E-7
-9.662693E-5
-1.4026872E-4
-1.9627392E-4
7.2188195E-6
-1.6871898E-4
-2.507803E-6
-9.647016E-5
5.9324564E-5
-7.227396E-5
1.0685165E-4
-5.566385E-5
1.2842714E-5
-4.5910398E-5
-8.047258E-6
-1.1172512E-4
2.461706E-5
-1.0083932E-4
-9.0523085E-5
-1.4195305E-4
-2.6567772E-5
-9.1935326E-5
-1.0662989E-4
-5.786852E-5
3.34026E-5
-8.634553E-5
-8.869788E-5
-1.061393E-5
2.6379387E-6
-1.259724E-4
-1.5677992E-4
-9.183691E-5
-3.3762324E-5
1.3742265E-5
-2.4877783E-5
-9.674896E-5
1.7051232E-5
-5.7282352E-5
7.058518E-5
2.6159618E-5
-3.2024127E-5
-1.221194E-5
2.5501471E-5
-1.05552615E-4
3.5363006E-5
-2.0720301E-5
1.8137025E-4
-3.5812685E-5
1.0432429E-5
-9.175116E-5
1.4121838E-4
-7.683071E-5
5.4017473E-5
-9.997867E-5
1.0488187E-4
-4.824713E-5
4.5442794E-5
-6.778964E-5
-2.606067E-5
-1.6318273E-4
-3.1902164E-5
-3.2197062E-5
-7.593572E-5
-8.113956E-5
-9.584168E-5
-1.3745193E-4
-7.1322786E-5
-1.472296E-4
-1.0386996E-4
-1.2411675E-4
-2.43809E-4
-2.1458833E-4
-1.4645573E-4
-1.8369887E-4
-2.2326662E-4
-1.910061E-4
-1.8464158E-4
-1.13220354E-4
-2.0053728E-4
-2.5025042E-4
-2.0157607E-4
-1.9768327E-4
-3.30418E-5
-1.4498403E-4
-4.749162E-6
-8.322863E-5
8.546441E-6
-6.239275E-6
1.1040744E-4
-3.9118262E-5
7.734294E-5
1.7082551E-5
2.0829556E-4
-2.336788E-5
1.418454E-4
1.0806625E-4
2.4870253E-4
1.3199639E-4
2.897176E-4
2.2984708E-4
2.2134322E-4
2.3298404E-4
3.0601487E-4
1.8549447E-4
3.3951495E-4
2.2921157E-4
3.5913475E-4
2.3296165E-4
3.066583E-4
2.3876307E-4
2.676948E-4
2.235253E-4
2.2561067E-4
2.0184986E-4
1.7489016E-4
2.2601693E-4
1.00987025E-4
1.1036476E-4
1.6624908E-4
1.7343911E-4
5.1163286E-5
5.633685E-5
1.903754E-4
8.60544E-5
5.156309E-5
-6.962443E-5
2.0057303E-5
-1.16522744E-4
-3.58378E-5
-1.334573E-4
-3.4922403E-5
-1.5465962E-4
-2.0929756E-5
-1.4078559E-4
-7.900207E-5
-2.108395E-4
-1.487437E-4
-2.3427664E-4
-1.0652881E-4
-2.821846E-4
-1.01101796E-4
-1.9810538E-4
-3.7300492E-6
-3.864015E-5
-8.030785E-5
-1.7886415E-4
-8.025552E-5
-1.6549764E-4
-9.398407E-6
2.0813492E-5
6.1262974E-5
3.4718785E-5
1.2408927E-4
7.912278E-5
1.1983522E-4
1.0559975E-4
5.5687604E-5
1.2463701E-4
2.3876369E-4
2.6265366E-4
3.0182643E-4
1.8708204E-4
2.791248E-4
2.4852928E-4
1.9468725E-4
2.6680104E-4
2.6754403E-4
2.4889002E-4
2.8058887E-4
2.209367E-4
3.2510262E-4
2.5142854E-4
3.3985294E-4
1.4180332E-4
2.2875078E-4
1.2006252E-4
2.1616559E-4
-4.1818315E-5
1.3077586E-4
2.1487205E-5
1.9351537E-4
-1.034451E-4
9.315457E-5
-7.552836E-5
1.147285E-5
-1.3087604E-4
-1.4761806E-4
-1.5318308E-4
-2.1995461E-4
-2.872751E-4
-2.3991836E-4
-3.0319046E-4
-3.2506572E-4
-4.351881E-4
-3.6173902E-4
-3.0771067E-4
-3.506779E-4
-2.8079507E-4
-3.6918346E-4
-3.5340548E-4
-3.0910256E-4
-3.1076552E-4
-3.1540368E-4
-2.5128288E-4
-2.1984773E-4
-2.4347065E-4
-2.420111E-4
-2.7742496E-4
-1.5190658E-4
-1.6868241E-4
-1.3806022E-4
-3.0859132E-4
-7.694976E-5
-1.3582852E-4
-1.3287131E-4
-1.1501224E-4
-8.714401E-5
-8.279268E-5
5.442858E-5
-1.4195144E-4
-6.242021E-5
-1.6088193E-4
4.2447784E-5
-4.1836855E-5
7.498376E-5
-1.6286239E-4
8.495421E-5
-7.222653E-5
2.456593E-6
-1.2886903E-4
7.178336E-5
-3.4620607E-5
8.185224E-6
-1.0652836E-4
-1.4504186E-5
2.4111941E-5
1.1875968E-5
-8.783637E-5
-1.1746698E-4
-1.4116612E-4
-1.16192925E-4
-9.998852E-5
-1.5010878E-4
-1.7881831E-4
-1.9247887E-4
-2.2246862E-4
-2.4387872E-4
-2.495018E-4
-3.0649637E-4
-2.1332022E-4
-2.2420265E-4
-2.0086086E-4
-2.3642476E-4
-2.9081738E-4
-2.1011301E-4
-2.8450426E-4
-3.2306946E-4
-3.295068E-4
-2.4019624E-4
-2.1237448E-4
-2.56228E-4
-3.0325027E-4
-2.9181739E-4
-3.4405198E-4
-3.3848407E-4
-4.194713E-4
-3.4455312E-4
-2.5477022E-4
-3.1977173E-4
-1.8085398E-4
-3.1999868E-4
-1.18758566E-4
-4.0612085E-4
2.037059E-5
-7.024501E-4
2.5930727E-4
0.0010177098
-0.0038260564
0.0014661989
0.002089499
0.0015908193
-0.00386319
0.0014717872
-7.715708E-5
-0.001461921
-5.686057E-5
9.95154E-4
-6.9538713E-4
-6.194798E-4
2.9233686E-4
0.001084415
7.366362E-4
5.381474E-4
9.2965935E-4
1.4151496E-5
-2.1999997E-4
2.7625132E-4
5.5655156E-4
7.7616575E-4
0.0014723305
-1.0989359E-4
2.9422826E-4
2.3066726E-5
-0.0014759058
-5.483812E-4
1.13507085E-4
-6.282688E-6
-0.0011762247
-1.0765032E-4
4.983082E-4
5.7944533E-4
2.6856665E-4
4.6573314E-4
1.3341328E-4
3.00566E-4
2.5385903E-4
1.5628965E-4
-8.370636E-5
9.324186E-4
9.7552023E-4
8.8560104E-4
3.7036545E-4
0.0013303811
5.570154E-4
0.0010777183
0.0010545411
6.956048E-4
4.8780008E-4
1.849619E-4
-7.1015296E-4
-0.0012992369
-5.873136E-4
-1.46113E-4
-6.425329E-4
-4.90395E-4
1.5908084E-4
2.529068E-4
1.3642151E-4
-2.1491446E-4
-9.727959E-5
-1.5446915E-4
-3.1438578E-4
-5.008376E-4
-4.0328846E-4
-2.0220398E-4
-2.1804956E-4
-3.7278834E-4
-5.6408776E-4
-4.5844426E-4
6.98596E-5
1.4776351E-4
-8.4363666E-5
-8.050604E-5
2.7181004E-4
6.756836E-4
6.563853E-4
4.6251758E-4
6.1812316E-4
7.828983E-4
7.3653634E-4
4.54291E-4
7.0727855E-4
0.0010267762
0.0010123843
8.37744E-4
8.257498E-4
8.017135E-4
6.0723687E-4
3.8815412E-4
4.968432E-4
3.6967816E-4
3.5545806E-4
3.3588408E-4
5.9168576E-4
5.069006E-4
3.7206034E-4
1.6286182E-4
2.7505459E-5
5.821347E-5
-2.9120687E-5
-2.0129162E-4
-1.5640649E-4
-3.6874582E-4
-5.306111E-4
-6.340206E-4
-5.476495E-4
-3.7510126E-4
-5.529816E-4
-6.3498644E-4
-6.213751E-4
-3.9578113E-4
-5.5461575E-4
-6.55389E-4
-7.687182E-4
-5.1613705E-4
-6.232236E-4
-4.8475308E-4
-5.8388524E-4
-1.11261754E-4
-2.2161473E-4
-9.404382E-5
-3.123038E-4
3.0642464E-6
-1.5513047E-4
2.5942592E-5
-1.4552801E-4
1.4041114E-4
-7.339097E-5
2.781206E-4
4.3621756E-5
-9.226278E-5
1.5366323E-4
-4.1564013E-5
-7.839566E-5
-9.146804E-5
1.2069975E-4
1.5791997E-4
-7.3063704E-5
-2.806089E-4
-2.4931584E-4
-1.5809876E-4
1.7069369E-4
-2.469469E-4
9.3397175E-5
1.7405495E-4
-2.3122162E-4
-2.6275326E-5
-1.9820726E-4
-3.9577576E-6
-3.2323672E-4
-4.0958716E-6
-1.304482E-4
1.4104553E-4
-3.9509294E-4
7.5216085E-5
2.2119924E-4
4.3094862E-4
8.930971E-6
5.923822E-5
3.8717015E-4
3.1147324E-4
-2.0467081E-4
-3.809103E-4
-3.184743E-4
-6.4581676E-5
-1.6628906E-4
-3.599302E-4
-2.0507793E-4
-1.7176397E-4
-3.7621436E-4
-2.223984E-4
-2.8521765E-4
-1.9731448E-4
-1.3557129E-4
-7.5312114E-6
8.793651E-5
-1.6618999E-4
-2.6347188E-4
-8.3815685E-5
2.7412245E-5
-5.7429047E-6
9.34187E-5
8.422023E-6
3.3266557E-4
3.8291844E-5
-5.399632E-5
-4.4815133E-5
1.0495545E-4
7.9702026E-5
2.2818438E-4
1.8259755E-4
3.9457268E-4
1.182494E-4
2.7988732E-4
1.9445833E-4
2.8635495E-4
2.8585194E-4
4.2198785E-4
4.0423093E-4
3.7675412E-4
1.71402E-4
2.6694557E-4
2.7117794E-4
1.6697362E-4
9.19557E-5
1.4209053E-4
2.093106E-4
1.5432546E-4
1.6933892E-4
1.2857001E-4
1.4217162E-4
1.9633632E-4
1.0378122E-4
3.2083344E-4
2.0318694E-4
2.1495546E-4
2.3512375E-4
2.396428E-4
1.572602E-4
2.513819E-4
1.13620255E-4
2.531666E-4
6.869511E-5
2.0490665E-4
2.6188496E-5
1.6613929E-4
1.0562994E-5
8.1008206E-5
-5.0262166E-5
-2.5853673E-5
2.5649124E-5
-6.07925E-5
-2.1128899E-4
-1.1620434E-4
-2.1252398E-4
-1.9822843E-4
-3.148928E-4
-2.7183417E-4
-2.0423268E-4
-2.1811677E-4
-1.7738855E-4
-2.298331E-4
-3.493822E-4
-3.175435E-4
-2.5377577E-4
-3.017316E-4
-2.45533E-4
-3.159392E-4
-1.482328E-4
-2.196536E-4
-2.0384694E-4
-1.7874464E-4
-2.4339237E-5
-4.4576256E-5
-1.306942E-4
3.7154736E-5
3.1464406E-5
1.103218E-4
1.8107843E-5
1.47910805E-5
-3.0784326E-5
-4.8942835E-5
-1.2100144E-4
2.9606465E-5
-1.5595926E-4
4.568424E-4
-3.2859153E-4
-4.9415696E-4
9.740999E-4
4.7880516E-4
-2.2181837E-4
-4.1606397E-4
-3.9201614E-4
3.3675795E-4
3.3512528E-4
3.3522915E-4
1.6454907E-5
1.5501742E-4
-2.2906404E-4
-9.043327E-5
-1.5960959E-5
1.5833856E-4
1.1499369E-4
8.711669E-5
-1.0813284E-4
1.2191978E-4
-4.4008288E-5
6.690758E-6
-8.616439E-5
2.967074E-5
2.2545237E-4
3.401592E-4
4.3162625E-4
6.1297254E-4
6.5659295E-4
2.7783503E-4
-1.6962398E-4
-2.0057126E-4
2.3392442E-4
4.330932E-4
3.7240447E-4
5.306633E-5
-2.656848E-4
-2.2644213E-4
-2.4329707E-4
-3.4645862E-5
-1.7155058E-4
-2.9577839E-5
-2.4831356E-4
-1.3232602E-4
-1.458137E-4
9.8788165E-5
1.315041E-4
3.6301228E-4
1.4234487E-4
2.8774826E-4
3.2719917E-4
3.5617905E-4
1.3320864E-4
1.8132696E-4
9.706155E-5
5.2095314E-5
1.9492097E-4
2.4749374E-4
2.713834E-4
4.830398E-4
2.824995E-4
3.8241467E-4
3.3189548E-4
3.5522207E-5
2.4405934E-5
1.404998E-4
-4.982721E-5
-2.9989996E-4
-5.0398684E-4
-2.5048363E-4
-1.9384753E-4
-1.1612475E-4
-3.0630303E-4
-5.876154E-5
1.2596633E-4
-5.4542143E-5
-2.6420038E-4
-3.3003987E-5
-6.275591E-5
1.2389792E-4
-3.5804173E-5
2.0282634E-4
1.3864951E-4
2.1503033E-4
1.6173473E-4
3.429871E-4
2.2211541E-4
2.202277E-4
-4.598294E-5
2.1619015E-4
-1.1432437E-5
4.194096E-5
-5.914831E-5
-4.5382207E-5
-8.1889026E-5
4.507394E-6
-1.5115429E-5
6.818219E-5
-7.628956E-5
1.1771446E-5
-4.2518852E-5
-1.7056215E-4
-2.9395142E-4
-3.5061617E-4
-5.74E-5
-1.4922304E-4
-2.8817813E-4
-1.579759E-4
5.8785743E-5
1.5661304E-4
1.1521375E-4
1.8289313E-4
2.4444525E-4
9.6789605E-5
5.4381097E-5
-1.8360413E-4
1.1696174E-4
-1.5662357E-4
-2.2175234E-4
-1.5193316E-4
-3.6343205E-5
5.7875837E-5
3.82617E-5
5.794653E-5
-1.1244214E-5
2.9120883E-5
-6.4189203E-7
-8.326294E-5
-1.3038935E-4
-1.4963667E-4
-2.2737173E-4
-1.7112441E-4
-1.5288149E-4
1.7681638E-4
-2.5032312E-5
5.0629158E-5
-1.9655019E-5
1.6060084E-4
-2.9068478E-5
-3.1882428E-5
-5.077496E-5
-1.110881E-4
-1.6179668E-4
-2.6966436E-4
-3.1256696E-4
-1.3834264E-4
1.9468356E-5
-1.1503096E-4
-1.5076554E-4
-1.153084E-4
-1.2684913E-4
-2.9229018E-4
-1.7734409E-4
-4.2786676E-4
-2.2177213E-4
-4.7552108E-4
-4.7544422E-4
-4.585288E-4
-8.935252E-5
-2.517787E-4
-2.9932387E-4
-3.5286284E-4
-5.108742E-5
-1.168774E-4
-2.9561683E-4
-1.5346461E-4
-3.255289E-4
-2.7514438E-4
-2.1381475E-4
-2.589037E-4
-2.1753713E-4
-1.254532E-4
-2.4161991E-4
-1.8355854E-4
-2.9642726E-4
-1.20083125E-4
-2.0328621E-4
-2.2833495E-4
-4.7949096E-4
-2.0755715E-4
-3.805736E-4
-4.034253E-4
-3.4747904E-4
-2.821777E-4
-2.0240135E-4
-2.5983553E-4
-2.6034468E-4
-1.3088052E-4
-1.04531464E-4
-2.0378578E-4
-1.6571463E-4
-1.0379228E-4
-1.5151997E-4
-2.2871119E-4
-2.2697179E-5
-2.6534715E-5
8.038666E-5
-1.2875877E-4
6.94499E-5
5.5813656E-5
1.574245E-4
6.373724E-5
1.5659064E-4
3.6797068E-5
1.8350985E-4
1.4919344E-4
2.067442E-4
2.2184648E-4
3.348666E-4
2.6000774E-4
2.0829446E-4
1.5266571E-4
1.8887836E-4
2.1601857E-4
2.0083372E-4
2.7756701E-4
2.3345235E-4
3.3731307E-4
1.0954952E-4
2.5661426E-4
2.3431063E-4
2.5011154E-4
1.8062552E-4
2.8623122E-4
2.56292E-4
3.9051438E-4
2.5203452E-4
3.2789668E-4
2.1037893E-4
2.4570423E-4
8.640256E-5
2.4753157E-4
2.3592034E-4
2.74796E-4
8.381803E-5
1.549766E-4
1.8268877E-4
2.0153029E-4
2.5326584E-4
1.681975E-4
2.1581189E-4
1.699993E-4
2.2387286E-4
2.6797652E-5
3.2523222E-4
3.0790314E-5
1.0516728E-4
3.977583E-5
1.4347816E-4
7.934611E-5
6.0505725E-5
1.2802346E-4
2.0489102E-4
1.2612902E-4
1.4889025E-4
2.3907317E-4
2.709328E-4
2.4556587E-4
1.3902695E-4
2.4331908E-4
9.612953E-5
1.409732E-4
3.1596188E-5
1.20815035E-4
5.7014702E-5
1.1359773E-4
1.1027186E-5
7.369552E-5
1.7643875E-5
4.248941E-5
9.511688E-5
2.8095194E-5
3.7940725E-5
1.16059695E-4
6.225479E-5
-1.6138528E-4
4.9337967E-5
-3.29725E-5
-1.5788868E-7
-5.2317705E-6
6.8517285E-5
6.44103E-5
2.577639E-4
2.5612191E-5
2.025739E-5
-4.025413E-5
4.4238E-5
1.0346705E-4
2.3508604E-4
8.921667E-5
2.297866E-4
2.4107717E-4
1.8396284E-4
1.2262005E-4
1.0603772E-4
8.224393E-5
2.2471072E-4
1.77831E-4
8.647279E-5
2.0098436E-4
9.970655E-5
1.7304186E-4
1.380351E-4
2.541032E-4
2.091605E-4
1.086109E-4
6.869122E-5
1.06916596E-4
1.0327369E-4
4.9549967E-6
-4.859679E-6
1.9923717E-5
1.0673919E-5
1.15829156E-4
2.8042496E-5
4.5229044E-5
-4.4016255E-5
1.058361E-4
1.5328245E-4
1.04901505E-4
2.4411525E-5
1.7920554E-4
2.2511104E-4
1.49991E-4
3.318673E-4
1.7978581E-4
3.0336296E-4
2.7498414E-4
3.4312916E-4
2.6267447E-4
3.2507596E-4
1.8217922E-4
2.0395746E-4
2.468012E-4
1.789755E-4
1.5015597E-4
2.0881297E-4
1.6431189E-4
2.105077E-4
1.555423E-4
1.10739646E-4
1.557417E-4
1.9464384E-5
5.9497896E-5
1.6552808E-4
9.4378745E-5
-3.638208E-6
1.3485055E-4
3.1698128E-5
8.397956E-5
7.345178E-5
-2.3019367E-5
-6.1897656E-5
-6.3935986E-5
-1.2409812E-4
-1.6204809E-5
7.1941264E-5
4.7632726E-5
-7.638738E-5
-2.6479715E-5
-3.0553114E-5
-1.2750592E-5
-1.2655478E-4
1.6127171E-5
-4.113898E-6
-5.649207E-6
-1.2021009E-4
-1.840647E-4
-1.7091987E-4
-1.7949895E-4
-9.272666E-5
-3.0208752E-4
-2.2825421E-4
-2.1217036E-4
-1.9684854E-4
-2.749299E-4
-2.5163247E-4
-2.4683942E-4
-2.4223304E-4
-1.7108713E-4
-1.8897635E-4
-1.7579895E-4
-1.9136727E-4
-9.971383E-5
-1.3018404E-4
-8.306271E-5
-1.7009924E-4
-1.05369494E-4
-2.1394086E-4
-1.02801576E-4
-2.3785826E-4
-1.5221463E-4
-1.3491836E-4
-2.2173938E-4
-3.8125215E-4
-1.483677E-5
-2.3097087E-5
-1.6734691E-4
-4.4348073E-4
-2.3598837E-4
-2.3195677E-4
-1.4467629E-5
-2.7003686E-4
-2.9813917E-4
-1.5169493E-4
-2.536038E-4
-2.2400342E-4
-2.9894474E-4
-3.062513E-4
-2.2673247E-4
-2.147086E-4
-2.1696213E-4
-1.0259319E-4
-2.6887158E-4
-1.8763465E-4
-2.4307199E-4
-3.267303E-4
-4.7557842E-4
-4.403003E-4
-4.2449238E-4
-2.5413235E-4
-2.366946E-4
-1.7361216E-4
-3.9799672E-4
-4.5572076E-4
-4.3374154E-4
-3.0018121E-4
-3.04059E-4
-4.0478082E-4
-4.1938195E-4
-4.0570804E-4
-5.3421425E-4
-5.257971E-4
-3.3231938E-4
-3.6329177E-4
-3.4936538E-4
-2.9100987E-4
-1.7507022E-4
-2.121867E-4
-2.282748E-4
-2.9782005E-4
-2.8305873E-4
-3.386483E-4
-2.4804895E-4
-1.9080417E-4
-1.0474473E-4
-1.21271296E-4
-4.8049027E-5
-5.5745342E-5
-5.2179036E-8
-3.1837975E-5
-3.2644617E-5
8.964613E-5
-5.417223E-5
-9.6014104E-5
-2.3099495E-4
-1.1524968E-4
-5.394575E-5
7.867118E-5
-1.3854389E-5
1.4868464E-4
1.9121241E-4
2.1477786E-4
1.4796248E-4
2.2985488E-4
1.6960008E-4
1.0348838E-4
-3.685664E-5
1.460751E-5
6.0274157E-5
7.379448E-5
2.311901E-4
2.8296365E-4
3.3762323E-4
3.006448E-4
3.297324E-4
2.0546006E-4
3.3681738E-4
1.2171736E-4
1.1891553E-4
9.399575E-5
9.61014E-5
-4.6549983E-5
-4.477926E-5
1.277092E-4
1.044016E-4
2.0411785E-4
2.2947158E-4
2.5444495E-4
1.676763E-4
9.534242E-5
1.5522141E-4
1.5006373E-4
9.3267794E-5
1.4728519E-4
9.6975964E-5
2.655595E-4
1.7142667E-4
3.257658E-4
3.554067E-4
3.98341E-4
3.180131E-4
4.0064738E-4
2.4129535E-4
2.5914973E-4
8.693462E-5
3.137473E-4
2.2375824E-4
3.729826E-4
3.4171212E-4
5.164276E-4
4.3478663E-4
4.742555E-4
4.7792587E-4
4.9709243E-4
4.5245024E-4
3.5381143E-4
3.0408285E-4
3.307141E-4
2.615378E-4
3.712673E-4
2.8434E-4
3.0462144E-4
5.413342E-4
4.471391E-4
4.8356457E-4
3.602659E-4
3.5015022E-4
4.3074222E-4
2.9475754E-4
1.0616527E-4
1.7467301E-4
1.4073032E-4
1.8705374E-4
1.14902956E-4
9.7749755E-5
1.9691828E-4
1.09330875E-4
1.6564492E-4
1.915314E-4
1.7233322E-4
1.3333194E-4
2.9001117E-4
1.8942384E-4
3.1894265E-4
1.6778748E-4
3.432599E-4
2.2400737E-4
3.374057E-4
2.6729488E-4
3.5835232E-4
3.2220903E-4
3.6200337E-4
3.296053E-4
3.6284328E-4
2.4981002E-4
3.0473704E-4
3.1632063E-4
3.5881432E-4
2.3386827E-4
2.5402755E-4
3.1332817E-4
2.6465405E-4
3.4574018E-4
2.7244067E-4
3.7968147E-4
2.4087548E-4
3.327458E-4
2.8937784E-4
2.590313E-4
2.3368347E-4
3.0452138E-4
1.6923838E-4
2.762448E-4
2.148024E-4
1.8192828E-4
2.894541E-4
2.2044439E-4
2.8196268E-4
7.021926E-5
1.488992E-4
5.8971113E-5
1.9593195E-4
1.6744975E-4
-9.696876E-6
4.1423613E-5
1.6009276E-4
-1.15676004E-4
-1.0884832E-4
-1.20941026E-4
-6.392821E-5
-5.503341E-5
-2.918332E-5
-9.425744E-5
-1.529247E-5
-1.6258453E-4
-1.4850979E-4
-1.7915572E-4
-1.1949534E-4
-1.7530896E-4
-2.8734322E-4
-1.6821308E-4
-1.210761E-4
-7.87177E-5
-1.294034E-4
-2.1535512E-4
-3.417136E-4
-3.2468635E-4
-2.7680284E-4
-3.3591434E-4
-2.5756468E-4
-1.4544991E-4
-2.949338E-4
-3.0733846E-4
-3.6355003E-4
-3.1279412E-4
-4.1726045E-4
-2.1098691E-4
-2.8351787E-4
-1.9254847E-4
-1.3461291E-4
-2.3460029E-4
-1.8530029E-4
-2.0640114E-4
-7.9543504E-5
-1.577731E-4
-1.3512804E-4
-5.010029E-5
-1.3263116E-4
-1.6660804E-4
-1.3795348E-4
-1.8502708E-4
-7.567155E-5
-1.2615915E-4
-5.3413987E-5
-1.5429492E-4
4.272864E-6
-1.1190935E-4
-9.460969E-5
-1.7265047E-4
-1.7744086E-4
-2.3716969E-4
-1.3299697E-4
-1.335756E-4
-2.2491782E-4
-1.7497587E-4
-1.4139857E-4
-1.5327214E-4
-2.0153676E-4
-1.16100695E-4
-8.9694855E-5
-7.7501136E-5
-8.8077955E-5
-1.346426E-4
-1.7042315E-4
-5.4282224E-5
-2.577474E-5
-2.5217389E-5
-1.4797894E-4
1.0120755E-6
4.164903E-5
1.0012436E-4
-5.7497084E-5
1.1362885E-4
9.4810704E-5
-3.2486925E-5
-1.6738692E-5
-1.25109955E-5
3.169325E-5
6.226754E-5
1.5216079E-4
-1.5781208E-5
4.2567422E-5
6.666578E-5
1.6189276E-4
8.8190456E-5
2.4581698E-4
4.601248E-5
2.3976066E-4
1.1004264E-4
2.514394E-4
7.692738E-5
2.3461378E-4
2.3773838E-4
3.2337938E-4
2.4177891E-4
2.7058745E-4
3.369136E-4
2.9551546E-4
2.4947608E-4
1.9213239E-4
2.617191E-4
2.2996296E-4
2.1826719E-4
7.6163786E-5
1.1418989E-4
1.4570156E-4
6.875118E-5
6.7050096E-5
1.4823205E-4
1.4355795E-4
1.00703786E-4
7.276076E-5
1.3795364E-4
2.7361323E-6
5.833415E-5
9.933547E-5
5.6380806E-5
4.9891274E-5
1.20360695E-4
4.992811E-5
-1.6876633E-5
2.0267755E-5
6.27446E-5
7.737688E-5
6.300301E-5
1.2792103E-4
1.17584395E-5
7.510956E-5
-7.4396365E-7
7.661077E-5
-2.4620036E-5
9.734605E-5
-4.4752138E-5
-1.2725989E-4
-1.6718592E-4
1.7336542E-5
-7.5631775E-5
-1.1112081E-4
-8.95816E-5
-5.9403217E-5
-1.6641832E-4
-8.853987E-5
-8.8071036E-5
-1.6102802E-4
-2.0184827E-5
-9.8062985E-5
4.498774E-6
-1.2008035E-4
2.3494527E-5
4.1510993E-5
1.319687E-4
-3.0118757E-5
1.5095502E-4
3.2660133E-5
1.5974595E-4
1.3113944E-4
2.2095007E-4
8.361395E-5
1.2053855E-4
1.6291141E-4
1.7426064E-4
1.6966296E-4
1.84795E-4
2.521296E-4
2.8588463E-4
2.1481572E-4
2.3088799E-4
2.155128E-4
2.6192926E-4
2.2270365E-4
1.5624597E-4
1.7293709E-4
1.8222243E-4
2.47538E-4
2.226063E-4
2.5875328E-4
1.0063504E-4
1.3876265E-4
7.4656804E-5
1.0446718E-4
-8.543072E-5
3.1582638E-6
1.8704573E-5
7.764966E-7
-6.885302E-5
2.4655932E-5
-2.7718306E-5
-1.2998912E-4
1.0226256E-5
-6.474363E-5
-9.955412E-7
-1.0737012E-4
-1.5829255E-4
-1.8519045E-4
-5.044945E-5
-1.4843197E-4
-5.6863108E-5
-1.6339183E-4
-9.8462086E-5
-2.4765186E-4
-1.972407E-4
-3.1354238E-4
-2.468605E-4
-3.0403477E-4
-2.2577326E-4
-3.2498274E-4
-2.6014572E-4
-3.8251284E-4
-3.374707E-4
-2.747126E-4
-3.4894596E-4
-2.2984293E-4
-2.5363316E-4
-1.5523598E-4
-2.4019995E-4
-3.4398265E-4
-3.0885302E-4
-2.9808353E-4
-3.457054E-4
-2.7142765E-4
-2.6374013E-4
-2.4960728E-4
-2.8614773E-4
-2.8378912E-4
-2.6003373E-4
-1.6238002E-4
-2.147725E-4
-2.8378709E-4
-3.004404E-4
-2.714792E-4
-1.3466431E-4
-1.7517315E-4
-8.386837E-5
-1.4436978E-4
-1.2497284E-4
-1.2567235E-4
-6.217549E-5
-5.3187643E-5
-1.6019255E-6
-1.2294634E-4
-9.1140406E-5
-1.3935202E-4
-1.3424369E-4
-1.5153154E-4
-4.7537433E-5
-9.741866E-5
2.2189733E-5
5.760749E-7
-9.992996E-6
-4.2963067E-5
1.4631949E-5
-1.30211765E-5
-2.011862E-5
3.1319552E-5
6.837956E-5
1.328986E-4
4.648823E-5
7.719596E-5
1.5151696E-4
1.457623E-4
8.3512505E-6
7.0068265E-5
-1.4448678E-5
8.914717E-5
7.882191E-5
1.0201942E-4
5.8657788E-5
1.8815948E-4
2.2919883E-4
2.6512175E-4
2.5180806E-4
2.5745103E-4
3.5920818E-4
2.7255775E-4
2.0336623E-4
2.536547E-4
2.985052E-4
2.0501061E-4
4.0423768E-4
2.5770077E-4
4.3403776E-4
3.4196553E-4
3.8899138E-4
3.7697318E-4
3.1998512E-4
2.482213E-4
3.9925097E-4
3.379375E-4
2.728563E-4
2.7131534E-4
2.4944072E-4
2.0065364E-4
3.743085E-4
4.1760816E-4
3.5720476E-4
3.01946E-4
2.4254086E-4
2.6731807E-4
2.4330661E-4
2.9106543E-4
1.7840946E-4
2.4161473E-4
1.6468302E-4
8.358096E-5
1.9834394E-4
2.8250957E-4
1.9566406E-4
1.7043203E-4
1.6268506E-4
1.2677972E-4
5.9476E-5
6.629284E-5
1.0721289E-4
1.651761E-4
2.2821667E-5
1.1583457E-4
8.11859E-5
1.1869465E-4
5.7382487E-5
3.4397643E-5
4.3207638E-5
7.572509E-5
1.2992117E-4
8.0362753E-7
2.839159E-5
-3.5941976E-5
4.8683814E-5
-4.3316755E-5
9.592466E-5
1.0706432E-4
1.5314594E-4
1.3475481E-4
1.13797854E-4
9.692019E-6
6.8032336E-5
1.20594384E-4
1.9376683E-4
1.4955271E-4
7.916132E-5
1.6710734E-4
1.3661795E-4
1.3570454E-4
1.3672722E-4
1.6374588E-4
1.8785063E-4
1.1965899E-4
-2.5728641E-5
5.3266718E-5
5.5076227E-5
2.297178E-4
1.5162752E-4
1.7771954E-4
2.0745763E-4
3.2738998E-4
1.430664E-4
1.4206713E-4
1.2286221E-4
1.558826E-4
1.4079279E-4
5.5409437E-5
5.5388144E-5
1.8403943E-4
2.1331887E-4
8.354252E-5
1.1975169E-4
7.7007775E-5
1.280688E-4
-6.6839207E-6
2.6615964E-5
4.0096074E-5
5.340283E-5
-3.4058954E-5
7.239112E-5
-1.1689846E-4
-6.0570706E-6
3.934653E-5
-5.3365493E-5
2.0216462E-6
1.4453896E-5
-2.1599802E-5
-9.3261486E-5
-1.0024234E-4
-1.1849549E-4
-5.3782624E-5
-9.635212E-5
-3.6164893E-5
-1.9364139E-4
-1.10730485E-4
-1.9130507E-4
-1.4066316E-4
-2.4798216E-4
-1.08806744E-4
-2.3813562E-4
-1.9519443E-4
-3.1670963E-4
-2.9641617E-4
-3.787318E-4
-2.8718097E-4
-3.4835498E-4
-3.441291E-4
-3.5434385E-4
-3.7584105E-4
-3.8885867E-4
-4.09934E-4
-3.1272758E-4
-3.4685177E-4
-2.7323476E-4
-3.743723E-4
-3.4296044E-4
-3.8305979E-4
-3.6998864E-4
-4.638985E-4
-2.5320906E-4
-3.9125944E-4
-3.4631748E-4
-4.6285568E-4
-3.8050997E-4
-4.294889E-4
-3.4356915E-4
-4.8943155E-4
-4.798379E-4
-4.305608E-4
-3.7443728E-4
-4.4059294E-4
-3.8363598E-4
-2.9903583E-4
-3.0917517E-4
-2.6821092E-4
-2.7066524E-4
-3.7563723E-4
-3.8997954E-4
-3.5657574E-4
-2.8464178E-4
-2.875433E-4
-2.7466615E-4
-2.5617218E-4
-2.1947651E-4
-1.0383333E-4
-2.4304831E-4
-1.7131542E-4
-2.0127944E-4
-1.6163915E-4
-1.1757084E-4
-2.140014E-4
-2.4409819E-4
-1.8103466E-4
-1.9094466E-4
-6.7686466E-5
-2.1119346E-5
-1.5469812E-4
4.2159718E-5
-1.5919705E-4
-1.6293836E-5
-1.13451766E-4
-2.6293271E-6
-2.441172E-5
6.982208E-5
-9.916446E-5
7.2648196E-5
1.7184002E-5
1.9019462E-4
3.603038E-5
1.2083625E-4
1.2783027E-4
1.9369114E-4
2.61821E-4
2.2943811E-4
2.8087274E-4
2.797827E-4
1.9654912E-4
3.4475338E-4
3.3827094E-4
3.3655463E-4
3.747181E-4
2.821188E-4
4.1220282E-4
3.454713E-4
3.4078184E-4
4.1913774E-4
4.930889E-4
4.2280712E-4
4.9036095E-4
4.8549997E-4
4.5998133E-4
4.5553682E-4
4.16061E-4
4.2206203E-4
4.191495E-4
4.2287406E-4
3.4925478E-4
3.6216716E-4
3.1625282E-4
3.3665437E-4
2.940503E-4
2.982505E-4
3.1834363E-4
4.237424E-4
3.2678968E-4
3.4603124E-4
2.5997282E-4
2.5643894E-4
2.295897E-4
2.9960947E-4
3.0699087E-4
2.3186412E-4
1.6179694E-4
2.0801341E-4
2.828798E-4
2.6747715E-4
2.4096401E-4
1.9446206E-4
2.5316872E-4
1.6303534E-4
2.1484503E-4
1.4712708E-4
1.6550183E-4
1.5316861E-4
1.635065E-4
1.1091078E-4
1.6805484E-4
1.2603226E-4
1.7966307E-4
7.4294585E-5
1.5807408E-4
4.8157035E-5
1.8111909E-4
1.131361E-4
1.4115735E-4
1.536195E-4
1.3567104E-4
1.1256086E-4
2.919716E-4
2.3881836E-4
2.950265E-4
1.9416954E-4
2.4833577E-4
3.0887462E-4
2.1449232E-4
2.1611496E-4
3.0861254E-4
2.0770529E-4
1.2813245E-4
1.06248E-4
2.1663847E-4
2.8001927E-4
3.1328446E-4
3.2151214E-4
3.672697E-4
3.5505494E-4
3.430088E-4
3.6835857E-4
3.2846013E-4
3.8953515E-4
4.2910248E-4
3.9297718E-4
5.074524E-4
3.7113432E-4
4.1224778E-4
3.344329E-4
5.190198E-4
3.3419684E-4
4.1517997E-4
3.9812186E-4
4.6089524E-4
2.7114683E-4
4.0176802E-4
3.3106233E-4
3.0871338E-4
1.2745362E-4
2.0645201E-4
1.3489347E-4
1.5404304E-4
3.71756E-5
1.19567776E-4
1.19332864E-4
3.4151206E-5
-1.2628171E-6
-6.4173764E-7
2.1343942E-5
-4.0144005E-5
-8.071494E-5
-1.7452967E-5
-1.5144482E-4
-7.881671E-5
-1.3221886E-4
-1.099697E-4
-1.440088E-4
-2.854386E-4
-2.3866243E-4
-2.4175049E-4
-2.110412E-4
-2.609266E-4
-2.8577773E-4
-2.1846929E-4
-2.6889474E-4
-3.0369966E-4
-2.9005943E-4
-2.4373527E-4
-2.9825332E-4
-2.404329E-4
-2.1945946E-4
-2.493947E-4
-3.057487E-4
-1.8159223E-4
-3.1281574E-4
-3.4196582E-4
-3.022477E-4
-3.598206E-4
-3.3018028E-4
-3.559923E-4
-4.0068277E-4
-3.4325037E-4
-4.450671E-4
-2.7750447E-4
-3.78655E-4
-3.3404763E-4
-3.678272E-4
-3.67445E-4
-3.702926E-4
-3.0562753E-4
-3.4935857E-4
-3.129245E-4
-3.016551E-4
-3.662347E-4
-4.2827163E-4
-3.2946854E-4
-3.0192814E-4
-2.504007E-4
-2.98113E-4
-3.131844E-4
-2.8845711E-4
-2.5140092E-4
-1.7767667E-4
-2.3141789E-4
-2.023507E-4
-2.4368997E-4
-2.2677249E-4
-1.0844023E-4
-2.1084755E-4
-1.3015828E-4
-1.2957674E-4
-8.503574E-5
-1.4214037E-4
-1.4035647E-4
-2.360707E-4
-1.311575E-4
-1.5568288E-4
-1.5260803E-4
-2.4986427E-4
-2.168036E-4
-1.9630289E-4
-4.0100473E-5
-3.365494E-5
3.3514083E-5
-1.2341132E-4
1.0742135E-5
-9.4530995E-5
5.3626027E-5
1.0867806E-5
-4.403678E-6
-8.724577E-6
4.0191768E-5
2.443009E-5
1.7727524E-4
1.4886884E-4
1.10616376E-4
2.3948829E-4
1.8986737E-4
1.2636292E-4
9.2971924E-5
2.1759067E-4
1.77576E-4
1.7027027E-4
2.8237022E-4
3.151588E-4
2.761824E-4
3.4239618E-4
2.7793643E-4
3.439706E-4
3.693041E-4
2.788382E-4
2.805278E-4
3.6540712E-4
3.7332997E-4
3.9056985E-4
4.8122046E-4
2.8089323E-4
4.1949068E-4
4.351187E-4
4.4404753E-4
4.3380226E-4
5.5826246E-4
3.980904E-4
3.8068928E-4
3.269932E-4
4.8419982E-4
3.6488578E-4
4.6521038E-4
4.0991028E-4
4.578385E-4
4.5459732E-4
4.92027E-4
3.2879258E-4
4.3854688E-4
3.6283073E-4
3.7960443E-4
4.0596921E-4
4.2478886E-4
4.0769303E-4
3.1616885E-4
3.4465632E-4
2.7112523E-4
2.7440648E-4
3.0454178E-4
4.0368346E-4
3.009332E-4
3.1904737E-4
2.8262567E-4
3.0486422E-4
3.1680046E-4
4.2028213E-4
3.7709312E-4
3.1788094E-4
1.7273065E-4
2.9412805E-4
3.1351935E-4
3.1731933E-4
3.248968E-4
2.9906E-4
2.922497E-4
2.896525E-4
2.7343145E-4
2.0961545E-4
2.567648E-4
1.9329174E-4
2.0380007E-4
1.9679761E-4
2.8062318E-4
7.874084E-5
2.7433204E-4
2.4157156E-4
2.7842325E-4
2.1543799E-4
2.6915054E-4
2.0852782E-4
2.2336675E-4
1.1037246E-4
1.5878123E-4
1.3879953E-4
1.00274E-4
1.0218571E-4
1.14252834E-4
7.807035E-5
1.06471976E-4
1.3046582E-4
3.7022408E-5
3.878121E-5
3.716087E-5
8.795939E-5
-6.5230655E-5
6.232787E-5
-1.290409E-4
-9.6562486E-5
-9.4448355E-5
-1.2190116E-4
-1.5985665E-4
-1.524683E-4
-1.6207098E-4
-1.2146987E-4
-7.9397636E-5
-1.0611481E-4
-1.4818649E-4
-1.4142209E-4
-1.6786721E-4
-1.3568276E-4
-1.08899025E-4
-1.8387314E-4
-1.6188197E-4
-2.8015304E-4
-1.0840012E-4
-2.3587083E-4
-2.1959495E-4
-1.7899058E-4
-1.7978417E-4
-2.1512563E-4
-1.7976144E-4
-3.0878533E-4
-2.787554E-4
-3.6589924E-4
-3.5553164E-4
-3.568218E-4
-4.2771111E-4
-4.591473E-4
-5.0007185E-4
-3.9201538E-4
-5.0841423E-4
-4.400397E-4
-4.8269844E-4
-4.8235164E-4
-5.7325506E-4
-5.012032E-4
-6.5000186E-4
-6.1768055E-4
-6.1234564E-4
-5.240162E-4
-5.890014E-4
-5.971929E-4
-6.117952E-4
-5.816868E-4
-5.577938E-4
-4.6680987E-4
-6.1842095E-4
-5.638796E-4
-5.469638E-4
-5.2399485E-4
-6.147439E-4
-4.8559014E-4
-4.866341E-4
-5.1133614E-4
-4.485121E-4
-4.8559182E-4
-3.4128566E-4
-3.6722046E-4
-4.3510235E-4
-3.824463E-4
-2.7969442E-4
-3.4329912E-4
-3.216684E-4
-3.8133745E-4
-2.7446798E-4
-3.7560437E-4
-1.4542544E-4
-3.018203E-4
-2.0911793E-4
-1.642217E-4
-1.1317772E-4
-2.7613877E-4
-2.0847756E-4
-1.500982E-4
-1.5706549E-4
-5.0490456E-5
-1.6653856E-4
-1.3521119E-5
-1.11871E-4
-6.4659005E-5
-3.648232E-5
1.7240853E-5
-1.0870964E-4
-6.7184997E-6
-7.769255E-6
6.913401E-5
7.142116E-5
7.1105394E-5
9.970936E-5
4.1353098E-5
1.2538236E-4
3.3095697E-5
7.446661E-5
1.4901844E-4
1.2258788E-4
1.1286254E-4
1.7878723E-4
2.3399093E-4
2.1845677E-4
8.9350586E-5
2.1787501E-4
8.281932E-5
3.28025E-4
2.2065456E-4
2.545623E-4
2.0683416E-4
2.0141777E-4
2.2804698E-4
1.842642E-4
1.807943E-4
1.987731E-4
1.620936E-4
1.7380768E-4
1.4931422E-4
1.6995058E-4
9.15147E-5
1.4996277E-4
1.1426988E-4
6.5192784E-5
3.1029E-5
4.561354E-5
1.1877754E-4
6.971849E-5
1.343469E-4
3.5918645E-5
6.351156E-5
-2.553503E-5
5.607438E-5
3.816586E-5
2.710926E-5
1.5840086E-4
7.727042E-5
8.933023E-5
-1.121577E-6
1.339046E-4
1.9425745E-4
2.5169144E-4
1.4304055E-4
1.8857655E-4
2.0328538E-4
2.3334472E-4
1.8421498E-4
2.7906307E-4
2.1937238E-4
3.5876952E-4
1.8782099E-4
3.0570317E-4
2.2933312E-4
3.2732813E-4
3.116311E-4
4.0775392E-4
3.0972238E-4
2.9373885E-4
3.0524025E-4
3.4182527E-4
3.3095758E-4
2.998213E-4
3.8301386E-4
4.0286145E-4
2.6391796E-4
3.1432157E-4
1.8357718E-4
2.5620023E-4
2.1574218E-4
3.315929E-4
2.46779E-4
2.4590179E-4
2.7100567E-4
2.5067522E-4
2.1838068E-4
2.5800592E-4
2.3604094E-4
2.3973953E-4
3.065287E-4
2.2530649E-4
2.3308484E-4
2.4960897E-4
1.6701673E-4
2.0846148E-4
2.2248652E-4
2.2926735E-4
9.3878974E-5
2.169488E-4
9.329774E-5
3.0851547E-4
1.5142663E-4
1.8987556E-4
1.3342331E-4
1.9609982E-4
1.1506613E-4
8.9460205E-5
3.3076463E-5
1.6860684E-4
-5.2046173E-5
4.782749E-5
-2.4105635E-5
1.5411093E-5
5.4992022E-5
4.982109E-5
-8.89729E-5
-2.5137413E-5
3.5475085E-5
-2.2278775E-6
-5.7678553E-5
-7.407928E-5
-7.239806E-5
-5.5457323E-5
-1.3350531E-4
-5.368591E-5
-7.4265285E-5
-1.2701991E-4
-1.5475012E-4
-7.361406E-5
-1.1417017E-4
-1.8597083E-4
-2.1177997E-4
-1.4004213E-4
-2.8354797E-4
-2.3735959E-4
-2.8058686E-4
-2.4042581E-4
-2.720376E-4
-2.1348766E-4
-3.0782595E-4
-1.8031703E-4
-3.1256612E-4
-2.5207398E-4
-2.1078446E-4
-2.6905304E-4
-2.6348376E-4
-1.7654867E-4
-3.0157287E-4
-2.5151082E-4
-3.2460174E-4
-2.9948898E-4
-3.3680923E-4
-1.862686E-4
-2.698132E-4
-3.1455312E-4
-4.0653316E-4
-2.3068997E-4
-2.6783824E-4
-2.5931557E-4
-2.9178994E-4
-2.924735E-4
-2.6607158E-4
-2.4945944E-4
-3.839228E-4
-2.7234122E-4
-3.2765433E-4
-2.6633745E-4
-3.0906172E-4
-3.1068988E-4
-3.8663807E-4
-3.6125668E-4
-4.28167E-4
-2.5010115E-4
-3.1164294E-4
-3.0499778E-4
-2.8874783E-4
-3.4865327E-4
-2.1685423E-4
-2.3076152E-4
-3.2415794E-4
-2.1937588E-4
-2.1464765E-4
-2.0145683E-4
-1.6382751E-4
-1.3244787E-4
-2.7600292E-4
-7.458441E-5
-1.9996685E-4
-1.1271279E-4
-1.4013227E-4
4.0376153E-6
-8.084924E-5
-2.1835585E-5
-8.7743865E-5
7.7957075E-6
-4.7463473E-5
8.634663E-5
-3.7418133E-5
1.2799194E-4
5.6194334E-5
2.0863439E-4
1.6708707E-4
1.826108E-4
1.1157542E-4
8.219138E-5
8.24172E-5
1.16768955E-4
1.2515554E-4
2.2489506E-4
2.1445254E-4
1.416289E-4
1.8126421E-4
2.5062996E-4
1.6251716E-4
2.3111128E-4
4.6178033E-5
2.153262E-4
1.7486728E-4
2.5781893E-4
2.2183577E-4
1.567736E-4
1.5842248E-4
2.4695235E-4
2.3048012E-4
2.5343397E-4
2.3270867E-4
2.3563472E-4
1.8421058E-4
3.330906E-4
2.6833257E-4
2.760862E-4
2.4059317E-4
3.1716673E-4
2.2995683E-4
3.7503443E-4
2.527181E-4
3.3643874E-4
2.5872703E-4
2.9215013E-4
2.4939587E-4
3.3917508E-4
3.269612E-4
2.3941255E-4
2.0342966E-4
3.541723E-4
3.4471418E-4
3.4040722E-4
3.1288847E-4
2.2978433E-4
3.0194432E-4
1.3898856E-4
1.9597437E-4
2.2086567E-4
2.031093E-4
1.1764112E-4
1.9128706E-4
1.0206088E-4
1.6181591E-4
1.0704138E-4
1.2796014E-4
1.0489992E-4
4.3293883E-5
5.3398944E-5
1.0170124E-4
-6.990781E-5
3.4546716E-5
1.08067834E-4
1.1804015E-5
2.025188E-5
-8.2873106E-5
-1.6193624E-5
-9.412671E-5
-8.3137755E-5
-5.0635725E-5
-4.6245223E-5
-5.443752E-5
-1.0639014E-4
-2.076597E-4
-1.4971312E-4
-1.8728757E-4
-1.3737312E-4
-1.1420757E-4
-1.0397E-4
-8.953576E-5
-1.4695888E-4
-1.7283522E-4
-1.5294598E-4
-7.195866E-5
-1.6620237E-4
-2.2331432E-4
-2.4562507E-4
-1.4603902E-4
-1.9502509E-4
-9.874833E-5
-7.071392E-5
-1.6043377E-5
-1.365439E-4
-1.4284713E-4
-1.6686677E-4
3.2504063E-6
-8.5146516E-5
-6.7426765E-5
-1.6286288E-4
-1.1934316E-4
-1.8629571E-4
-1.7068826E-4
-2.1690146E-4
-1.5881823E-4
-1.8878067E-4
-1.9021855E-4
-2.4913705E-4
-2.2764E-4
-2.067195E-4
-1.2558817E-4
-1.6405564E-4
-2.0357015E-4
-3.2698098E-4
-3.5877054E-4
-2.8337602E-4
-2.709404E-4
-2.1127368E-4
-3.0157677E-4
-2.1846355E-4
-2.8538707E-4
-1.9431546E-4
-2.5431855E-4
-1.2399063E-4
-2.4628703E-4
-1.8935646E-4
-2.5766183E-4
-2.8698015E-4
-2.0034764E-4
-1.8519035E-4
-2.2199057E-4
-1.9563976E-4
-1.688735E-4
-2.3372307E-4
-3.278594E-4
-3.2957105E-4
-1.7081159E-4
-2.312696E-4
-2.4812156E-4
-3.082829E-4
-2.9698573E-4
-2.4666553E-4
-1.7471475E-4
-1.9567514E-4
-1.9318661E-4
-2.0093002E-4
-1.509142E-4
-1.4436772E-4
-3.5798928E-6
-9.816118E-5
-1.230719E-4
1.1418867E-5
-1.4684694E-4
-1.4613643E-4
-7.440645E-5
2.9435723E-5
-2.898262E-6
1.00390125E-5
-3.2806915E-5
1.2084058E-4
4.804901E-5
1.8724274E-4
5.3777985E-5
1.620783E-4
5.3447784E-5
1.8433364E-4
1.445769E-4
1.8594023E-4
1.2851303E-4
1.6828321E-4
1.5481166E-4
2.3421833E-4
1.08515414E-4
1.9000436E-4
1.0986274E-4
1.5141655E-4
1.7463237E-4
1.7885862E-4
6.212533E-5
1.6088203E-4
1.20564044E-4
1.3219434E-4
-5.2070332E-5
1.6194498E-4
1.5478286E-4
1.05041705E-4
4.393158E-5
4.8957874E-5
7.04887E-5
4.7701204E-5
2.5688658E-5
4.08617E-5
1.2548194E-4
3.528787E-5
1.5743602E-5
7.632834E-5
2.962689E-5
9.899579E-5
4.7572055E-5
1.1795316E-4
-5.3689404E-5
8.1484206E-5
-9.976808E-6
-1.6377182E-5
-8.6746266E-5
6.689795E-5
-7.078358E-5
-4.57237E-5
-1.0289711E-4
-1.1689685E-5
-2.2402723E-5
6.540393E-5
8.438717E-6
-3.0842453E-5
7.282381E-5
7.3362084E-5
-7.832002E-5
6.579487E-5
-1.3241955E-6
5.0390456E-5
5.209815E-7
1.1627826E-4
3.8810245E-5
8.001488E-5
-1.2395736E-4
-3.412222E-5
1.7888988E-5
5.8014495E-5
4.4039516E-5
9.7431315E-5
6.3238017E-6
1.0865764E-6
5.291322E-5
2.466219E-4
5.42907E-5
2.0959972E-4
6.543349E-6
3.4297333E-5
5.2577543E-5
1.2241949E-4
1.4689495E-4
2.153245E-4
1.5905403E-4
2.0945109E-4
1.6687936E-4
1.670082E-4
5.5067896E-5
1.5037795E-4
1.1512218E-4
1.9889724E-4
1.7849737E-4
2.9242627E-4
1.6138826E-4
2.032579E-4
8.4037805E-5
2.1028076E-4
1.4898284E-4
1.6809683E-4
1.10546665E-4
1.9693543E-4
1.9511074E-4
2.1893883E-4
1.7157757E-4
2.1206193E-4
1.672254E-4
1.5080745E-4
1.436891E-4
1.3723827E-4
9.958987E-5
2.3546423E-5
7.915761E-5
1.4042019E-4
1.15666284E-4
6.717643E-5
3.7610593E-5
6.891084E-5
4.385122E-5
6.616552E-5
8.227664E-6
3.345513E-5
-1.7012866E-5
-2.7055097E-5
-5.230089E-5
-3.307749E-5
-8.772993E-5
-2.8496619E-5
-7.977238E-5
-1.302813E-4
-7.753453E-5
1.5808266E-5
-9.069852E-5
-8.4507796E-5
-2.1953533E-4
-1.0161399E-4
-9.326131E-5
-6.328113E-5
-1.0859878E-4
2.6967733E-5
-1.3065185E-4
-1.4764356E-4
-1.485964E-4
2.2494041E-5
-9.633594E-5
-3.1077892E-5
-1.6688912E-4
-4.0166782E-5
-9.241463E-5
-1.8824895E-4
-1.5564491E-4
-7.821455E-5
-7.164468E-5
-1.4086557E-4
-5.012258E-5
-2.2059167E-4
-1.1939668E-4
-8.587371E-5
-4.6608944E-5
-1.3199114E-4
-8.809245E-5
-7.1818766E-5
-2.434428E-4
-1.2787757E-4
-1.5599525E-4
-1.5175052E-4
-1.4458198E-4
-1.8818316E-4
-1.6035774E-4
-1.7747501E-4
-1.2417907E-4
-4.64064E-5
-1.6427829E-4
-4.7083926E-5
-9.3953895E-5
-9.8096585E-5
-1.05788495E-4
-1.02357946E-4
-1.097078E-4
-1.8092919E-4
-1.3877712E-4
-2.0219336E-4
-1.2500596E-4
-1.0656594E-4
-8.7445835E-5
-3.039847E-7
-1.1381838E-4
-9.6032E-5
-1.2432257E-4
4.1556494E-5
-3.7779228E-5
-4.216041E-5
-1.5534657E-4
-1.2944352E-4
-1.2891913E-4
-3.7966278E-5
1.2633038E-5
5.795874E-5
-3.861297E-5
-1.4073026E-4
-9.637015E-5
-1.3454178E-4
-1.11824156E-4
-6.675253E-5
-2.5554667E-5
-3.570061E-5
6.480985E-6
1.605111E-6
-8.648824E-6
3.2194836E-5
-6.253868E-5
5.3235675E-5
1.4879892E-5
-9.087656E-5
3.372608E-5
1.3415092E-4
9.003441E-5
1.5984075E-5
-8.575954E-6
3.950139E-5
6.526227E-5
1.1421312E-4
1.2145502E-4
5.4322725E-5
8.291333E-5
1.6803514E-4
5.22657E-5
1.7120327E-4
6.4106935E-5
2.0081057E-4
1.1298277E-4
1.8548359E-4
2.2608614E-4
1.3169594E-4
1.1389824E-4
1.9614812E-4
2.4188713E-4
2.4546398E-4
2.9755375E-4
1.5962623E-4
2.2574177E-4
2.004156E-4
1.730612E-4
8.783294E-5
1.4778694E-4
2.0851711E-4
2.8910642E-4
1.949871E-4
2.3816165E-4
1.8874726E-4
1.0232094E-4
1.5565622E-4
1.1018466E-4
1.1161947E-4
1.4479342E-4
4.5314682E-5
2.0644984E-4
1.3301268E-4
1.6785646E-4
8.4180094E-5
8.79004E-5
1.3976991E-4
8.7718174E-5
9.19639E-5
2.1670207E-4
9.332489E-5
3.392548E-5
7.020517E-5
1.0907257E-4
1.0363853E-4
1.0886969E-4
3.593449E-5
2.990562E-5
3.46095E-5
5.7178444E-5
2.3230996E-5
-5.5583747E-5
5.8524907E-5
3.9425853E-5
1.5216864E-5
4.5449786E-5
4.9282877E-5
8.3851024E-5
1.694976E-5
1.4210772E-4
-2.1421789E-5
-9.992746E-6
-1.4192065E-5
9.4270166E-5
5.460551E-5
1.3572045E-4
6.916904E-5
1.2805396E-4
7.913327E-5
-2.3200077E-5
4.80869E-5
1.3455025E-4
8.836569E-5
1.2476898E-4
7.706358E-5
1.0980926E-4
8.276774E-5
1.2520123E-5
-1.0930686E-5
2.4188881E-5
1.11638925E-4
-4.7584068E-5
-1.988657E-6
-4.627363E-5
-1.6030148E-5
-7.882368E-5
-8.532072E-5
-1.001589E-4
-1.3583736E-4
-1.5781698E-4
-9.675123E-5
-1.5782355E-4
-6.94756E-5
-1.6755545E-4
-8.171503E-5
-6.952483E-5
-6.92369E-5
-1.4672094E-4
-1.90414E-4
-2.1286699E-4
-2.33546E-4
-1.9160655E-4
-1.7322697E-4
-2.5576883E-4
-2.2532791E-4
-1.5364386E-4
-2.0505315E-4
-1.7108365E-4
-2.1082899E-4
-1.8785754E-4
-1.4193717E-4
-2.690601E-4
-2.7024338E-4
-2.5958964E-4
-1.2447531E-4
-2.6006816E-4
-3.0588012E-4
-3.262512E-4
-1.8212978E-4
-2.5604948E-4
-1.2432385E-4
-2.1165573E-4
-9.183383E-5
-2.1060354E-4
-1.6499315E-4
-2.1369896E-4
-9.9276986E-5
-3.449771E-4
-1.4470705E-4
-2.2983795E-4
-1.875367E-4
-2.0763706E-4
-2.3268213E-4
-2.905592E-4
-1.3458524E-4
-2.0705925E-4
-1.1617593E-4
-2.0572031E-4
-1.2702252E-4
-1.9390672E-4
-1.1914868E-4
-1.8095323E-4
-9.419228E-5
-1.7540429E-4
-2.5432775E-4
-1.4065614E-4
-5.1364725E-5
-1.6599643E-4
-7.4928466E-5
-1.21800884E-4
-3.17917E-5
-1.6859744E-4
-2.6336164E-5
-6.6038636E-5
-4.416339E-5
-1.5841443E-4
-7.4726624E-5
-7.922638E-5
8.243504E-5
-1.0648324E-4
-9.5326286E-5
-9.843172E-5
-1.21212935E-4
-9.490212E-5
8.215305E-5
-6.934589E-5
-3.981065E-5
3.4493954E-5
5.0262326E-5
-7.062197E-5
-7.116E-5
-9.867364E-5
-4.300384E-5
-3.2853903E-5
1.5731594E-5
-6.259648E-5
-1.0421628E-4
-8.3153536E-5
-3.2849366E-5
-7.8742174E-5
-1.6621423E-5
-1.0030556E-4
-8.9863155E-5
-8.652241E-5
-1.1768465E-5
-1.4455015E-4
-6.873993E-5
-1.4625727E-4
-5.1265746E-5
-1.302101E-4
-6.700479E-5
-2.444367E-5
-6.339212E-5
-6.519203E-5
-3.493181E-5
-9.436823E-5
-1.0125477E-4
-5.563943E-5
-4.6962898E-5
-1.1989332E-5
-2.2906128E-5
-8.4600586E-5
-1.4931486E-6
2.2310705E-5
5.377757E-5
-1.2373675E-5
-1.2640866E-5
-2.3708874E-6
-2.943512E-5
-1.0018924E-4
-1.3942686E-4
-1.5131605E-4
5.249951E-5
-6.603186E-5
5.3046915E-5
-7.867341E-5
-1.549748E-5
-6.48271E-5
-2.6353604E-5
-1.0722496E-4
-7.9977355E-5
-1.491078E-4
-8.9124645E-5
-4.7636742E-5
-1.0456476E-4
-8.0150276E-5
3.4756475E-5
-1.1609007E-4
-1.0894361E-4
-7.278068E-5
-6.8588924E-5
-1.5015024E-4
-8.190134E-5
-6.375546E-5
-2.0743297E-5
-2.1033182E-5
-2.7246952E-5
-3.168386E-5
-1.4102756E-5
1.7036104E-5
-7.459646E-5
-1.694415E-5
2.2455211E-5
-4.7056066E-5
2.6729851E-5
4.8858714E-5
3.227953E-5
6.715328E-5
2.3315572E-5
2.3573966E-5
6.7321744E-5
-2.5982077E-5
1.6628881E-5
2.703225E-5
7.935192E-5
1.1401817E-4
1.271906E-4
6.849499E-5
1.09093984E-4
6.9705085E-5
8.3363666E-5
8.697132E-5
1.5826063E-4
2.7454578E-5
9.6592994E-5
7.7549084E-5
1.1288081E-4
-4.620413E-5
4.4690325E-5
-1.4868805E-5
6.2956045E-5
-6.823593E-5
1.0724369E-4
-6.7280816E-6
2.0308933E-5
5.508025E-5
1.03121165E-4
-2.5004614E-5
-2.570524E-5
-5.287092E-6
-1.2201436E-5
4.0276576E-5
4.838284E-5
-7.246458E-5
-7.038867E-6
-5.5438795E-5
-2.6955484E-5
3.3743832E-5
7.780546E-5
6.975556E-5
-1.1954583E-5
-8.273204E-5
5.013029E-5
-3.831249E-5
-7.728226E-5
-8.409045E-5
4.5657893E-5
-4.9194223E-5
2.8139824E-5
-8.78818E-5
-2.7237365E-5
-1.0306053E-4
-2.5599697E-5
-1.20874036E-4
-1.2695135E-4
-2.1899537E-4
-9.370623E-5
-2.2523824E-4
-6.9692825E-5
-7.622045E-5
-9.716631E-5
-1.16063246E-4
-1.9608997E-5
-2.0101275E-4
-1.1574173E-4
-1.9611463E-4
-6.8524E-5
-4.4947683E-5
-4.7707625E-5
-1.6445648E-4
-1.9984345E-4
-1.8564581E-4
-1.2335146E-4
-1.3496967E-4
-1.8143187E-4
-2.0831438E-4
-2.0196859E-4
-6.842742E-5
-9.621736E-5
-1.7850433E-4
-2.089453E-4
-1.337031E-4
-1.8651757E-4
-1.4524956E-4
-1.4903293E-4
-1.4827338E-4
-4.8138256E-5
-1.4003136E-4
-1.5972217E-4
-1.301168E-4
-5.311704E-5
-2.8034495E-4
-1.2813421E-4
-1.5808841E-4
-4.6844307E-5
-1.5506742E-4
-1.8491852E-5
-1.2619201E-4
3.932604E-5
-6.588232E-5
-3.379211E-5
-9.449138E-5
-6.941775E-6
-6.8585876E-5
2.3718649E-5
-3.2789046E-7
6.613875E-6
-1.9717847E-5
2.6987113E-6
-9.870497E-6
2.0682875E-5
-6.973537E-5
4.1912546E-5
9.049536E-5
1.0837838E-4
6.625657E-5
9.1988484E-5
3.1757565E-5
2.2479613E-5
-2.071587E-5
1.416757E-4
6.4218475E-5
1.3450105E-4
3.4876233E-5
8.014274E-5
1.5219013E-4
1.2092719E-4
1.2790601E-4
8.005553E-5
9.7274984E-5
1.7311073E-4
8.241576E-5
9.82842E-5
1.1565726E-4
1.4506775E-4
1.5466104E-4
1.5738986E-4
1.5118795E-4
1.9520413E-4
7.351166E-5
2.590723E-4
1.7467308E-4
1.9252123E-4
1.2177464E-4
1.834978E-4
9.937155E-5
1.7389108E-4
9.912991E-5
1.7451363E-4
1.5570868E-4
1.0560551E-4
1.05015526E-4
2.5515104E-4
1.8950581E-4
1.538862E-4
1.5321487E-4
2.489694E-4
1.3314608E-4
1.6934349E-4
1.4293847E-4
1.4741678E-4
5.6504123E-5
8.263413E-5
9.215384E-5
1.2926527E-4
9.938026E-5
6.945788E-5
9.71667E-5
1.1975529E-4
5.2045907E-5
1.0253753E-4
7.9094716E-5
8.576494E-5
8.371019E-6
2.1066238E-5
5.6945237E-7
2.3173586E-6
-5.823346E-5
3.2256103E-5
5.498506E-5
3.0251306E-6
-1.6916476E-5
-8.959062E-5
-1.1050193E-4
-5.430324E-5
-1.427603E-4
-6.0134284E-5
-1.9637238E-4
-1.3037272E-4
-2.4666704E-4
-6.6598E-5
-1.7977793E-4
-6.233093E-5
-2.809693E-4
-1.4041018E-4
-9.149812E-5
-2.0951932E-4
-1.7879345E-4
-2.1761903E-4
-1.7150665E-4
-9.403282E-5
-1.8046754E-4
-1.7933149E-4
-2.0825045E-4
-2.0609768E-4
-2.8060953E-4
-1.5661228E-4
-2.4813766E-4
-1.3650145E-4
-1.9669971E-4
-1.8030356E-4
-2.4326795E-4
-1.7198913E-4
-1.8498927E-4
-1.5656078E-4
-2.4035815E-4
-1.1645947E-4
-2.6098406E-4
-1.0457302E-4
-1.9646874E-4
-1.4589203E-4
-2.4863725E-4
-8.933813E-5
-2.270949E-4
-1.6955791E-4
-2.1857441E-4
-1.3849293E-4
-1.8282757E-4
-1.1656053E-4
-1.7208522E-4
-7.972982E-5
-7.568456E-5
-4.375929E-5
-2.3104817E-4
-7.395766E-5
-7.639084E-5
-8.787435E-6
-7.592544E-5
-5.1413295E-5
-9.587343E-5
2.3916924E-5
4.8680442E-5
2.7308712E-5
4.4684697E-7
-4.193737E-5
-9.794336E-5
5.980891E-5
-9.331815E-5
1.5083851E-5
-1.5457805E-4
-5.7933077E-5
3.5100642E-5
8.098486E-6
-6.076355E-5
7.16143E-5
1.0883673E-4
8.6699925E-5
-1.4765888E-5
1.5169296E-4
7.237098E-7
7.7683166E-5
9.989329E-5
3.770577E-5
-7.921667E-5
1.0139804E-4
2.2276822E-6
1.4774359E-4
1.0798466E-5
1.5045454E-4
2.7304386E-5
1.6034559E-4
6.993837E-5
9.663702E-5
5.0305873E-5
2.1617957E-4
6.515979E-5
1.14226714E-4
4.969766E-6
1.7230476E-4
6.9415604E-5
1.2416256E-4
6.283946E-5
1.1388294E-4
-4.9465947E-5
5.1559182E-5
8.265678E-5
4.4976583E-5
-2.1545879E-5
4.643719E-5
-4.9170827E-5
1.9824047E-5
-6.366311E-6
6.5456865E-5
5.892525E-5
-6.1158906E-5
-1.6511853E-4
5.4419916E-6
-8.519141E-5
-2.6770587E-5
-1.2227613E-4
-6.081047E-5
-1.0046151E-4
-2.0650648E-5
-1.5527816E-4
-1.3111415E-4
-1.04672006E-4
-5.6270044E-5
-1.2403772E-4
-5.8043635E-5
-1.4786237E-4
7.2773105E-6
-1.0328854E-4
-5.4047236E-5
-1.197482E-4
-2.9349096E-6
-1.4218625E-4
-4.763101E-5
-2.3600511E-4
3.0490166E-5
-1.9732468E-4
7.767234E-5
-5.289774E-5
4.5475765E-5
-1.12627524E-4
-1.7095344E-5
-2.5447114E-5
5.436205E-5
-6.213461E-5
-3.204898E-5
-7.317702E-5
8.208784E-5
3.4856977E-5
4.6531513E-5
7.534532E-6
-2.4663963E-5
3.8921742E-5
9.737544E-5
1.6676831E-4
1.06050386E-4
6.207867E-5
1.4295525E-4
1.2853659E-4
1.6480831E-4
1.2668167E-4
1.5905187E-4
1.1670875E-4
1.3798961E-4
1.5878903E-4
2.7365892E-4
1.2062265E-4
1.9557127E-4
1.9975404E-4
1.951781E-4
8.739394E-5
1.3794602E-4
4.9709597E-5
1.5822807E-4
9.6421485E-5
1.726274E-4
3.05807E-5
4.7553844E-5
4.7766473E-5
9.193378E-5
3.8469592E-5
8.76678E-5
-2.2234592E-5
5.1623538E-5
-1.4289003E-4
-1.2332029E-5
-1.17091215E-4
-6.987179E-5
-1.09142195E-4
-2.9091794E-5
-1.1504051E-4
4.9445243E-5
-7.234562E-5
4.042125E-5
-5.1736373E-5
-1.5646199E-4
-1.2328655E-4
-1.5821264E-4
-7.046521E-5
-3.1648473E-5
-1.4900933E-4
-9.677635E-5
-2.219556E-4
-6.293475E-5
-1.0141774E-4
-8.739583E-5
-1.3044926E-4
-1.6090367E-4
-1.8754262E-4
-8.592941E-5
-1.686745E-4
-1.1468436E-4
-1.386405E-4
-1.2465983E-4
-2.0213265E-4
-1.3989846E-4
-1.9483012E-4
-9.037086E-5
-2.7617716E-4
-8.183285E-5
-1.0811188E-4
-1.0936301E-4
-3.0727382E-4
-1.5302777E-4
-2.611184E-4
-1.4397685E-4
-2.674499E-4
-1.470649E-4
-1.7240515E-4
-2.4328468E-4
-3.0831227E-4
-1.3558177E-4
-1.8369312E-4
-1.3756336E-4
-2.7944072E-4
-1.5972031E-4
-1.9932239E-4
-5.4847624E-5
-1.7567385E-4
-1.4805136E-4
-2.502155E-4
-1.5330454E-4
-2.4201882E-4
-1.6374384E-4
-3.1789244E-4
-1.8018481E-4
-3.3241685E-4
-2.0605417E-4
-1.501876E-4
-2.4415654E-4
-3.073466E-4
-1.4588005E-4
-2.01538E-4
-1.6507722E-4
-2.0142076E-4
-9.340921E-5
-1.7215716E-4
-1.327948E-4
-2.2783765E-4
-7.90483E-5
-2.285795E-4
-9.846957E-5
-2.4068823E-4
-2.0666299E-5
-1.9156028E-4
-7.5502307E-6
-2.728202E-4
-8.481812E-5
-2.6530807E-4
-9.313239E-5
-1.8932052E-4
-2.2796936E-5
-1.0231646E-4
-1.19064025E-4
-1.6231737E-4
-8.078082E-5
-1.583921E-4
-1.178278E-4
-2.0425876E-4
-8.99349E-5
-1.3611677E-4
-8.035247E-5
-2.3126793E-4
-1.02857004E-4
-2.1890076E-4
-9.551195E-5
-2.2506798E-4
-8.623134E-5
-1.9323813E-4
-2.5883723E-5
-2.0193149E-4
-5.7181187E-5
-2.0008598E-4
-6.611839E-5
-1.6822871E-4
-1.28417E-4
-1.8532042E-4
-3.2423846E-5
-2.8558978E-4
-8.120734E-5
-1.7191347E-4
-9.709455E-5
-2.1209409E-4
8.249992E-6
-1.790832E-4
-1.5600375E-5
-2.1803647E-4
-3.3819004E-5
-1.857371E-4
-1.5639637E-6
-1.443965E-4
2.165457E-5
-1.4389592E-4
9.652994E-6
-9.601902E-5
7.1901544E-5
-1.0642055E-4
-2.6840285E-6
-1.3993503E-4
-1.2532647E-5
-8.344654E-5
2.2993034E-5
-3.942232E-5
3.79021E-5
-3.4550452E-5
9.681864E-5
-3.416659E-5
6.496766E-5
-6.914004E-5
1.4879707E-5
4.03823E-6
8.3088446E-5
-7.304926E-5
9.523614E-5
-1.1089921E-5
1.07218555E-4
6.4614724E-5
2.1353587E-4
4.6874255E-5
2.2281529E-4
5.2448402E-5
2.1515055E-4
7.20478E-5
2.102833E-4
1.956817E-4
2.8720236E-4
2.0022097E-4
3.4141168E-4
1.9106982E-4
3.0122232E-4
1.3201915E-4
3.4099637E-4
2.7399388E-4
4.3132112E-4
2.7524558E-4
4.6978184E-4
2.5928757E-4
4.1931358E-4
2.2309671E-4
3.164676E-4
1.8817937E-4
4.2020966E-4
2.1361919E-4
3.0437318E-4
1.0657931E-4
3.1449093E-4
1.6671848E-4
2.7594678E-4
6.711746E-5
2.0417079E-4
-9.274849E-6
1.5150374E-4
4.824221E-5
1.7571548E-4
1.4840541E-4
1.231869E-4
1.5101934E-4
1.5686931E-4
1.0334614E-4
1.2177005E-4
5.5764114E-5
9.1851754E-5
9.356128E-5
1.7408868E-4
-2.7972905E-5
7.544259E-5
1.0024542E-5
7.774896E-5
-3.67495E-5
1.8830959E-5
-1.2582818E-4
7.542913E-5
-1.6960417E-4
2.1794222E-5
-2.3558254E-4
-2.8927841E-5
-1.7238995E-4
-4.80646E-6
-2.011898E-4
-1.6972743E-4
-3.3875872E-4
-1.1046113E-4
-2.592814E-4
-1.1791248E-4
-4.220125E-4
-2.6868016E-4
-2.6943878E-4
-2.180045E-4
-2.8866838E-4
-1.8541323E-4
-3.6005318E-4
-2.1935471E-4
-3.9224344E-4
-1.8664575E-4
-3.8990748E-4
-3.052059E-4
-3.6060903E-4
-3.1391048E-4
-3.7368917E-4
-2.6665113E-4
-3.7649233E-4
-2.4164034E-4
-3.2811824E-4
-1.5289758E-4
-2.854835E-4
-1.8971832E-4
-2.0254159E-4
-8.794834E-5
-1.9318069E-4
-2.014752E-5
-2.2836123E-4
1.5737818E-5
-1.2358025E-4
2.2553482E-5
-2.1601927E-4
-5.628211E-5
-1.8050641E-4
-6.8123954E-5
-1.6723218E-4
4.797506E-5
-2.049041E-4
-4.6998917E-5
-1.6333057E-4
4.2115393E-5
-2.8997543E-4
1.1401094E-4
-2.0369224E-4
1.0971874E-5
-1.0904857E-4
-2.7975946E-4
-1.9610394E-5
1.1456736E-4
-1.2950719E-4
-4.3338518E-5
-1.4575965E-4
-3.507718E-5
-1.6416244E-4
-5.2100713E-5
-1.6134296E-4
5.571601E-5
-8.8521876E-5
9.122103E-5
-2.1304883E-4
8.1063E-5
-2.1988797E-4
1.564682E-4
-2.8420746E-4
2.562984E-4
-3.2362324E-4
3.1482658E-4
-2.412507E-4
1.4520824E-4
2.0655528E-4
-8.52053E-4
5.930857E-4
3.7911162E-4
-2.0646476E-4
1.6450744E-5
5.9129245E-5
4.9236547E-5
-4.6465895E-5
1.643001E-4
-1.5557172E-4
4.2919884E-5
-1.8800738E-4
5.04357E-5
-1.0288891E-4
9.124005E-5
-2.372471E-4
5.847904E-5
-3.121697E-4
-2.0020858E-5
-3.693891E-4
-6.380265E-5
-2.2891787E-4
-1.1683675E-5
-3.9889928E-4
-1.1595456E-4
-3.5907206E-4
-1.6996499E-4
-3.3659654E-4
-1.0255795E-4
-2.2747795E-4
-2.4872237E-5
-2.2966687E-4
4.006819E-5
-2.689582E-4
-1.2077979E-4
-2.3027892E-4
6.4338405E-5
-1.5675418E-4
1.107715E-4
-9.9005294E-5
1.651557E-4
-1.7689467E-4
8.166677E-7
-1.5660518E-4
4.8190846E-5
-1.0305694E-4
1.2568457E-4
-1.6320877E-4
-3.4888433E-7
-2.888272E-4
-7.028325E-5
-1.8139662E-4
1.7178003E-4
-2.2485727E-4
1.8566244E-4
-2.007053E-4
6.6086024E-5
-2.0723401E-4
1.0357269E-4
-2.3518597E-4
1.00757716E-4
-1.5017169E-4
9.778557E-5
-1.5832955E-4
1.361454E-4
-9.958987E-5
5.7441757E-5
-2.196621E-4
5.8990434E-5
-9.4845294E-5
2.0320277E-4
-9.701366E-6
2.0963029E-4
-9.808529E-6
2.3511941E-4
3.727019E-5
1.7542863E-4
8.263015E-5
3.1382317E-4
1.4209337E-4
3.3212834E-4
2.5367335E-4
3.409284E-4
2.686275E-4
3.827735E-4
2.3915047E-4
2.5970978E-4
2.1518407E-4
1.0418141E-4
3.528841E-4
-1.5715201E-4
5.060027E-4
-4.981026E-4
6.536627E-4
-0.0012622926
0.0011497405
-0.0021691509
0.002163902
-0.0033325525
0.0038008126
-0.0052216686
0.0055902083
-0.0076422715
0.008041594
-0.010107044
0.011044248
-0.012693826
0.014277261
-0.015588562
0.016812442
-0.01820118
0.018476507
-0.0194801
0.019220207
-0.018932639
0.018710542
-0.013958058
-0.004660061
0.05647499
-0.12715785
0.23166193
-0.26305467
0.33980972
-0.3277351
-0.4610575
0.85411274
0.55451775
-0.55879104
-1.0
-0.55251294
-0.15933678
0.40066552
0.5931053
0.67299664
0.39194965
0.095096484
-0.13168876
-0.087415636
0.05873172
0.26345807
0.2502071
0.14003445
0.06988616
-0.05977106
-0.13992584
-0.12604657
-0.11547745
-0.105613135
-0.1368761
-0.13467161
-0.15994546
-0.14937435
-0.14452925
-0.16912428
-0.16834913
-0.12314385
-0.12743819
-0.1964051
-0.1172316
-0.09550652
-0.053470574
-0.108039275
-0.025917325
-0.07727022
0.09453734
-0.040898122
0.06116267
0.007511111
-0.003764922
0.20123455
-0.48412275
0.16175094
0.60390663
-0.05978491
-0.43466985
-0.24494147
-0.028228937
0.21570498
0.41195303
0.3390191
0.24611601
0.1450732
0.12888077
0.074559405
0.064602375
0.104134575
0.14711541
0.10482884
0.0046621114
-0.03460898
-0.074474946
-0.08568463
-0.058093127
-0.08192918
-0.111301675
-0.08405045
-0.01779121
-0.007588001
-0.038072925
-0.0473498
-0.039289176
-0.07929268
-0.09059709
-0.07736661
-0.061545793
-0.043515157
-0.018161617
0.018809047
0.06585751
0.049732264
-0.024186336
-0.048355535
-0.023728414
0.016209701
0.057893604
0.09091858
0.097465016
0.06900473
0.025898568
0.012912192
0.021982322
0.04484019
0.07876109
0.10583826
0.09251336
0.07795215
0.05983705
0.018025378
0.011313917
0.02875855
0.047808055
0.060575046
0.06954393
0.06460807
0.041441612
0.014867488
0.0071481066
0.02028771
0.03184968
0.041470803
0.049908523
0.049087815
0.056382976
0.037863966
0.013510021
0.01491271
0.011353565
0.01068328
0.011012351
0.0137887215
0.014995914
0.011692165
0.013864799
0.005818692
-0.021991646
-0.031692307
-0.025918031
-0.018235544
-0.0077698757
-0.004631439
-0.008695706
-0.021020733
-0.024478404
-0.033928838
-0.03483811
-0.023616454
-0.016468644
-0.00789863
-0.008332397
-0.011369795
-0.021468142
-0.029293863
-0.021673553
-0.016125923
-0.015050982
-0.007921949
-0.00987997
-0.011164443
-0.015047453
-0.010921211
-0.00980552
-0.013752614
-0.0101719415
-0.009712963
-0.014215344
-0.019409014
-0.01738616
-0.013763813
-0.014571877
-0.017701872
-0.018486569
-0.02177093
-0.021895602
-0.022222668
-0.014809215
-0.017680021
-0.021170473
-0.024524719
-0.02842107
-0.032663893
-0.036547177
-0.03237061
-0.029915467
-0.030585373
-0.030266693
-0.029902207
-0.02881578
-0.028880903
-0.03255496
-0.031413488
-0.033734627
-0.0342916
-0.03111645
-0.026550544
-0.023182038
-0.021834511
-0.021451885
-0.022253653
-0.023190731
-0.02089586
-0.015289106
-0.009276496
-0.008485335
-0.007943761
-0.008171527
-0.008343845
-0.008775015
-0.008287004
-0.0072422884
-0.006085854
-0.004928011
-0.004285027
-0.0040516234
-0.0040693716
-0.0041286913
-0.0038396788
-0.0032414543
-0.0024686756
-0.0015737459
-9.272336E-4
-6.294843E-4
-6.2537723E-4
-5.472814E-4
-4.3086804E-4
-3.725218E-4
-2.7242088E-4
-1.4249704E-4
-3.312149E-5
4.266216E-6
6.4411843E-6
9.1982207E-7
0.0
